_RESULTS/CROSS_VALIDATION_POSTPROCESSED/Berg/GZ/4comp/5/Berg_GZ_z_90_kriged_reverse_4comp_spherical_5.asc
ncols 100
nrows 90
xllcorner  5.6208707817415728
yllcorner 50.959635321741573
cellsize 0.00013419651685393446
nodata_value 1.7014100000000001E+038
[rows 0 to 18 of 90, columns 43 to 85 of 100]
0.5255684275062955 0.5023058408214354 0.4792235015626583 0.4565042418468745 0.4343071563954458 0.41276762680512413 0.40802697900567486 0.42940239819949527 0.4514625958103996 0.4740774624743883 0.49709325730515386 0.5203324583697696 0.5435391021616647 0.5660135836858885 0.587516803343572 0.6079457952472198 0.6271942219599873 0.6451466523248282 0.661672211143425 0.6766181625896271 0.6898041446896179 0.7010178739029448 0.7100131527942275 0.7165109214912904 0.7202039012653578 0.7218515700670591 0.7235996163727793 0.7253603979921159 0.7269371036049013 0.7281119115250689 0.7286514638378254 0.7286626772943817 0.7286626772943817 0.7286626772943817 0.7286626772943817 0.7286626772943817 0.7286626772943817 0.7286626772943817 0.7286626772943817 0.7286626772943817 0.7286626772943817 0.7286626772943817 0.7286626772943817
0.5276214020420469 0.50478717856285 0.4823340953295315 0.46065876900524255 0.44055521151401666 0.4247226281313159 0.4225621547454056 0.4364379248449563 0.4559562995029189 0.4773744979818306 0.499693835353659 0.5220673187799162 0.5437718253813298 0.564674118350615 0.5846735888359827 0.6036848935182032 0.6216271074576294 0.6384142701924733 0.6539461979647874 0.668099558175138 0.6807197717068116 0.6916146155583653 0.7005505048280068 0.7072523503711521 0.7114076412482166 0.7138246233526966 0.7165528791445261 0.7194673247191183 0.7223517105755478 0.7249675098820002 0.727059883092135 0.728363629088576 0.7286626772943817 0.7286626772943817 0.7286626772943817 0.7286626772943817 0.7286626772943817 0.7286626772943817 0.7286626772943817 0.7286626772943817 0.7286626772943817 0.7286626772943817 0.7286626772943817
0.5335956781309591 0.5119244197566362 0.4910871715201721 0.47181747004436625 0.45548459929380775 0.44481662441650754 0.44360772426367173 0.45245910971192943 0.46781952723636744 0.4865553393135173 0.5063353423486316 0.526089739559484 0.5454411664096439 0.5641734386243141 0.5821524535208319 0.5992878477174731 0.6155104415037772 0.6307558090321204 0.6449502329558177 0.6579978770531564 0.6697693032541282 0.6800921531058721 0.6887451109748108 0.6954562267960646 0.6999063586387179 0.7031025954245282 0.7068483723179462 0.7109566290147564 0.7151899070130556 0.7192876454499764 0.7229727138467564 0.7259577046525787 0.7279509733444305 0.7286626772943817 0.7286626772943817 0.7286626772943817 0.7286626772943817 0.7286626772943817 0.7286626772943817 0.7286626772943817 0.7286626772943817 0.7286626772943817 0.7286626772943817
0.5430032017367293 0.5229537207435098 0.5041822510171191 0.48756331206482545 0.4744184112238951 0.4665747843849599 0.46573546877797833 0.4721215904952887 0.48418768501824516 0.49913786051254805 0.5153088723157639 0.5318730253438148 0.548339615235931 0.5644182357948888 0.5799367128300845 0.5947930155336473 0.6089244837257967 0.6222851305058976 0.6348265162267474 0.6464804335557854 0.657143305601332 0.6666632134545725 0.674830958041503 0.6813765434753167 0.685973017240849 0.6900049039601995 0.6948067067260041 0.7001483597996938 0.70576888152191 0.7113840161028077 0.7166934013880014 0.7213871695631754 0.7251520443597627 0.7276770815728886 0.7286592227281954 0.7286626772943817 0.7286626772943817 0.7286626772943817 0.7286626772943817 0.7286626772943817 0.7286626772943817 0.7286626772943817 0.7286626772943817
0.5551885567281747 0.5369595675796545 0.5202955201697107 0.5060403301108882 0.49525196167956326 0.48909503027355206 0.48845118989883624 0.4933854530749626 0.5021519459299911 0.5132599121010667 0.5257389368170122 0.5388552388844325 0.5521121116641838 0.5651936835708291 0.5779102527985834 0.5901565931599682 0.6018805184180872 0.6130572500335213 0.6236664662954363 0.6336706483247682 0.6429948975722891 0.6515095992371529 0.6590179565339619 0.6652503630230652 0.6699406886511364 0.6748680753889188 0.6807678298848354 0.6873838018761408 0.6944285100311063 0.7015919984306751 0.708549663374958 0.7149690546405644 0.7205158574024941 0.7248593401597193 0.7276775478330786 0.7286626772943817 0.7286626772943817 0.7286626772943817 0.7286626772943817 0.7286626772943817 0.7286626772943817 0.7286626772943817 0.7286626772943817
0.5677351240003832 0.5515629308201039 0.537219364472436 0.5253642737296482 0.5167212941056324 0.5119639617463437 0.5115119561419436 0.5146578647079414 0.5203355103315219 0.5279583613818892 0.5368644318161508 0.546478288451739 0.5563669734576547 0.566236557013069 0.5759078101319817 0.5852884956616707 0.5943470664093329 0.6030875842617972 0.6115246480860845 0.6196578034095722 0.6274462825473467 0.6347863606403625 0.6414945031078074 0.6472993256018774 0.6521716912187255 0.658041298147218 0.6650870328295139 0.6730216749676212 0.6815274996669464 0.6902665515687991 0.698889047783754 0.7070401381687242 0.7143654803383 0.720516122480028 0.725153114674095 0.7279521569440065 0.7286626772943817 0.7286626772943817 0.7286626772943817 0.7286626772943817 0.7286626772943817 0.7286626772943817 0.7286626772943817
0.5786681248416028 0.5645675091093374 0.5524597494361215 0.5428652894309565 0.5362964378940874 0.5331758404028674 0.5332024638672227 0.5349850202256633 0.5381823807269511 0.5426147115539843 0.5481213211795571 0.5542816742037837 0.5607539078698254 0.5672956835445659 0.5737613494068398 0.5800882017885345 0.5862777346888437 0.5923734350748775 0.5984349707314189 0.6045088373138162 0.6105970616265995 0.6166276283879765 0.6224317798211648 0.627733098783911 0.6330135821852816 0.6398834837235264 0.6481325085259835 0.6574357684326678 0.6674407470530603 0.6777790737959986 0.688075193076706 0.6979526169188965 0.7070386317262624 0.7149682397285158 0.7213879178477486 0.7259595720318018 0.728364896994374 0.7286626772943817 0.7286626772943817 0.7286626772943817 0.7286626772943817 0.7286626772943817 0.7286626772943817
0.587377607984147 0.5753005952895385 0.5653152018712306 0.5578181776517166 0.5531647034177389 0.5514968167158538 0.5513745388919524 0.5523457522023008 0.5542264626773561 0.5566368701719037 0.5591298196189746 0.5619306981140286 0.5650041130141485 0.5681718890940758 0.5713359783959532 0.5744758271320515 0.5776374673804915 0.5809155048590221 0.5844275529371573 0.5882808725835719 0.5925331807334139 0.5971531505330062 0.601989121096018 0.6067822753059766 0.6128178608286495 0.6207624552821094 0.6302850071967538 0.6410143992633335 0.6525581226090932 0.6645152762848592 0.6764847565378609 0.6880701849177622 0.6988830691505 0.7085453253782383 0.7166918878141026 0.7229738074475213 0.7270620173098915 0.7286518013691343 0.7286626772943817 0.7286626772943817 0.7286626772943817 0.7286626772943817 0.7286626772943817
0.5933730194142729 0.5832439285171185 0.575275185822208 0.5697602056636524 0.5669362845010479 0.5660930266574038 0.5658681618145119 0.5662643051749943 0.5671315660779059 0.568174359286153 0.569006079284836 0.5692084296892407 0.5689435186337968 0.5687396403878486 0.568554597232934 0.5684170242099682 0.5684260436129801 0.5687386616532439 0.5695456456616603 0.5710337827083924 0.573335664937147 0.5764747238122424 0.5803199645958756 0.5849866683237721 0.5919408042542142 0.6010572116139239 0.6119403284433151 0.6241621226322247 0.6372848205502758 0.6508740101033369 0.6645048385478859 0.6777643140460636 0.6902520193168391 0.7015806834254034 0.7113773774773734 0.7192856580506658 0.7249687283950573 0.728113555969163 0.7286626772943817 0.7286626772943817 0.7286626772943817 0.7286626772943817 0.7286626772943817
0.5962906602766408 0.5880235361753671 0.5819798666408725 0.5783674246191053 0.577215549581988 0.5768161013519182 0.5766546655304494 0.576720158124988 0.5768684999677074 0.5768472099004918 0.5763339352579856 0.574980789202705 0.5724568917688253 0.568956014208475 0.5654135319710497 0.5619426467782338 0.5586995474781493 0.5559128139285183 0.5538633861011852 0.5528430523650664 0.5530887458520671 0.554701924892123 0.5575886363139616 0.562749438036002 0.5707487008352348 0.5811647497608736 0.5935156169241546 0.6073040742976518 0.6220432075423563 0.637266733626135 0.6525305093120672 0.667410363878984 0.681499345064788 0.6944058872628142 0.7057534650401671 0.7151818116726293 0.72234956870219 0.7269381569042827 0.728656646454966 0.7286626772943817 0.7286626772943817 0.7286626772943817 0.7286626772943817
0.595891554491825 0.5893981648592705 0.5852019601836792 0.5834381640212369 0.5835552778994837 0.5837095867908619 0.5838139707293671 0.5838096513057826 0.5835381006225144 0.5827612610060681 0.581191115490949 0.5785246283039847 0.5744796892347798 0.5688286426486241 0.5619917122072653 0.5551649072694441 0.5485917462536566 0.5425764645179905 0.5375071002304679 0.5338146952343739 0.5318876338330564 0.5319467774044179 0.5344041355871428 0.5404079955783279 0.5496304450019615 0.5615137503762077 0.5754605700481007 0.590893011451635 0.6072756311070038 0.6241168719044372 0.6409617228521443 0.6573829441699739 0.6729740317226068 0.6873448513589574 0.7001199036505256 0.7109388503214712 0.719458875962638 0.7253584970137368 0.7283424914203603 0.7286626772943817 0.7286626772943817 0.7286626772943817 0.7286626772943817
0.5920547795241015 0.5872483463530432 0.5848345616239193 0.5848843860437793 0.5860293510448238 0.5869179008883721 0.5875218518678907 0.5877269018228395 0.5873445487555059 0.5861303233292934 0.5838080231189169 0.5800983421081979 0.5747496928084188 0.5675692083619429 0.5584525244818147 0.5482909047427893 0.538337483743125 0.5289672622580764 0.5206860206059002 0.5141069452920266 0.5098473426891487 0.5084482020300992 0.511257087610966 0.5183243905680148 0.5290230592903489 0.5425884594136176 0.5582743185278851 0.5754181792775088 0.5934467186761413 0.6118576448722497 0.6301985010136646 0.6480497541554048 0.6650135009858764 0.6807070900635138 0.6947605700568742 0.7068169990078157 0.7165348714637625 0.7235921139470058 0.7276912427849823 0.7286626772943817 0.7286626772943817 0.7286805474495154 0.7288537876769373
0.5847684599659775 0.5815660197766401 0.5808817466584943 0.5826320868575582 0.5848344066658531 0.5866720110050415 0.5880344898488852 0.5887440009994493 0.5885700362653523 0.5872466956119687 0.5844932351475112 0.5800378103406105 0.5736436914754377 0.5651371050214149 0.5544362953176504 0.5416315660375575 0.5282983087188595 0.5154650634255592 0.5037439433489358 0.4939705388544921 0.48713526655991757 0.4850155200485688 0.4884441961720791 0.4969272700617992 0.5094604087577309 0.5249664919795052 0.5425268032306942 0.561412932781124 0.5810421312678715 0.6009260775293379 0.6206328993206256 0.6397630270481216 0.6579352918690199 0.6747799539436651 0.689936345684082 0.7030536319357086 0.7137937274209466 0.7218357430608644 0.7268815334901795 0.7286922843384795 0.7289922696920529 0.729532216432143 0.7302181517357821
0.5741192377668254 0.572444243490743 0.57345027750857 0.5767897423727552 0.5802477121268502 0.5832749998180924 0.5856724800599564 0.5871913159089449 0.587550283212831 0.5864522049351388 0.5836012828317497 0.5787223691374801 0.5715824340855945 0.5620141161069905 0.5499415813440293 0.5354102335081179 0.5189838808810907 0.5026501512563436 0.4872524949149569 0.47384131263937845 0.46466142733786064 0.46194199953347603 0.46632240599912467 0.4768089751794485 0.491661687394145 0.5093704590335938 0.5288775842787901 0.5494539085415594 0.5705586788641509 0.591750183997703 0.6126361947007787 0.632847879430128 0.6520268701462796 0.6698198319360595 0.6858775176370745 0.6998566578142064 0.7114237427483017 0.7202601227369763 0.7262889459693007 0.7294334348935152 0.7304569794819366 0.7315916900141526 0.7328194148620384
0.5602804812167042 0.5600667305552703 0.5627418813054692 0.5676776455251744 0.5726147352713975 0.5770895242062941 0.5808063020729844 0.5834393086918467 0.5846517102821003 0.5841104761804079 0.5815002020073485 0.5765378434952861 0.5689891757278664 0.5586870648051222 0.5455516492217924 0.5296137186053542 0.5110467369368148 0.4913598556821868 0.4721772974326461 0.45524982155012905 0.44320989310467335 0.4394061635404428 0.44546967040928 0.45895526551236754 0.47667244861787716 0.49671475570193246 0.5180721663677178 0.5401390246459761 0.5624793110238469 0.5847265537096494 0.6065403901798798 0.6275874886146114 0.6475338033613969 0.666042638519154 0.6827760067936995 0.6973980479960964 0.7095964381543209 0.719454439202859 0.726770488137453 0.731158007491056 0.7330021802587552 0.7347647521130406 0.7365695512810844
0.5434994329367767 0.5446974695751816 0.5490466388926687 0.5556815119466197 0.5623410291682436 0.5685288615147169 0.5738447417754083 0.577883059647998 0.5802102711375948 0.5804641100054284 0.578386920581704 0.5737165060049441 0.5661959878675491 0.5555905522971276 0.5417979122671622 0.5248815451620729 0.5049702994777374 0.4827226348172848 0.4608855317833599 0.4406033027448547 0.4239225191271144 0.41758253726843525 0.42734223360924983 0.4452386107116266 0.46599705663153335 0.488079009687308 0.5108790748468708 0.534029533890552 0.5572285675466708 0.5801879410231776 0.6026148939274302 0.6242061633668645 0.6446472369477991 0.6636143205706163 0.6807779738753416 0.6958420006047092 0.7089748248648537 0.7199561084240119 0.7283803255595827 0.7338446266931493 0.7365262797536465 0.7389556649657928 0.7413795949729096
0.5240837194846226 0.5266716012854653 0.5327394269852195 0.541250025381979 0.5497734843507665 0.5573462806560759 0.5636422770496111 0.568398505151852 0.5713629254992778 0.572287412977367 0.5709207139880068 0.5670061279825331 0.5602861359371439 0.5505144919180815 0.5374750449620836 0.5210055622240303 0.501295705234519 0.478928681009043 0.4559584095371673 0.4335795615018325 0.41200545921250753 0.39723542752383667 0.41706568760727275 0.4388616383058039 0.4613979181527398 0.4844832938858844 0.5079356034664356 0.5315535888657709 0.5551128066423252 0.5783654935694437 0.6010419266514628 0.6228527788749567 0.6434923326248536 0.6626424917350094 0.679999324238872 0.695771825011189 0.7098142778460288 0.7217187669469921 0.7310665341292478 0.7374375432622674 0.7409231903185146 0.7440643044939382 0.7471568069963787
0.5023880775863596 0.5063904264936233 0.5139632724378534 0.5233853237514107 0.5324411579345755 0.5406293160690866 0.5476078854643963 0.5530911529249523 0.5568333869558997 0.5586073720636848 0.5581869465600168 0.5553376075191021 0.5498166848803893 0.5413832387572325 0.5299671647070211 0.515800461497647 0.4989186819133259 0.47943022819575476 0.4583104225551252 0.4375121769260848 0.41911289694936465 0.41127690912958803 0.4230478059267195 0.44241069867114907 0.4639238010527068 0.48644772473741643 0.5095396458062162 0.532901017592836 0.5562633109428659 0.5793560296885066 0.6018966230767678 0.6235880480429148 0.6441197358434971 0.6631709166994326 0.6808816609242847 0.6973011965848345 0.7120317690717206 0.7246547791702718 0.7347375333952464 0.7418423461908296 0.7460792644654856 0.7499828623961611 0.7538013244914205
0.47873155784619315 0.4829742202483697 0.49059890226586195 0.5004762859365219 0.5102114115663361 0.5191219827591732 0.5268282234939705 0.5330596454016031 0.537610836054281 0.5403028702667436 0.5409560260007129 0.5394100665444564 0.535649615081715 0.5295890538211202 0.5211457619806348 0.5102770246141015 0.4970170784925122 0.48153961735981127 0.46460162893542567 0.4489438024128417 0.43698079937924494 0.43284224919471515 0.43968538781621785 0.45433060436887024 0.47297221184272104 0.4936801339685981 0.5155259047738503 0.5379672547598775 0.5606080996500294 0.5831066285257059 0.6051380012375056 0.6263789039937474 0.6465018915798783 0.665428550459686 0.6834777351058695 0.7003034646029168 0.7154981831435642 0.7286319357168894 0.739258125662631 0.7469217399338929 0.7518698570653042 0.7565919583693469 0.7612020497913323
