_RESULTS/CROSS_VALIDATION_POSTPROCESSED_80-20/MHZ/GZ/7comp/4/MHZ_GZ_z_250_kriged_reverse_7comp_spherical_4.asc
ncols 100
nrows 74
xllcorner 5.5967023332191781
yllcorner 50.982320383219182
cellsize 0.00019249356164376555
nodata_value 1.7014100000000001E+038
[rows 0 to 18 of 74, columns 44 to 87 of 100]
28.776129562710786 28.98393377353142 29.167850197667295 29.31756270916166 29.424170797298636 29.48100171576355 29.484371350933657 29.434058341418883 29.333333777395787 29.188536304602913 29.008334845221988 28.802909471338502 28.583286564149983 28.361011532472673 28.14824306752999 27.958177393221987 27.805441431993117 27.70584683731495 27.674570926677415 27.674570926677415 27.674570926677415 27.674570926677415 27.674570926677415 27.674570926677415 27.674570926677415 27.674570926677415 27.674570926677415 27.674570926677415 27.674570926677415 27.674570926677415 27.674570926677415 27.674570926677415 27.674570926677415 27.674570926677415 27.674570926677415 27.674570926677415 27.674570926677415 27.674570926677415 27.674570926677415 27.674570926677415 27.674570926677415 27.674570926677415 27.674570926677415 27.674570926677415
29.15945164945237 29.41150559978476 29.635107474831496 29.817765559248166 29.948287615134976 30.01804409143851 30.02218425068411 29.96041468289276 29.837048630047953 29.660306591487046 29.44113339875914 29.191920973524432 28.925470886215866 28.654408023125615 28.39115366862342 28.148451990075824 27.940210891192123 27.78204789605117 27.69068766692043 27.674570926677415 27.674570926677415 27.674570926677415 27.674570926677415 27.674570926677415 27.674570926677415 27.674570926677415 27.67496649303939 27.68088447536488 27.690517006021263 27.700157406770376 27.70704414003981 27.709476982184327 27.70689251843656 27.699889850943787 27.690203274062974 27.68062536443228 27.674889745156122 27.674570926677415 27.674570926677415 27.674570926677415 27.674570926677415 27.674570926677415 27.674570926677415 27.674570926677415
29.568413321395724 29.86931873005776 30.137929172903426 30.35884288371409 30.51767053856028 30.602925104951815 30.607993698340024 30.53247263281647 30.382253824185838 30.168319818898016 29.90480919648985 29.60708514649581 29.29029109199931 28.96855860400513 28.65488207218957 28.361653803096964 28.101757003007727 27.88976463978978 27.742300547372494 27.67655326148456 27.674570926677415 27.674570926677415 27.674570926677415 27.674570926677415 27.676879963631247 27.692787033005118 27.718587041340275 27.74852690406975 27.777527433331194 27.801378950702393 27.81692464507345 27.82221186120862 27.816591973556292 27.8007546660385 27.77669150108304 27.747594211513633 27.717702120669053 27.692118120160846 27.676612965231566 27.674570926677415 27.674570926677415 27.674570926677415 27.674570926677415 27.674570926677415
29.991252257513928 30.34619470624455 30.666173780877276 30.93209859367823 31.12513033815506 31.229468549849265 31.23568879744797 31.143207699392356 30.960447623235332 30.70259616512136 30.388286370093287 30.036692243765295 29.665711471160268 29.291167075934343 28.926759937719254 28.584647360275074 28.27664378435244 28.015833605993834 27.81779039258656 27.700091223674423 27.674570926677415 27.674570926677415 27.674673358809077 27.68975773445846 27.72537677014368 27.774357377732777 27.829787326975016 27.88521637366081 27.93488594110266 27.973974272773876 27.99883467788269 28.007197674546997 27.99830700129182 27.972966750881977 27.933491286243083 27.883566793027608 27.82804756008822 27.772717108290202 27.72404322557659 27.68894901877231 27.67461277432175 27.674570926677415 27.674570926677415 27.674570926677415
30.468293422887445 30.828209520981215 31.20689061518004 31.52650205354383 31.76198412295718 31.890709804842366 31.898419053566613 31.784209492715455 31.56088585592166 31.250376626591915 30.877707809058645 30.466720401639652 30.038164329382056 29.60933679505322 29.194437491638986 28.805326589936662 28.452767765921788 28.148220366975046 27.90566379559002 27.74210120726501 27.675340743235044 27.676575231573675 27.70428179409378 27.758488694045347 27.83133481634576 27.91496439831741 28.001704184152164 28.084290650936172 28.156146152123785 28.21168990802984 28.246653988933534 28.258360833453615 28.24591443924173 28.210267414443003 28.15414974267858 28.081874276492947 27.999057308033304 27.91230214475298 27.8288888291836 27.756499369861764 27.70299209541045 27.676225961323365 27.674570926677415 27.674570926677415
31.089087205164397 31.349701137503832 31.743033314359714 32.12748528883101 32.41745062495361 32.57899546161562 32.58874811625396 32.445174574090736 32.169426937230874 31.794821578190785 31.35536686523539 30.880063853309903 30.39195412115902 29.909020230202145 29.445345634586772 29.012183396695086 28.619201883698707 28.27626465664376 27.995573200098445 27.792966154722826 27.689399415386433 27.71243987594414 27.78126764707961 27.875643744485867 27.98710109016382 28.107053942284487 28.226975812001914 28.338649922851527 28.434499020941484 28.507983055500823 28.554026672033157 28.569411437745686 28.55305426981393 28.506106572343683 28.431848939078506 28.335408096296323 28.223362429333758 28.10331455684333 27.983495322938225 27.87243637974191 27.778722133003615 27.710813835786812 27.676929976777192 27.674570926677415
31.809060113597216 31.970929247072434 32.27997301473149 32.71438146169288 33.07689107350264 33.28583453634529 33.29864537288688 33.11234212980468 32.765986236610665 32.31286536778997 31.798525970932246 31.25614350935868 30.709274084315872 30.175120722655365 29.66670609534504 29.194202177820195 28.7660788431946 28.39071497210114 28.07861223886099 27.84545368595477 27.741408213378353 27.787170615575725 27.897573358458537 28.0330151034984 28.184433411114973 28.3424799145689 28.497682707655734 28.640708583811623 28.762748682553358 28.85602757500585 28.91439223669911 28.933883912336118 28.913160108780467 28.853647828797264 28.759380865797656 28.63657118754806 28.49303464717709 28.33760328907629 28.179619685264317 28.02855526536122 27.89375157569149 27.784260491448578 27.708753223924376 27.675470968661703
32.572233146555874 32.63634657715899 32.86168141739582 33.257978612652515 33.716565885447395 34.00080574569909 34.01884660974409 33.76362374544558 33.318867809566086 32.77190694753489 32.1784273399371 31.57119658412596 30.97095709402373 30.39225500557652 29.846099276657938 29.34117528307285 28.884706995220366 28.483778805105704 28.147452606661684 27.913814447964118 27.825679124266227 27.892540314720808 28.04463731362879 28.221805341897177 28.414432672427953 28.612407770111602 28.80523759306792 28.98229402902932 29.13324348399603 29.248691038078185 29.3210034645705 29.345170878575605 29.319476091511053 29.2457440757476 29.129077189042274 28.977176138060944 28.79947637988711 28.60632910002112 28.408363600684567 28.216064044798646 28.03952782016765 27.888350309973664 27.771584797235416 27.697739586539566
33.3180674198579 33.28006370730711 33.42203960805442 33.76304094673696 34.28734071503794 34.705957521603764 34.735240604085945 34.35247448092633 33.773789663918414 33.126743481392154 32.461031096298925 31.80006991398387 31.158237396569866 30.546170057151755 29.97248735840628 29.444622176522877 28.96871292742163 28.54984763327296 28.20629655992101 27.994679293179942 27.929125046611354 28.020064992421624 28.213402218238343 28.432588084139805 28.667449341171775 28.90716917681647 29.140205046818824 29.354464262406903 29.53773308630041 29.678462119674137 29.766922206921574 29.796546893240023 29.765050995705263 29.67486253741 29.532664559687216 29.34826224409645 29.133241035463154 28.89982065703256 28.660081655764564 28.425545834749595 28.207006662465595 28.014502827066234 27.857357641960746 27.744238092177326
33.98661957297128 33.834515019593525 33.87851880748588 34.1489138551395 34.67301769076927 35.32696846455667 35.392380384265905 34.75650196545902 34.04348132023751 33.323399619384595 32.612424917167694 31.92280508912048 31.272056368904337 30.661898080051735 30.09287743101124 29.566563994300843 29.085662195033507 28.65496554056194 28.320880838135242 28.119860486623306 28.06374118908034 28.168513179349358 28.394350180642647 28.655278664907673 28.932974019131713 29.216062726643944 29.492024111225966 29.747196559809762 29.967095639333625 30.137284521411633 30.244972681908234 30.281173332410834 30.242688492702968 30.132914809907096 29.960989433940664 29.739784233149713 29.483757546152123 29.20737798557578 28.924274588690324 28.646931696928323 28.386685885148573 28.153847781654367 27.957850855728932 27.807383537619657
34.52600736309338 34.24291192835672 34.15709863426187 34.294988706808496 34.68557053237385 35.28161603654304 35.339821458638426 34.712202122952505 34.00652783268152 33.30168615836601 32.632007792539866 31.996485237461524 31.38983607564418 30.810884434081597 30.264274347376723 29.751393257485297 29.274901481500816 28.848945988042797 28.534077260163844 28.345635893719194 28.296467379383245 28.403811785112197 28.62858090098086 28.894515207104277 29.19960331395185 29.52710955915439 29.848606220411206 30.1488727435603 30.411736085239067 30.619921194976556 30.753931799724803 30.799392372373834 30.75106181659631 30.614508690665925 30.404337284221345 30.140099587826498 29.838932854357147 29.517032971262147 29.189494976255915 28.869514930830608 28.56868972281681 28.29734897390479 28.06483165025834 27.8796898079258
34.825442012685095 34.436947176862226 34.18174240691671 34.12612983908839 34.274592037544274 34.55429709322108 34.57173579281528 34.19374513537298 33.656234448802955 33.09353907822904 32.539874657749124 32.00314220635214 31.48270218625631 30.975299707901538 30.477351069503616 29.99068848119017 29.5283557640906 29.124371609176286 28.83136977356336 28.657652610894573 28.617743202432173 28.730420072167696 28.94937955938174 29.206443426965755 29.501501840523677 29.83550362094709 30.208421918762323 30.57416335874985 30.902111626853817 31.165624481625514 31.33762048245176 31.396480729405297 31.333894831809527 31.15868284966472 30.89275560874536 30.563253900746588 30.196756597273573 29.81701560694742 29.44332577916451 29.082058371943486 28.742941243640725 28.436000772794202 28.170252733266132 27.95395429834011
34.76908873797234 34.297170110121215 33.94164390460696 33.7006797674566 33.624215299708034 33.68727096455866 33.68941560594139 33.48185799454631 33.1483799288336 32.75834309370273 32.34963735418232 31.93743891379282 31.52546408987321 31.112431295701427 30.695409693907422 30.27163481073658 29.840899679750954 29.469777657666157 29.200447881984072 29.042627169342406 29.013126925726183 29.131914816853406 29.33738850670096 29.58054015905561 29.876115143137245 30.22323877454898 30.61498928887702 31.0398150091071 31.441715560894856 31.772434261260695 31.9939000356321 32.07102871386662 31.98902946848487 31.76357255575032 31.430073724917147 31.02651057758104 30.585224632940168 30.132298684705717 29.689197047412403 29.274321923740686 28.899465857178004 28.561119335421616 28.26651454803254 28.023487030186317
34.372413629885905 33.82968244947834 33.402157599678986 33.076425601774254 32.843221371347234 32.768097205321325 32.80225201167866 32.72951980206957 32.5645351351745 32.34193251456183 32.08757250679183 31.814697340434723 31.527337817169627 31.22437472237225 30.902593246315117 30.558845847177963 30.196587505393 29.87624722917249 29.631434993576544 29.48742268031675 29.457426121813707 29.56756221194613 29.755628272291595 30.010036070971168 30.325525555815947 30.689903700783 31.093850961724513 31.53627223283278 32.00078867591507 32.41324219590459 32.70272061979676 32.807395382241225 32.69618312631162 32.40190876680709 31.98652865169101 31.501848711238356 30.984028541550796 30.459233552236427 29.94817026031248 29.468520791805673 29.036147773409837 28.664738607204665 28.34679076910227 28.082376102875678
33.67009731546724 33.08134547381935 32.609399606065146 32.243674458840296 31.970965816334118 31.85699782264915 31.938634870172542 31.97342053012836 31.94940530754581 31.880544118653887 31.77940397062673 31.65253627500477 31.500504977258764 31.31985272984299 31.1054314831753 30.852647133571498 30.559065627235356 30.252140487691847 29.966854887545953 29.753824412974396 29.671384286369918 29.749303533832318 29.930239517042406 30.203938170877365 30.565646174896845 31.003628941389564 31.499095119865466 32.025972198653214 32.54953880057157 33.04314086597966 33.430162853645115 33.583969656209696 33.42089800059662 33.02869734381846 32.51992041860655 31.954343818021652 31.365035956479126 30.77491230824282 30.202639315780267 29.664769143281777 29.17656798109719 28.752364498618793 28.40539729659565 28.125771517532005
32.68983832382181 32.0927889613568 31.61547800015508 31.24835705754638 31.014465767637034 30.967412221125496 31.099275872487254 31.226315716034225 31.32507935710041 31.39739989215181 31.44506843720497 31.466738086397495 31.457253363855784 31.40864429460097 31.30099705989805 31.05398818547618 30.69433775772553 30.32059896406586 29.976665430784156 29.701480949808296 29.573108535316013 29.61801859057058 29.78017654215852 30.06312375913282 30.46299850172739 30.967738155416058 31.557518877164064 32.20550583929097 32.87842976283205 33.535547850115535 34.09580498191719 34.36733586015256 34.081868883908705 33.56659473679032 32.97533308405029 32.34566702152528 31.700190228984432 31.05760934663705 30.43716342783082 29.858942229020812 29.33360651528097 28.871624848554667 28.484085058510466 28.18201973877839
31.41588181027573 30.849615395624973 30.409824144292635 30.099952086944924 29.985636215742602 30.072025487246222 30.28362305760647 30.492551242852638 30.701768259835255 30.905694846296417 31.097859475137003 31.26926466011112 31.40799311700022 31.443158877076442 31.287702850859432 30.969793948652065 30.537152063911456 30.090859133716602 29.679539928436544 29.356429768076726 29.19379022626643 29.1779415182315 29.30720489353066 29.588174484626016 30.01719480395819 30.580433632505745 31.254679168569876 32.00861936043003 32.80427286896266 33.597877853730104 34.33643642166631 34.8061545786751 34.46328481265596 33.917510361770674 33.30171092992229 32.64429691361613 31.978190396437878 31.327425936098663 30.70257960686032 30.113688841283064 29.570800155091593 29.084341132868403 28.665409620615094 28.325997437068118
29.91104486176231 29.407547768620024 29.0336394176251 28.83145973847791 28.857203745723503 29.10437314235617 29.46455105181033 29.770469885856414 30.083188421226097 30.41165489627526 30.74510918623051 31.067544580674255 31.262928370316562 31.241390118269884 31.02594776910677 30.642822016482913 30.135792886425524 29.607932050826573 29.117532447752108 28.75049290302178 28.529558907830875 28.43407863117799 28.51524138569645 28.78299628303513 29.232966290019768 29.84782053171589 30.59827326115968 31.44434787238296 32.33611759119939 33.211534532067795 33.98259950483817 34.47614828785653 34.472918484639706 34.05959935466142 33.49196360902415 32.87983599944757 32.25191986106408 31.625530102218907 31.01394752619859 30.428626652281455 29.880327076410207 29.379841245276683 28.938522183216502 28.568661737722973
28.25423367478619 27.840310057526484 27.560380284726644 27.494697694129357 27.668017526164533 28.079488994876122 28.58455957386539 29.013157697703868 29.459193387228105 29.916434196967952 30.38901142685423 30.76009203097251 30.902847360777518 30.833050857530697 30.567470114371698 30.12602607172181 29.543431929385296 28.921229397323096 28.34663518780155 27.90411475065818 27.57815557136731 27.393114653980362 27.410956324139534 27.65579761492753 28.121433497365956 28.78543257109774 29.610485195915615 30.545898418854346 31.528689932551966 32.48319361703448 33.31861171333323 33.932406848694555 34.18432242487196 34.05697657476399 33.62610209330871 33.09457823939298 32.525584678599 31.94153918177525 31.35897898481736 30.791184710433335 30.249832707323183 29.746158734968642 29.29181645933172 28.899480160259934
