_RESULTS/CROSS_VALIDATION_POSTPROCESSED/MHZ/GZ/4comp/4/MHZ_GZ_z_250_kriged_reverse_4comp_spherical_4.asc
ncols 100
nrows 74
xllcorner 5.5967023332191781
yllcorner 50.982320383219182
cellsize 0.00019249356164376555
nodata_value 1.7014100000000001E+038
[rows 20 to 39 of 74, columns 43 to 85 of 100]
26.994142792628217 26.057366728467514 25.334174638282658 24.86061174421172 24.66246255222481 24.76448475383657 25.136428978798076 25.428019783273758 25.55920052118618 25.601144375625896 25.62316832512653 25.5436917355555 25.355415698778405 25.084263084116238 24.75070202633506 24.372228218568328 23.967561950754977 23.54827905367917 23.1475982446813 22.808338684076602 22.554023463452463 22.40514003356777 22.377102739652447 22.478098944026826 22.70744230236469 23.054972817661923 23.501650729799255 24.020990168970815 24.580729268315118 25.144291520672326 25.67640816648733 26.1537536761757 26.5465196971374 26.831356449580657 26.994979713840205 27.03206561918447 26.940160389200685 26.773587150620298 26.599438513096963 26.42860601938981 26.26836580433502 26.122781246113696 25.99308508023675
25.38332137550416 24.752504819751167 24.316438390547578 24.10830175574835 24.158333144782898 24.495001091962358 24.976678466547213 25.317330245143737 25.495614275508 25.555573726642557 25.54384023246868 25.408095274087756 25.159805159366773 24.81444122466717 24.402133137825412 23.933682684421132 23.417098943709263 22.881357685126915 22.362905722593503 21.913719200649133 21.56401704206512 21.33939998614607 21.26010049550556 21.33761813335556 21.5720054422589 21.95097774582776 22.45120680580871 23.041048427705878 23.683514712192842 24.338736311806464 24.965914437775805 25.52528094797984 25.992701087317744 26.360279938496113 26.597008434441538 26.695704496814628 26.660464525336053 26.50708715750455 26.33584889396839 26.177155791919255 26.038442517497522 25.923795995316752 25.83423419518119
23.85786250751462 23.529889906708426 23.376813032151357 23.435846856011494 23.740404015259283 24.300177047261478 24.82652741952778 25.20559748214568 25.4205940119527 25.486539988360114 25.42648341307346 25.238870135727108 24.934984474543164 24.526366894732377 24.013134005048784 23.42232523851019 22.783004810736536 22.126303313632942 21.48632475653115 20.916770113735527 20.460090911692905 20.148814820270037 20.010391559291747 20.06169677757121 20.304156931279195 20.72224026803815 21.28621619175052 21.957303667527476 22.692564528104008 23.44826502885093 24.181922232107446 24.853583980118547 25.403261515477105 25.798202309475514 26.05970595418069 26.193067133891436 26.20153437951483 26.088420198736785 25.918191514688075 25.77124870839342 25.655090737513493 25.573593759959305 25.52731577492702
22.50256868626901 22.45399987681639 22.57157529696844 22.893817288256358 23.45493790155166 24.13605480947706 24.691291421327094 25.09852209813318 25.34038553837362 25.389116794784112 25.286947854168044 25.05306106749555 24.696223613609682 24.198162098564044 23.571671059735692 22.859897224432036 22.097448293374413 21.31667242138659 20.553171519914265 19.85313448742496 19.275711174659445 18.86367416726466 18.655667402147117 18.677840962032956 18.934164214684333 19.40340560167107 20.045324790694806 20.810732983396402 21.64919159539678 22.512767992774698 23.350035908225678 24.080894371015056 24.675313810071355 25.117300955155 25.4002454386179 25.556009017550995 25.59604019286058 25.524108717550583 25.365007879483954 25.228628322935464 25.135386162389338 25.088769770254952 25.088622927416854
21.378023433223003 21.581257178837415 21.954366568340376 22.533578452527927 23.302939299595156 24.00399147035302 24.575936076930827 24.99950851472788 25.254683773719442 25.274504284443307 25.139185883299287 24.865438374314614 24.42887768782111 23.834928137912303 23.106334724146485 22.278285386060194 21.39520219876852 20.48986662445503 19.598857529212683 18.764448017580794 18.04991077988732 17.517749342527825 17.22441008276599 17.21340934915879 17.493823873311797 18.033023810953004 18.772123873769573 19.646694382912923 20.59771330493083 21.559536544577778 22.43899959677512 23.204339540490547 23.835760613209253 24.31930521302032 24.64593244414689 24.8171642992046 24.875053008559224 24.83154683250024 24.69450322090663 24.566971088126195 24.49659834296762 24.48636183103 24.53512155280037
20.556766348772708 20.958563583038348 21.57412579293063 22.391940503643493 23.203526954699505 23.90871079349659 24.485105966365296 24.912896406934514 25.160583147430625 25.15512141570109 24.99476303468499 24.662592924345876 24.145828035528766 23.464942900078803 22.643573665336085 21.710176814329596 20.71301696639385 19.687018504474498 18.66791911316778 17.697689562007348 16.831080736700084 16.151465849662607 15.746192079316025 15.694709557352523 16.018073000211576 16.6573400026604 17.518586417894184 18.5168932080296 19.5727764702405 20.57531487788916 21.48422230546666 22.275701943532205 22.932663847721418 23.443738695053483 23.80229854352167 24.005251942087366 24.068020172668525 24.038538820987192 23.9245757366434 23.803783330205867 23.756034488695402 23.78370152578474 23.884341990454153
20.09020568331421 20.63555093882537 21.47159543787701 22.35228628895619 23.155397383113176 23.852863071923256 24.421393981352427 24.84100625476316 25.065971923346925 25.04337171251972 24.85126385608453 24.45478015516333 23.869006864310865 23.11410105464802 22.211773701647296 21.1876755575674 20.088123994405148 18.951752549026175 17.81161897504404 16.70583957611375 15.683353663727818 14.821587737388956 14.25505242722661 14.14639182190825 14.552025435045794 15.339926613978793 16.35064704554324 17.475002457072275 18.582007190152016 19.613254888214655 20.54118059967526 21.345704359659933 22.012918097135845 22.53434468968343 22.906175017848877 23.128225803555384 23.202642530552442 23.171125925194268 23.070515589478482 22.95634733000066 22.930942263302594 22.99834023404588 23.154363263798377
19.994122623609595 20.667865686336746 21.512496455435716 22.374781742450917 23.159598103149662 23.8374812748096 24.385449775315006 24.784085082523582 24.97754197414568 24.94773353369906 24.711189645913553 24.2624920372261 23.620381383980067 22.80482311420863 21.837177481077212 20.74032188607806 19.555616731692588 18.32695123177074 17.08424978143438 15.859383534635402 14.689181394837053 13.62863274700021 12.810047060133808 12.593508968173467 13.18103797384694 14.182884291025596 15.353590848608114 16.552321225322476 17.687982881623043 18.731878260950978 19.66198367519489 20.4619279607804 21.1207242857742 21.632595341663887 21.996594684447054 22.215821689613445 22.29609084375921 22.25345585651617 22.15063380502792 22.04166660390432 22.03843547344688 22.1480411694673 22.366097626451424
20.25178504559861 20.869358474663983 21.633780342236168 22.46133544400686 23.217021133934807 23.862105830153617 24.375832780394497 24.740120588603357 24.90622684981271 24.863052793148157 24.590667358503385 24.102987239880587 23.41871953685521 22.557744213383785 21.54128895456674 20.391949019917792 19.14517030117897 17.850009583389095 16.535560184980152 15.230048597868887 13.960937215708224 12.754415762684653 11.640633080668623 11.107047743423081 12.143731540978228 13.343647559236432 14.604302652725751 15.818111793937204 16.951595800557357 17.982561851605585 18.892336266807263 19.666721393416125 20.29619055212521 20.77680903578765 21.11012159076852 21.302594938756343 21.364485736220935 21.30780758486241 21.185596300995368 21.076383835935538 21.095426500911955 21.250859571931056 21.541690674461496
20.603372834342682 21.157841124670863 21.856347855795587 22.617561547955507 23.327888096898278 23.923994686199606 24.388414369239314 24.704470585900527 24.857892322596815 24.797561874570608 24.502187636043736 23.989553008889814 23.27836562774761 22.388533867825814 21.34146393292867 20.160457959118176 18.878445862168252 17.54595185534319 16.196270435858796 14.861689618289583 13.578061418593713 12.391737052345434 11.403374862088326 11.079420651139461 11.826286061219465 12.953165477321127 14.157461501349685 15.324185185729577 16.415903562628266 17.40485805885142 18.26994655642503 18.99613580805579 19.574438260474754 20.001711639324537 20.280796495607948 20.421236335461252 20.438187189753794 20.35043946844126 20.194064052363363 20.076659683192503 20.118572885209247 20.320803467476743 20.68349397509593
21.02913968264115 21.578520482024548 22.186741983333626 22.845194137550244 23.48801729951358 24.01619136906116 24.415419632606014 24.672275948933 24.828877469960023 24.759276943383345 24.454078308681694 23.930971204275682 23.208662187378874 22.30739999069967 21.24936307451093 20.057527818342336 18.7648676707029 17.42354440951828 16.07161849862274 14.750693462646685 13.514870872593038 12.44851182342148 11.705121600821446 11.529022864562515 12.01875102525744 12.947319861580093 14.012615443217374 15.084919402551359 16.101876583927783 17.02312953939996 17.821630954328512 18.4794475278455 18.986191733699833 19.33863373048314 19.540681844721657 19.603492200167416 19.54703433050052 19.398489585825157 19.193034927973386 19.055600211621563 19.112457644742506 19.361984649432152 19.806909130429933
21.89493317803409 22.168043102193263 22.603785439005836 23.12435936681951 23.672445469576775 24.12230083862751 24.444686276002813 24.65974468633615 24.81889210010105 24.751923579696626 24.450215954154157 23.931255125525098 23.214013193225913 22.319413545384677 21.26897597012823 20.086016135349503 18.80502489894542 17.47894852750876 16.147981390894 14.860882428144151 13.682376794406153 12.710088731676636 12.085915418945854 11.958244470768522 12.366666608295327 13.16276416799724 14.108265407148297 15.082911004475852 16.01234273382364 16.84975072358767 17.564915898662882 18.138095294395303 18.556957262386568 18.816818546428827 18.921038928359994 18.881950870057533 18.721358633695353 18.474135502277814 18.185935537976743 18.008286735203853 18.08020139864097 18.393916456952457 18.936629047603716
22.71060915677021 22.796561737875592 23.051396921406738 23.419676395789054 23.851314846138823 24.210583524971376 24.459979402013587 24.66983517190039 24.827134986902614 24.774903630242324 24.49000509269729 23.98985851215326 23.294156273523217 22.422937751765172 21.397757244906977 20.242098179533826 18.99304018370935 17.70167895000925 16.40714139817108 15.15808786149416 14.016709843487481 13.074114381930496 12.467928970608895 12.35552292014477 12.770448057590894 13.517839089290892 14.388725113104616 15.279679320386208 16.122727964190332 16.872492356477025 17.497879478626572 17.977591713304687 18.297983039828498 18.452377486525364 18.441564421302285 18.275668044785657 17.97748325380931 17.588659958091185 17.17721107259338 16.9435809763415 17.038616574323452 17.44360904999908 18.108155491963302
23.41233301717247 23.36477108829644 23.470907010492795 23.697960763140085 24.007448721159378 24.26396076566576 24.4802564151591 24.69075137770013 24.84812291328718 24.823545267766857 24.56863120622291 24.102166569514456 23.44300984321049 22.61099939123947 21.627697574153718 20.516503395703133 19.31865839794505 18.079795707318496 16.835983471565257 15.629949667655227 14.511106082177069 13.544298954952644 12.850816840631921 12.72357648257469 13.242936400955973 14.015473381653553 14.846377495760454 15.664201063513161 16.41987402695633 17.076317938356407 17.605270856943307 17.98559415589401 18.202314307667784 18.24629455849739 18.114671905498593 17.81257925809466 17.35753925787873 16.789121056634084 16.202889819172814 15.874243167162513 16.01075529995883 16.55740902882126 17.37644916368225
23.983713019765375 23.830652468927248 23.815806038385873 23.92057912804207 24.11583078853085 24.312731631481537 24.516983835907507 24.71925818803967 24.87300826134698 24.888782339216387 24.677490515871682 24.258312581417055 23.649843130879287 22.87186035565132 21.945834234250988 20.895947864775348 19.76773184261537 18.599610639490237 17.42492979527511 16.280418803167372 15.204193905864823 14.231940756866587 13.39610984741827 13.184142220280522 13.9253561715973 14.716820177150538 15.49728413046179 16.23490817234669 16.897503448514712 17.455785672162786 17.884755327919503 18.164064541717025 18.277975841565308 18.215265783618175 17.969336694819063 17.538917102186595 16.930363409904388 16.165103901391554 15.344601790663805 14.815193498494327 15.048873878309383 15.831391660422781 16.827301285728737
24.41041132451458 24.171666133889094 24.0564604612251 24.056831088048163 24.19024585969037 24.373988076781263 24.56768115984579 24.760629950894018 24.908464575818556 24.95054561272905 24.802307419028004 24.442851723356238 23.89812567551988 23.187971070486192 22.333779841633643 21.362690467176744 20.321180680776923 19.24213929787693 18.158170681314562 17.10474085476821 16.121505748957834 15.255113431558396 14.603941924555494 14.486473996311483 14.993644893317052 15.66796427955453 16.34732025412142 16.983403013313453 17.543197347441485 17.999060540257435 18.32733374349537 18.508237061744904 18.52584718203407 18.367998411682205 18.026146587397292 17.495250577117847 16.773708364534563 15.86584156900876 14.852607787227305 13.84943817538567 14.409445588200825 15.473214138402408 16.58701792236335
24.681160280121496 24.374421565997313 24.175532137761106 24.132569676847243 24.26426963241527 24.44269967301402 24.628817852743925 24.81270117152125 24.95860366832999 25.004391569170465 24.92377991260738 24.63852453496946 24.168655494003836 23.537680179787557 22.767188354962826 21.891634130006533 20.952438833284393 19.97961684604196 19.00582117367141 18.06884996725418 17.21558486268066 16.507972479379678 16.048562767811635 15.97470827575703 16.30588595819823 16.81723588669068 17.36430880797503 17.883130040999607 18.333451139106135 18.68555288144151 18.915610487395444 19.00424259906981 18.93607397165036 18.69962399694543 18.287387646309643 17.69624491615182 16.929279562217936 16.03302512269165 15.126940320148421 14.482077047550925 14.799452652401712 15.69963478676573 16.75029356005958
24.789552019665486 24.451183302212982 24.246822508748707 24.180730068691954 24.342905191785952 24.52174901539602 24.70027313570713 24.873893419157127 25.01953194239427 25.07056139727432 25.023624483643804 24.823671102526 24.438062318692225 23.895760606491695 23.220546096801645 22.45412532323224 21.62858569743669 20.77315467103475 19.92085890356736 19.111659577385247 18.395101915260945 17.830065530817212 17.488185201604608 17.43419899743038 17.67628271977294 18.064278463417992 18.48744468600253 18.890556915553383 19.23326253802392 19.48532031887425 19.623141470112916 19.628201902969565 19.48651903206508 19.18872809048966 18.730730738961455 18.120697307496457 17.383354462189242 16.623416529045056 15.948611886433206 15.590148749947888 15.773482477367882 16.404696575843715 17.28002977224413
24.795661727353142 24.504752936143667 24.343059154583496 24.3322468412763 24.462324307733464 24.621482231367683 24.784392191843622 24.94342083651626 25.08570313615196 25.14468301057793 25.107987134158883 24.97389073931375 24.68234774282558 24.23610126586905 23.664155267962446 23.00106073124425 22.2795875546893 21.533733825138995 20.799277993823058 20.115282559750415 19.52730636901525 19.082800298430847 18.830234112133297 18.804163039799636 19.00709809532277 19.32506863557568 19.65205699225823 19.954229790505337 20.19955838072452 20.360458241392195 20.41508719896259 20.346655000282333 20.143275043687407 19.7986147816612 19.32322394514652 18.728355730032987 18.084544809881756 17.47287368913045 16.974775935148504 16.75086947014328 16.89235523356149 17.364656066448923 18.070703353824523
24.780489803277874 24.559590608883454 24.46011692562674 24.501206734279492 24.611496536489707 24.74247905200178 24.88149491595016 25.019696914304113 25.15061353644161 25.2199947115687 25.19637448889621 25.083097400257014 24.868735668967844 24.502795191946237 24.019158527665205 23.45149045122535 22.832599627318988 22.19607229990184 21.576473143624174 21.010400815816 20.537941599968185 20.195290445323153 20.014500834031967 20.016290085613615 20.200814677972783 20.49478237575543 20.77918080243553 21.01928460894176 21.1852532847562 21.26748550920048 21.249926582112106 21.118294627004275 20.863537214248673 20.495561866145444 20.020430878170508 19.482765506369933 18.94898998012759 18.460610176447503 18.087517466709365 17.945410891345272 18.072882163036976 18.452501899077024 19.028297693837633
