_RESULTS/CROSS_VALIDATION_POSTPROCESSED/Berg/GZ/2comp/3/Berg_GZ_z_180_kriged_reverse_2comp_spherical_3.asc
ncols 100
nrows 90
xllcorner  5.6208707817415728
yllcorner 50.959635321741573
cellsize 0.00013419651685393446
nodata_value 1.7014100000000001E+038
[rows 57 to 75 of 90, columns 0 to 43 of 100]
53.38374794141122 53.277913506971444 53.15445208800318 53.01562640366444 52.863822136310375 52.70160058618896 52.531774356600025 52.35753288842883 52.18265586416223 52.0118590133247 51.851300349923854 51.70918689187989 51.59616715846555 51.52166518098505 51.486598864156555 51.498089758242415 51.55566238190528 51.65056367429045 51.77024711325402 51.90279752280965 52.03894205622797 52.172145996924755 52.2990109420725 52.424405942779686 52.54827049816937 52.6693834715198 52.78658633269803 52.8985218075845 52.99933114652568 53.08545900885899 53.15476361262979 53.20497148983735 53.23365728079905 53.2418244796093 53.24369484855459 53.23919605833398 53.22614493243856 53.20240599555791 53.16595565025774 53.114966485287084 53.04794359932086 52.963957904434785 52.858922017276676 52.712773614966565
53.400102699117134 53.29478530715488 53.17085363523485 53.030250492681105 52.874958579144824 52.707040546625706 52.52870200399524 52.3424085129372 52.15110903360497 51.958650850581165 51.77051158012824 51.59498179977049 51.444724104029085 51.337697687464775 51.29056965148887 51.30805743294666 51.38854807103399 51.515616567709365 51.66872826426568 51.83145762355223 51.993016801649105 52.14789715278506 52.29916943916613 52.44614975566129 52.587683920721794 52.72289992617236 52.85094362602495 52.970819008991135 53.08115748789392 53.17653098405904 53.252931109830925 53.308248521030585 53.340444339652606 53.34854433331794 53.34662249749136 53.337872912812244 53.320430040462384 53.292490212920384 53.25240497967882 53.19879818187234 53.13073272903441 53.051790912888386 52.96433616845228 52.84492478622587
53.410310617757716 53.30645630107823 53.18305355707827 53.041761012712975 52.884195960482295 52.7119536277877 52.52663928896418 52.32993974939958 52.1237854483433 51.91070460290012 51.69457469984023 51.482179247338586 51.286250703192295 51.13024836658321 51.05021607530846 51.074793534939374 51.19116488321816 51.36384107648958 51.55861532829101 51.754876845938945 51.94406465577895 52.126914728944044 52.30177847805988 52.467780174215385 52.62447881080359 52.77151479714417 52.90842194687869 53.03452657380156 53.14889755483742 53.250277685799986 53.33306538798035 53.393025713852936 53.42845127665397 53.43773111469545 53.43318946550174 53.421444427497946 53.40094779402522 53.370228742351266 53.3280004127803 53.273286665511264 53.209217379165686 53.14107326760676 53.07019252479126 52.977865086557316
53.41427221747503 53.31302350424596 53.191404059312305 53.05084343538567 52.89265921056663 52.71805380258547 52.528108424589114 52.3237883828086 52.105990475562535 51.87570309221861 51.6344543633485 51.3855234899186 51.13730194599864 50.91274699425148 50.76998441206955 50.79272689741611 50.970621913917505 51.20792774130345 51.45101668075315 51.68518224966271 51.90701866675151 52.115218810441796 52.30985941148586 52.49136505879003 52.6601162913248 52.81629225889169 52.95980519268744 53.09027473613954 53.20702246210702 53.30907815235395 53.39454225345024 53.45849280132256 53.49671335193794 53.50758869473034 53.501420181026575 53.487723015067026 53.46524258444266 53.4328089167729 53.38953310671489 53.33917088899744 53.28467470902992 53.22739423992804 53.16944206320985 53.10331483458325
53.411704046486896 53.31429934261095 53.19592207784015 53.05778134240179 52.900988142657646 52.72647272498352 52.534949586728466 52.3268674325634 52.10234861568992 51.86113236702348 51.60256771984747 51.325817159438145 51.03093648309388 50.72445507696642 50.45826917521594 50.48132584347985 50.7659237380196 51.07822213528978 51.372869255127476 51.642599771882544 51.88969147880875 52.11670834416602 52.32573947749902 52.51831762267077 52.695468113484935 52.85777040874648 53.00540856787595 53.138209637034684 53.255673415413405 53.356996582430995 53.44092651883548 53.504145549378364 53.5438645609982 53.556085664056 53.5490999860464 53.53424667347922 53.51054988329121 53.47816914764507 53.44066821956124 53.39893110652826 53.353872848752935 53.30687784120881 53.259912209235935 53.214601195000434
53.40987608393727 53.312747427443064 53.19675425821574 53.06234589504524 52.90917890706448 52.73751710218919 52.547925965296194 52.34066186214075 52.11557998668221 51.87200725612969 51.6085715027359 51.322980782867944 51.0117774953394 50.67035763001135 50.29937328073992 50.330679380912294 50.700506355809146 51.04059504878862 51.351254534130895 51.63629278537748 51.89637867351015 52.13347667680149 52.35038687498636 52.54901376092135 52.73059076097319 52.89582584619862 53.044996151923776 53.1780103521846 53.29445077195386 53.393602380109584 53.474472336769644 53.53469259061322 53.571045694273536 53.581428231693764 53.57376210356573 53.55875442071289 53.53827398097379 53.512997731154876 53.48335948912373 53.45000364741897 53.413867447733764 53.37625671722007 53.339577689887705 53.30814219853023
53.41405077270534 53.31821573893637 53.203693581161545 53.07100223052075 52.92056437653694 52.752702640381145 52.5676281412912 52.36542528772049 52.146043306881595 51.909326843933236 51.65518296099935 51.38419654225884 51.09983318228464 50.81719416818955 50.60045229890869 50.612400377996025 50.83992492363777 51.12401248993855 51.40755698232131 51.67719467617237 51.92988036070798 52.165134268218026 52.382915709365506 52.582528758788804 52.76457832315723 52.929588569821604 53.07772990784709 53.20885604253217 53.322531435977425 53.418050047579655 53.494446301500986 53.55028344935373 53.58221515683199 53.58914027069716 53.58131684377982 53.570287620828 53.555762836666375 53.537558890489976 53.51628726801925 53.49791376056956 53.48162961273605 53.46557571392988 53.44863258195603 53.43094124079315
53.42397791465117 53.33124335463779 53.22023549921232 53.09159195301398 52.94589952739985 52.783713054308656 52.60558318254832 52.412108570780646 52.20404765495904 51.982572154297536 51.74986055342754 51.51052528892903 51.275093182823554 51.06794865300889 50.93857886385236 50.944831479545584 51.083233428476305 51.29425787907981 51.53068598089333 51.76975119798205 52.00164767350868 52.22206009095176 52.428932585935016 52.621144169391506 52.79795675563069 52.958778829892864 53.103060904216434 53.23024633583056 53.339744710273585 53.43091339623594 53.503040859850096 53.55532880537683 53.58607132442623 53.592761048803276 53.58723612643173 53.57911398742855 53.57057986912057 53.5712172884128 53.578460680987085 53.588530966146706 53.5982189358428 53.60499869908377 53.60711252842009 53.603613206779286
53.43906275152749 53.35111411967486 53.245500118863795 53.12302570061001 52.984501706480046 52.83079051955154 52.66287530593896 52.481976581325576 52.28976276374229 52.088746624869366 51.88304448392132 51.67980715358724 51.49168810309829 51.339928173040896 51.25387127202854 51.25784945520675 51.35058157620621 51.50645185959927 51.69652114774925 51.900354877687604 52.105883162602616 52.306288893304256 52.49763352444054 52.677497726284194 52.844262495709806 52.996733601396485 53.133941623244056 53.25503072782895 53.359192106695055 53.44561964127402 53.51347619675851 53.56186436441364 53.589775705389705 53.59527945683603 53.592152096325506 53.600382317164744 53.62304782324008 53.65527730564099 53.69244512664674 53.7303125380163 53.76515990951136 53.79390536789111 53.81420215507596 53.82450461677946
53.45840058388437 53.376747840466635 53.27817382681385 53.16367428607052 53.03430669239041 52.89125752562833 52.735940726161544 52.57015095057468 52.396311388097416 52.217879289383774 52.03999468352406 51.87043362800809 51.720705018756405 51.606399788172055 51.544698016303606 51.54749521706308 51.61420501937499 51.73215860297034 51.8841011277242 52.054745664386616 52.23293128864868 52.41114649786694 52.58442503557499 52.74941747499364 52.90376630319512 53.04571671318191 53.17387879387664 53.28708013228996 53.38427071392841 53.464457538018294 53.52665575953777 53.5698485701483 53.59295102177811 53.599927016416274 53.62365708971036 53.66600261113773 53.72170243425203 53.78553789219477 53.8524770748963 53.9178165325377 53.97731981423911 54.02735008940166 54.06499065199625 54.08814379223358
53.48082538986198 53.40676852580625 53.31660673243057 53.21152662183152 53.09282118327883 52.96196878424483 52.82074268302262 52.67136818395382 52.516750629545975 52.3607992087101 52.20885386568146 52.06814864753307 51.94805416978291 51.859524904243834 51.81303720780562 51.815123499438656 51.86547342948795 51.95708426109442 52.07931807049597 52.22129860751936 52.373829603703 52.52985135128729 52.6841623763296 52.832952917436 52.973385732320324 53.103281097513864 53.22089576833635 53.324770639747285 53.41362436979229 53.48627634630005 53.54158775303609 53.57841329561784 53.60156699726879 53.636569102765954 53.69525173814017 53.771873882975406 53.86064839298377 53.95603358833307 54.05260326700079 54.145187466147185 54.229020567844024 54.299895420523704 54.354317294952224 54.38964611990453
53.50496549919917 53.43958068643138 53.358918318080065 53.264337707091855 53.15733244322396 53.03961082322218 52.91320027808478 52.7805845272339 52.644880656790406 52.510053776478586 52.38113896793132 52.26437927709213 52.16709069955786 52.09698416259121 52.06077715881703 52.06239262901023 52.10164833449325 52.174321976481274 52.27354442558563 52.39159422237154 52.52122878252354 52.65630680700731 52.791890510526926 52.924094831552914 53.049863706582336 53.166757970780246 53.272781761023694 53.366248441658094 53.445678521162954 53.509720870758684 53.55708984504065 53.592398768776064 53.64049126178515 53.70870714570422 53.801278058971505 53.911999496715666 54.03387666613173 54.160822303951264 54.28703145984193 54.40686249816732 54.51499550002408 54.60661372202233 54.677601712577854 54.724744727512864
53.529299408136 53.47344353303303 53.40309619092194 53.3197599864084 53.225082077477694 53.120928192695814 53.00947178633053 52.89330009314539 52.77553382980798 52.65994554692388 52.55103902632447 52.45401741498679 52.3745329240862 52.31811553536453 52.28928420886777 52.290565966879 52.3218451164561 52.38039465942246 52.46157177055202 52.55980564569709 52.66946472838141 52.7853988157154 52.903166501659115 53.0190539527983 53.12999000320217 53.23342664310281 53.32722011116138 53.409526237355784 53.478712664986304 53.533285959837016 53.57492963219519 53.63220030295511 53.70815967859019 53.8105235066789 53.93678380202894 54.08053608872 54.23526908449835 54.39396215233756 54.55007624881052 54.69748620903418 54.830276661819056 54.94295376227646 55.03069824594922 55.089640480539295
53.55220607506632 53.50653541671492 53.447077752989244 53.37544510753571 53.293389069238515 53.20286397350096 53.106096763998714 53.00566099223817 52.90454699069381 52.80621082662043 52.71457081756373 52.633905369672554 52.56860048418848 52.522719047705394 52.499433822138386 52.50046661000734 52.5257393634555 52.57339068510631 52.6401500719596 52.721906915031845 52.81427013877573 52.91298426672808 53.01416760350399 53.11440406521872 53.21074066874413 53.300635811409656 53.38188826934418 53.45256333769866 53.510923484375596 53.55557857028379 53.61200577680116 53.69363207523767 53.79978940226401 53.93581322838818 54.095500789600536 54.27220691036771 54.45914668814703 54.649431464178875 54.83601589745069 55.011746730136416 55.17001922062992 55.30456229842666 55.40972171266384 55.480834918406416
53.57200591175258 53.53700408318495 53.48881012272898 53.42911242667151 53.359722579570104 53.2826263155933 53.20003452454364 53.1144298785474 53.02860030372176 52.94564443690879 52.868927397330744 52.801961012386556 52.74818753420599 52.7106675686005 52.69171325171877 52.6925526610721 52.71313052050126 52.7521174884098 52.807124510295836 52.87504511268606 52.95242038506317 53.03574392655376 53.121603728674984 53.206269833002615 53.28732937239384 53.362832865346476 53.430918472459254 53.48976765663054 53.537560120645736 53.58544964424925 53.66462176856134 53.77070734944663 53.909314281494225 54.078205240454245 54.27081224509508 54.48032065373687 54.69971764828567 54.921787703737536 55.13911997975658 55.34415814720061 55.52928311430131 55.687087210823115 55.81087912655467 55.8949881985164
53.58699058984967 53.56300126028444 53.52628809254569 53.47858704254187 53.4217335367171 53.357701919544475 53.288640465508394 53.21689728037522 53.145029474894656 53.075784694391025 53.01204159003534 52.95669642280818 52.91248986046464 52.881783464448986 52.86631750036961 52.867001745756845 52.88379546255017 52.91571293034947 52.960952800264536 53.01707890338091 53.07955225168115 53.14529347186798 53.21248130160738 53.27927239607941 53.343839412059666 53.404376273803976 53.45908299052024 53.506139955835074 53.54546230143955 53.611837957795686 53.71374217739218 53.851176716170066 54.025581741005894 54.22970284765229 54.455959052767355 54.697891164511304 54.94984586127214 55.20434995118646 55.453555003725185 55.689240084376245 55.90289795270511 56.085974388792934 56.230314782603145 56.32882626470083
53.59544131761821 53.582702216150835 53.55757264077627 53.52181324273532 53.477256526165604 53.425836616346615 53.36961199011323 53.31077710303228 53.25165711098162 53.19467843591569 53.14230764811906 53.09695333502022 53.0608315956704 53.03580579679532 53.023223142105216 53.02377949628969 53.037443821201435 53.06345133421614 53.09777913278374 53.13745003201732 53.18156854928247 53.22896090943213 53.27827174737359 53.32803009930264 53.37668522955041 53.422618109330266 53.46413631664203 53.499459668467495 53.54155137004578 53.626438090039564 53.75241707891553 53.92310288630801 54.13228006697411 54.37258023437897 54.6363428203142 54.915611503093345 55.202071356478335 55.48947681744141 55.771745543316634 56.04001348753073 56.284755715071086 56.495973893782136 56.66369619790448 56.77886892757994
53.59668239048824 53.59431209669584 53.58079365414616 53.55684981820596 53.52429236486807 53.48499827020052 53.440923779294 53.39410708193832 53.346655572010924 53.300713277057646 53.258404709474725 53.22175375155126 53.19258064508359 53.172386355135394 53.16223994485523 53.16268846775942 53.172648353181415 53.187212638595106 53.20608796427408 53.22921055117148 53.25615706571982 53.28622021383874 53.31847210511138 53.35180861566805 53.38497360078425 53.41656608423276 53.4450358638598 53.46905804355395 53.52263203827321 53.625204845936146 53.77994869503916 53.9819812088769 54.22418449818951 54.49913689689754 54.79916773853495 55.11633050923604 55.442303573325546 55.76822493566047 56.08526622073652 56.38805922656397 56.666810688421855 56.90985914933163 57.10488368245801 57.24003860945944
53.59668239048824 53.59668239048824 53.59414053169177 53.58185284786363 53.56097919226698 53.533331830883455 53.50076278204748 53.46516153799807 53.42843945698227 53.392498402294365 53.35918213875412 53.330211002646855 53.30710346633014 53.291091981714445 53.28304387700129 53.28079793273268 53.27991483682122 53.28127077200239 53.28550715149717 53.29290920901577 53.303450112061654 53.316834690272444 53.33253450972848 53.349809293459074 53.36771370750889 53.38509218329831 53.40056689341273 53.418712398590294 53.484466181019464 53.61041380607527 53.792361616549 54.02348871822246 54.296591870608204 54.60423345050158 54.938791876395264 55.29242261450573 55.65693453072868 56.0235752514621 56.38271230220544 56.72366575152649 57.039447505275085 57.31866558158531 57.54608142702793 57.70586493818861
