_RESULTS/CROSS_VALIDATION_POSTPROCESSED/Berg/GZ/2comp/3/Berg_GZ_z_710_kriged_reverse_2comp_spherical_3.asc
ncols 100
nrows 90
xllcorner  5.6208707817415728
yllcorner 50.959635321741573
cellsize 0.00013419651685393446
nodata_value 1.7014100000000001E+038
[rows 18 to 35 of 90, columns 0 to 39 of 100]
0.0005884464471406612 0.000607140710630861 0.00062816983652654 0.0006502155945505735 0.0006718603615663019 0.0006916392378875277 0.0007081340191344919 0.0007200973674123014 0.0007265857407059368 0.0007270733220769455 0.0007215201924353898 0.0007103776384154666 0.0006945292316667242 0.0006751825627207837 0.0006537374068319001 0.0006316584869054131 0.0006103756309899037 0.0005912245954376362 0.0005754323587615035 0.0005641442952743635 0.0005584884996551619 0.0005580584532220503 0.0005580584532220503 0.0005580584532220503 0.0005577618856435758 0.0005453045869140514 0.0005011686923108471 0.000433101201854064 0.0003534413360202249 0.00027357489842736837 0.00020176199225023736 0.00014245243481801633 9.67735920919184e-05 6.360156608912041e-05 4.068435932879541e-05 2.550576918826612e-05 1.580040465726092e-05 9.771094946695381e-06 6.11237981767438e-06 3.937815690566547e-06
0.0006240641878904515 0.0006531557169350142 0.000684867780701526 0.0007175974192953018 0.0007495050023829202 0.0007785922470646424 0.0008028497216138497 0.0008204595575037397 0.0008300192707230686 0.0008307379496889529 0.0008225552893660066 0.0008061509066975968 0.0007828413162738551 0.0007543929721791325 0.0007227993659094843 0.0006900721640280239 0.0006580834152483417 0.0006284762457257353 0.0006026437299758293 0.0005817648045665683 0.0005668830949148914 0.0005590176839794767 0.0005580584532220503 0.0005580584532220503 0.0005580047139066472 0.0005425054077969905 0.0004940123793572079 0.00042276075471047857 0.0003414246947645474 0.0002613343677244116 0.00019041918521787426 0.00013268577747161333 8.884496539508032e-05 5.7463128359471606e-05 3.610625527878131e-05 2.2185124495677024e-05 1.3435250588922614e-05 8.099813891752364e-06 4.9274528860615025e-06 3.0840329503604675e-06
0.0006740359614011517 0.0007160669535635902 0.0007614900293990381 0.0008083060285094554 0.0008540633861969829 0.0008959613483018661 0.0009310724822035097 0.0009566700931341241 0.0009706065818582816 0.0009716554799690194 0.000959722839074326 0.0009358638853263338 0.0009020997222045087 0.0008610901615717052 0.000815754720478937 0.0007689324035466125 0.000723140500603095 0.0006804527623257386 0.0006424852753579573 0.0006104619430095642 0.0005853296325629941 0.000567900482459846 0.0005590102995745439 0.0005580584532220503 0.0005580584532220503 0.0005401502792370093 0.0004891921598862873 0.00041620911187377805 0.00033404182175224306 0.0002539607927401746 0.00018368381148572188 0.0001269509300967989 8.423089484660309e-05 5.39156921753944e-05 3.347319632457377e-05 2.027892152361156e-05 1.2074288951694013e-05 7.129199054697411e-06 4.225112317894956e-06 2.5582391199575733e-06
0.0007394661912255298 0.00079793855097057 0.0008613000359676037 0.0009270386981326569 0.0009918449012928862 0.001051727097447916 0.0011023346173211327 0.001139483115518524 0.0011598000283059584 0.0011613317717464127 0.0011439279136659182 0.0011092716991860955 0.0010605461504282349 0.0010018504740712587 0.0009375485780610373 0.0008717166936959382 0.0008077861338510882 0.0007483966565428651 0.000695420212980174 0.0006500937215395175 0.0006132046758977714 0.0005852913108024471 0.0005668392292646833 0.0005584738345694529 0.0005579060598762663 0.0005387103222561882 0.0004871253879691912 0.0004137424206109607 0.0003314340638644408 0.00025144314468820143 0.00018142194729113556 0.00012503367623813817 8.267968718465976e-05 5.270471194705777e-05 3.2550938494256516e-05 1.958550648880929e-05 1.1552536787616198e-05 6.729982082133206e-06 3.90856916516329e-06 2.292489655451137e-06
0.0008216830664223522 0.0009012535054809921 0.000988313989663081 0.0010797439168653516 0.0011710731706486611 0.0012565668519177236 0.0013296671523904463 0.0013838288059790551 0.0014136320206047195 0.0014158841912875848 0.0013903379416928471 0.001339748792659047 0.0012692492327917968 0.0011852833897705493 0.0010944726563575627 0.0010027234190098627 0.0009147215924668189 0.0008337974601135423 0.000762053680422522 0.0007006322314403257 0.0006500229375712156 0.0006103563141198876 0.0005816586954234385 0.0005640722945690707 0.0005576901152601761 0.0005383253116586326 0.0004879324053528565 0.00041544462807629687 0.0003336415202094637 0.0002537798242551741 0.00018359933453447797 0.00012687920052267915 8.412774518226747e-05 5.3767154858739014e-05 3.32832070053936e-05 2.005869048422868e-05 1.1835155728023294e-05 6.878797062464346e-06 3.965710155300457e-06 2.285867578880424e-06
0.0009219636825639904 0.0010286337439063468 0.0011470686204998 0.00127352567834348 0.0014020457583834329 0.0015243916461808516 0.0016305885052879147 0.0017102264222830467 0.0017543976946542206 0.0017577457581617912 0.0017198523576515544 0.001645350492484676 0.0015427106107389274 0.0014222438356618764 0.0012941018596480081 0.0011668545661695602 0.0010468334376853928 0.0009381138394776838 0.0008428811687968973 0.000761944951282017 0.0006952461839815625 0.000642284911295979 0.0006024523367564125 0.0005752837369223306 0.0005602823368018119 0.0005388058931796396 0.0004914428167142893 0.0004211985835166785 0.0003406163775926459 0.00026099146515558275 0.00019029149378094355 0.00013259834678996314 8.870178409126189e-05 5.7230187777653885e-05 3.57877067010924e-05 2.180197657017428e-05 1.301065257051937e-05 7.650950401911482e-06 4.46206881050623e-06 2.5991057260402837e-06
0.0010411320862974114 0.0011823648113905958 0.0013421275458848064 0.0015162517800621346 0.0016970368365126886 0.0018727747525609647 0.0020282402352568094 0.002146636114134873 0.0022129823322032146 0.002218031063015702 0.0021610530520273356 0.0020500685888565845 0.0018993972869356197 0.0017258032581610383 0.0015449349975841676 0.0013691283527116952 0.0012067101238509867 0.0010623582956007676 0.0009379583425251416 0.0008335413129185622 0.0007480880537171414 0.0006801326303554876 0.0006281797152533001 0.0005909837069149838 0.0005675675048411045 0.000540738279993828 0.000497184666157104 0.00043066641623475875 0.0003521990524014747 0.0002730978624916082 0.00020166543762556075 0.00014245631493488712 9.671489649196504e-05 6.341367408095337e-05 4.036345447375644e-05 2.5079039011845663e-05 1.5303075758829144e-05 9.233264989212865e-06 5.553374736210112e-06 3.364939032449373e-06
0.0011789895064181002 0.001363631936742439 0.0015771518473834372 0.0018155934471673096 0.0020695922188318865 0.002322924637438576 0.002552452498024 0.002730755904496449 0.002832028040788337 0.0028397749136870962 0.0027526786445013964 0.0025850954009592965 0.0023618648231318908 0.0021106222728169565 0.0018554517497698301 0.001613732296439191 0.0013958476417784114 0.0012064971940581306 0.001046476240823048 0.0009142819976473611 0.0008073155003916779 0.0007226800071001733 0.0006576664750524038 0.0006100312946853754 0.0005781567754829233 0.0005468405063318068 0.0005043609053761116 0.00044324233435003057 0.0003680581568762511 0.00029005769971055087 0.00021792971566248327 0.00015683935713677277 0.00010865169678191221 7.283205962934402e-05 4.750576082544979e-05 3.0337647160744293e-05 1.910117512656366e-05 1.1955618587392257e-05 7.517330947272884e-06 4.817823188562994e-06
0.0013335695044753965 0.0015713937605409166 0.0018533307896461178 0.002177092334068333 0.0025326589312758842 0.0029008836429868495 0.003247048449540005 0.003523921540061235 0.00368373345942558 0.003694738246334855 0.003554944254788499 0.0032930881655861867 0.0029560474997648908 0.0025910697244167762 0.002232145662631799 0.0019023849917533108 0.0016134544485348682 0.001368651631426627 0.001166257549592237 0.0010020728726403017 0.0008710648162080183 0.0007683185087662899 0.0006895262328540908 0.0006312053216143871 0.0005907796238062602 0.0005565263812656456 0.0005129890447613341 0.00045798685694409323 0.0003875983858606143 0.00031166935469225694 0.0002392459259583765 0.00017618918593704494 0.00012513090055405563 8.61844566037181e-05 5.791935354842538e-05 3.823981188260041e-05 2.499970988418941e-05 1.633871801108151e-05 1.0804887465657237e-05 7.348533064405957e-06
0.0015002882505078096 0.0018011039624348385 0.002173375019360056 0.002622701321428909 0.0031410978381857585 0.0037010892152684782 0.0042480819819299106 0.004700372608596251 0.004966557247464993 0.004981753140147653 0.00474203178910446 0.004306916192537159 0.0037673426260357813 0.0032077988664464346 0.002686244027424118 0.0022326528451786978 0.0018548550811275134 0.0015441656253540304 0.0012932463726149969 0.0010936003121552117 0.0009367101213777238 0.00081498572734443 0.0007221250155664804 0.0006534717751736295 0.0006056025837159647 0.0005699767908873823 0.0005267859953670759 0.00047590855969106263 0.00041141249960695964 0.00033825278529010225 0.00026583178707824406 0.00020089410630547605 0.0001468275304998286 0.00010431425059667556 7.251243022024379e-05 4.9683824205608025e-05 3.384598995713776e-05 2.319263053729404e-05 1.6179265561194466e-05 1.1660947354539139e-05
0.0016794301925533875 0.002072509041708729 0.0025773780211347025 0.0032087247440583857 0.003967881932808013 0.004827230138319857 0.005709699557018026 0.006474994900151232 0.006941028734586976 0.006964569764514133 0.006536734906445756 0.005790500348666624 0.004910251214673385 0.004043992273469909 0.003275248115847675 0.002635101626148053 0.0021234694298474287 0.0017257955504131903 0.0014211447112812596 0.0011842042445622712 0.0010020598772728553 0.0008653603518811501 0.0007633935991411084 0.0006884753117104834 0.000635336761766026 0.0005987933098190834 0.000557718636951863 0.0005095104900299077 0.0004484561830595182 0.0003774154800985019 0.0003035342412316305 0.00023474906294433445 0.00017579524429643288 0.00012844728106461596 9.256800875833077e-05 6.63960391496709e-05 4.7607114860707066e-05 3.44154838283989e-05 2.535113329688154e-05 1.927767253401011e-05
0.0018927010431266504 0.00240205153431168 0.0030765715684888647 0.003952034775775169 0.005053312219786359 0.006369792184266772 0.007811201855075564 0.009150408304218243 0.010015002729829924 0.010057384298605612 0.009253685661820556 0.007931272314712341 0.006477612742523963 0.005139741996167914 0.004018832453550147 0.0031289111097350304 0.0024450018307670403 0.001930163135204241 0.0015509720356075799 0.0012806606263413823 0.0010835564377375223 0.0009357424571117145 0.0008251197468938188 0.0007432505791329482 0.0006843538505948702 0.0006446415173211336 0.0006075141867143585 0.0005620738523629616 0.0005031676758760291 0.00043247385401837723 0.0003566861238606168 0.00028284214279905356 0.00021777871785702904 0.00016489230320587166 0.00012359706607055018 9.240228658061314e-05 6.9500629990827e-05 5.291928930672309e-05 4.1009740986992305e-05 3.270038873356012e-05
0.0021367755835566115 0.002782933578932364 0.003663747076410357 0.004848433401932928 0.006407308897721756 0.008383535145662578 0.010722983558494074 0.01312448688893065 0.014845614498473698 0.014938006643202759 0.013321521402366452 0.010913345163279707 0.008524786739477836 0.006500924727529817 0.0049083704680371485 0.003703365540635419 0.002812568471826931 0.0021771581140678366 0.0017285617562720467 0.0014111848203848538 0.0011874041201328249 0.0010279463218723231 0.0009084058395451592 0.0008193033781213232 0.0007544118720264973 0.0007096333167468697 0.0006769731353537244 0.0006358186397779334 0.0005799946652615271 0.000507515270148672 0.0004281584647152153 0.00035146711579639304 0.0002819591680727754 0.0002223131496496951 0.00017338800232751257 0.0001347487555848709 0.00010521577930699524 8.33185297315419e-05 6.754755245938992e-05 5.618288099964401e-05
0.002401792390397199 0.0031997838703117175 0.004314426609347578 0.005859061710460905 0.007971497812630107 0.010797584335775226 0.014429579284251167 0.018691120364488015 0.022415157712467666 0.02267465321628089 0.019104293873088367 0.014730216109972964 0.01097124730698676 0.008058794980179753 0.005897527159397642 0.004336104235885262 0.003249957490450197 0.0024940756241112493 0.0019641774682710497 0.0015907237804185634 0.001327418394499495 0.0011435538284614215 0.001015131360898375 0.000919241709139162 0.0008486053502276343 0.0007989203611514563 0.0007673155269060742 0.0007339230659855314 0.000683067688025642 0.000610183507012742 0.0005310166305855804 0.00045263008733673006 0.0003785807294083619 0.0003109056829519492 0.0002522359285901145 0.00020358254198446756 0.00016473744083126554 0.0001347847153843773 0.00011252436093286828 9.676024646823042e-05
0.002673821733420252 0.0036286502251213736 0.004985719885421321 0.0069041848607508975 0.009592958743722587 0.013314705006560804 0.01837786986421304 0.025082425707243585 0.033246518034964784 0.03429201342233824 0.025855011999998307 0.018777273812138347 0.013485451007115547 0.009641751586483786 0.0069134233350341455 0.0050480806861835596 0.003767709928248305 0.002880258170406763 0.002259567252108031 0.0018224177646664445 0.001513727476575852 0.0012970279027049976 0.0011483675835950858 0.0010467891172519445 0.0009714825032060401 0.0009176241010255593 0.0008826399111512199 0.00085965723994357 0.0008189204383551654 0.0007573506462556418 0.0006829947102813879 0.0006024900494976135 0.000521801276172715 0.00044553274116581286 0.00037572545652252837 0.00031455773830546064 0.0002633052346472959 0.00022203982389536837 0.00019012954432651803 0.00016665726390207257
0.0029364198530859673 0.004040370902988116 0.005623690280213 0.007879249673549825 0.011057612552077737 0.01546591166076868 0.02144348101379614 0.029250235137169605 0.03825830878947044 0.039229984268788584 0.03001104928189899 0.021779834102324945 0.015547354008157054 0.011037940098294634 0.007939086407324119 0.005816257574389584 0.004351022930646828 0.0033311601025761053 0.0026154106441257812 0.0021096687312931375 0.0017511605524141995 0.0014980357529488276 0.0013225858702615864 0.0012068996539625163 0.001129307606362177 0.0010729946263567844 0.0010355210608106083 0.0010173807098070927 0.0010055818712518478 0.0009655800589486481 0.000902577392458941 0.0008239790267020487 0.0007374652986842587 0.0006498701926252633 0.0005665135579418408 0.0004909246885838138 0.00042437450838764 0.0003680860462597954 0.0003225155099519732 0.0002874016139530875
0.003173218479894895 0.004406550135174584 0.006177769734943469 0.008691627487566501 0.012190662945176112 0.01691168079423841 0.022952201691080275 0.029875924292490436 0.035623667933857926 0.03586503878014954 0.030177745822179518 0.023025366074743377 0.01681428447263495 0.01218856963720681 0.008906793408817636 0.006599946612916939 0.004979907439327211 0.003838512101215004 0.003030283540127782 0.0024551821212507106 0.002045000163814596 0.0017535229678455298 0.0015497338740266642 0.001413287367084844 0.0013304762831742806 0.0012750478304176399 0.0012377130896088547 0.0012342701377838492 0.0012570599585771344 0.0012532923627993778 0.0012139801643502193 0.0011463951712346878 0.0010596235556643312 0.0009628376678211899 0.0008640240115602909 0.0007693230154544413 0.0006829110571683986 0.0006072449289230733 0.0005434134806437839 0.0004914567745425667
0.0033705206651799225 0.0047053452996617656 0.006614140989971095 0.00929276778727323 0.012937072743524767 0.017652663258252228 0.023255851158274103 0.028912902484638056 0.03279281815351918 0.03278596285616986 0.028812465593183626 0.02299687098506838 0.017459861521918706 0.01306281074960365 0.009766465281746177 0.007362773307334572 0.005631689990237935 0.0043901817576301495 0.0034996431479645063 0.002859831116893842 0.0024000492500487166 0.0020712264443373584 0.0018398037600422458 0.0016833887269210967 0.0015878871054432057 0.0015375024865952485 0.0015158621107212453 0.0015430057083191757 0.001595001601957959 0.0016412078530945234 0.0016460602233213909 0.0016063353078123216 0.0015317517088959513 0.0014336870222523418 0.0013230997537160623 0.0012092113270954152 0.0010989719465567985 0.0009971161547071943 0.0009065569456944452 0.000828907534456182
