_RESULTS/CROSS_VALIDATION_POSTPROCESSED/Berg/GZ/7comp/4/Berg_GZ_z_0_kriged_reverse_7comp_spherical_4.asc
ncols 100
nrows 90
xllcorner  5.6208707817415728
yllcorner 50.959635321741573
cellsize 0.00013419651685393446
nodata_value 1.7014100000000001E+038
[rows 72 to 89 of 90, columns 0 to 40 of 100]
0.00669205179928253 0.008126013729513637 0.010185181279440335 0.013097149891872498 0.01716201989952092 0.022741713340448434 0.030204741744324907 0.039783495492553764 0.051299887025917555 0.06378707541967396 0.07526292110073901 0.08316371379183878 0.08556679081332129 0.08222494328254164 0.07442590386800232 0.06409148919615328 0.053007169410057856 0.04246868442720551 0.03322804809782113 0.025586755643464316 0.019538354540540218 0.01490475442617452 0.011439882210259955 0.008895064073921417 0.007052486522481556 0.005737162218700828 0.0048169722966885774 0.0041976361838340125 0.003816797708352815 0.003637480301121046 0.0035858190813987563 0.0035869026840900215 0.0035873250494851626 0.0035867867317693385 0.0035856166836710753 0.003584717210629149 0.0035846875564810076 0.0035846875564810076 0.0035846875564810076 0.0035846875564810076 0.0035846875564810076
0.0069602728640512255 0.008371091412726218 0.01040093548745977 0.013273931829476776 0.01729169634803153 0.022830890760326947 0.030301820416061224 0.040017583854290995 0.05189307709986669 0.06491825885188635 0.07665450987090372 0.08374327179609739 0.08407614571197046 0.07832297641568263 0.06881643259614065 0.05785827829874948 0.04705706960711798 0.03733510448912302 0.029104360404570803 0.02244110658797185 0.017226412337551854 0.01324927186377792 0.010274942067306071 0.008084358162902084 0.006492430823754293 0.005353003682369953 0.004556777075689457 0.004026569482994778 0.003712629881598328 0.0035896665602107797 0.0035846875564810076 0.0035846875564810076 0.0035846875564810076 0.0035846875564810076 0.0035846875564810076 0.0035846875564810076 0.0035846875564810076 0.0035846875564810076 0.0035846875564810076 0.0035846875564810076 0.0035846875564810076
0.00724542046498322 0.00862556063950763 0.010598126923683195 0.013392985881778082 0.017308878792215026 0.02273569465065598 0.030137747357679292 0.03996456018666725 0.05237999039359449 0.06658942366551439 0.07964111472169842 0.08635772790138875 0.08395656508622337 0.07511546263096516 0.06372921285604469 0.05222508058007249 0.04177510606599013 0.032847874897474025 0.025535747592051437 0.01973294219638056 0.0152400551109663 0.011828219285058937 0.009276989305443566 0.007393906277638248 0.006021822924279673 0.005038954518173588 0.004355424674589202 0.003908898051002227 0.0036609806766119074 0.0035858293707767596 0.0035846875564810076 0.0035846875564810076 0.0035846875564810076 0.0035846875564810076 0.0035846875564810076 0.0035846875564810076 0.0035846875564810076 0.0035846875564810076 0.0035846875564810076 0.0035846875564810076 0.0035846875564810076
0.007455101466633519 0.008886762346613283 0.010778370970126716 0.013446048345550155 0.01718442852830157 0.022380218121072996 0.02953243325878459 0.03922878368874917 0.05200920735237728 0.06783199146665063 0.08403438060017981 0.09120677284224085 0.08412142081557643 0.07135620528563875 0.05834750857207253 0.04671944752336428 0.03688034832689152 0.028830941410418844 0.02241031404914595 0.017393136566495108 0.013538897197708585 0.010619761914804167 0.008435537188252552 0.006819849732498381 0.005640596962697361 0.004797201438313485 0.004216646810379855 0.0038497248085620148 0.003662172080110169 0.0035878374709510047 0.0035846875564810076 0.0035846875564810076 0.0035846875564810076 0.0035846875564810076 0.0035846875564810076 0.0035846875564810076 0.0035846875564810076 0.0035846875564810076 0.0035846875564810076 0.0035846875564810076 0.0035846875564810076
0.007555186182412447 0.009029342148819102 0.010935247363162736 0.013436737820309226 0.01690853513009481 0.02171988218156139 0.02834593837239978 0.03740571050297802 0.04966913728185726 0.06600474777469202 0.08686320415074544 0.09738562093250422 0.08091326618067596 0.06521028192425254 0.051966509176218964 0.041059786415528085 0.032229279262088455 0.025190325721863024 0.019660799279346126 0.015374875506510711 0.012092638086626752 0.009606083467191369 0.007741528245321601 0.0063589705426624985 0.005349387082319937 0.0046310578221317325 0.004145896678405509 0.0038483140780821053 0.0036682987324001067 0.0035890914769784467 0.0035846875564810076 0.0035846875564810076 0.0035846875564810076 0.0035846875564810076 0.0035846875564810076 0.0035846875564810076 0.0035846875564810076 0.0035846875564810076 0.0035846875564810076 0.0035846875564810076 0.0035846875564810076
0.007536162433456239 0.009002202724862254 0.010896154314156007 0.01334112279674095 0.016506179198054124 0.02078127341650027 0.026591109794372438 0.034413445671288914 0.044802847897029575 0.058234372572895085 0.07398115600717348 0.08042729139920335 0.06881402178188271 0.05577437553430462 0.044543730508682995 0.03529646105563981 0.027837350114965964 0.02190988409556051 0.01725918286592106 0.013651374194008508 0.010881191767634293 0.008774665516993678 0.007188936440412246 0.006010244552025418 0.005150941078162422 0.004546283722061418 0.004133534456659924 0.0038460697256176807 0.003667127851198676 0.0035888395696548124 0.0035846875564810076 0.0035846875564810076 0.0035846875564810076 0.0035846875564810076 0.0035846875564810076 0.0035846875564810076 0.0035846875564810076 0.0035846875564810076 0.0035846875564810076 0.0035846875564810076 0.0035846875564810076
0.007399861710754965 0.008808281016504271 0.010617814497040155 0.012936876666781857 0.015900002820952133 0.019668000582874212 0.02448075827963693 0.030702248025396752 0.038463802321888396 0.047383856866360596 0.05546289106256045 0.05800642533504703 0.05313874264792563 0.04506575352194138 0.03693456198174746 0.029788450164345996 0.023839321594141625 0.019026252889544296 0.015204007440459247 0.01221056844012484 0.009893229428112311 0.008118643002578139 0.0067758781100439956 0.0057762290562426025 0.005048467348913982 0.004506598383897485 0.004107817887293175 0.003829987360387107 0.003658827978405183 0.003587223630684361 0.0035846875564810076 0.0035846875564810076 0.0035846875564810076 0.0035846875564810076 0.0035846875564810076 0.0035846875564810076 0.0035846875564810076 0.0035846875564810076 0.0035846875564810076 0.0035846875564810076 0.0035846875564810076
0.007159084794738063 0.008467950028740505 0.010133500950420439 0.01224139873919625 0.014890274968637134 0.018183272214974844 0.022204828036710506 0.026964896663184548 0.03231838539897163 0.037768103747133575 0.04194559245985604 0.04304512480766134 0.040510833240907734 0.03567951414268404 0.030176859671816186 0.024953074125612 0.020393711341291327 0.016590326298958985 0.013504635211791823 0.011049083856603206 0.009124477643347964 0.007637070012020276 0.00650271807960683 0.005626116085933176 0.004950498784246168 0.00443843292982501 0.004062044576333407 0.003801614503866708 0.003644616776943236 0.0035852743828057856 0.0035846875564810076 0.0035846875564810076 0.0035846875564810076 0.0035846875564810076 0.0035846875564810076 0.0035846875564810076 0.0035846875564810076 0.0035846875564810076 0.0035846875564810076 0.0035846875564810076 0.0035846875564810076
0.006835081644546104 0.008014406239812175 0.0094961663787117 0.011341036935447264 0.013610942471995176 0.01635594832345089 0.019587295206545865 0.023226934547325252 0.027025229767881 0.03046491817758922 0.03276144511426121 0.03317843723041806 0.031584254589983096 0.02852089846868756 0.02479379778103456 0.021035532299194772 0.017600749646098694 0.014636359418301327 0.012169458540885964 0.010164863159852848 0.008549776490129045 0.007260027801948067 0.006238793777880975 0.005437579457716085 0.004816815723747536 0.004345397684326555 0.00399988017378955 0.0037637079685275284 0.003626692026614752 0.0035846875564810076 0.0035846875564810076 0.0035846875564810076 0.0035846875564810076 0.0035846875564810076 0.0035846875564810076 0.0035846875564810076 0.0035846875564810076 0.0035846875564810076 0.0035846875564810076 0.0035846875564810076 0.0035846875564810076
0.0064537568333082225 0.007486962994706377 0.008766292061558 0.010329901382731299 0.012209564507551 0.014417410255002604 0.016923380828001926 0.019621406323409748 0.022289378552251177 0.024567968100792953 0.02601280376969831 0.026263680781550742 0.025251157204483784 0.02324276834474563 0.020676107652788878 0.017955840816968056 0.015357315882935743 0.013027010649144619 0.011019849190805434 0.009336774360556242 0.007951616385351936 0.006827576508015146 0.0059263698677361224 0.005212821059130873 0.00465686566421249 0.004234187879313554 0.003926232877449958 0.003720032873198467 0.0036081202972232944 0.0035846875564810076 0.0035846875564810076 0.0035846875564810076 0.0035846875564810076 0.0035846875564810076 0.0035846875564810076 0.0035846875564810076 0.0035846875564810076 0.0035846875564810076 0.0035846875564810076 0.0035846875564810076 0.0035846875564810076
0.006041755735537645 0.00692452636808209 0.008000953326091631 0.009291585217835605 0.010807168808962144 0.012537858224789646 0.014437702179205843 0.016405980348279413 0.018272461421934547 0.019802372828822842 0.020741253136830833 0.02090177672233788 0.020249370243634313 0.018919864309508094 0.01715341587618035 0.015200409859165553 0.013258473983855412 0.011454163058920263 0.00985242336530207 0.008475010197158949 0.00731762281975674 0.006362516143255465 0.0055866732019133674 0.004966638844398985 0.004481149668413942 0.004112442142334649 0.003846853336489731 0.003675126923527174 0.0035927106881372874 0.0035846875564810076 0.0035846875564810076 0.0035846875564810076 0.0035846875564810076 0.0035846875564810076 0.0035846875564810076 0.0035846875564810076 0.0035846875564810076 0.0035846875564810076 0.0035846875564810076 0.0035846875564810076 0.0035846875564810076
0.005623363456984141 0.0063608795052223326 0.0072468705623719145 0.008289599860956176 0.00948712507829668 0.010819651501522533 0.012240189709100907 0.013665792525625414 0.014974527220209038 0.01601594645447618 0.01664104110772481 0.01674684676717377 0.016314882539836137 0.015418665600082515 0.014194915209224583 0.012798160467328255 0.011363636151102818 0.009989600122468873 0.008736108482520856 0.007632345824501472 0.006686150921760078 0.005892450983979164 0.005239559507338626 0.004713416493597797 0.004300242864098088 0.003988123613878491 0.0037679532313076034 0.003634079103767168 0.0035849063627534307 0.0035846875564810076 0.0035846875564810076 0.0035846875564810076 0.0035846875564810076 0.0035846875564810076 0.0035846875564810076 0.0035846875564810076 0.0035846875564810076 0.0035846875564810076 0.0035846875564810076 0.0035846875564810076 0.0035846875564810076
0.005218655116128892 0.005822312024666366 0.0065378111943480794 0.007365678026873212 0.008297456250348625 0.009310789534445512 0.010364359624817996 0.01139451877307602 0.012316629750338856 0.013034427205569212 0.013458521314919336 0.01352980531771853 0.01323787010549898 0.012624475341445042 0.01177003283817268 0.010770772125913337 0.009717470741230005 0.008682448204070266 0.007715461537228232 0.0068456570049723895 0.00608626157262522 0.005439699511646632 0.004901984826584101 0.0044660465563785305 0.004124062886869 0.0038690410141861862 0.00369590919702315 0.003602368184024509 0.0035846875564810076 0.0035846875564810076 0.0035846875564810076 0.0035846875564810076 0.0035846875564810076 0.0035846875564810076 0.0035846875564810076 0.0035846875564810076 0.0035846875564810076 0.0035846875564810076 0.0035846875564810076 0.0035846875564810076 0.0035846875564810076
0.0048428688042114676 0.005327268328410579 0.005895205084619965 0.006542823517509462 0.0072591092195426424 0.008022948459127554 0.008800654288620785 0.009545167383008441 0.010198494233484198 0.010698626541296462 0.010990684376563318 0.011039526077716556 0.010839046982874079 0.01041388717944275 0.00981270476941813 0.009096236968053454 0.008325116449273497 0.0075511593655968896 0.00681328436994371 0.006137246037451855 0.005537630284169656 0.00502072376230066 0.004587368534658491 0.004235384260903719 0.003961457328114403 0.003762567464375071 0.0036370972428378854 0.003585796972062464 0.0035846875564810076 0.0035846875564810076 0.0035846875564810076 0.0035846875564810076 0.0035846875564810076 0.0035846875564810076 0.0035846875564810076 0.0035846875564810076 0.0035846875564810076 0.0035846875564810076 0.0035846875564810076 0.0035846875564810076 0.0035846875564810076
0.004506698792736556 0.004887310234601195 0.005330470605400931 0.0058301634339121425 0.006375046123910797 0.006946792235938477 0.007519034182367496 0.008057616512420141 0.00852290405484801 0.008874524226598702 0.009078045693660199 0.009111951672086616 0.008972542558162842 0.008674819138795508 0.008248974021091936 0.007733933084402039 0.0071703096276546485 0.006594789797344405 0.006036888515014607 0.005517978874188258 0.005051933746390277 0.004646622998842995 0.004305678599095657 0.004030178903607718 0.003820106711766833 0.0036755731346979916 0.0035978807930518164 0.0035846875564810076 0.0035846875564810076 0.0035846875564810076 0.0035846875564810076 0.0035846875564810076 0.0035846875564810076 0.0035846875564810076 0.0035846875564810076 0.0035846875564810076 0.0035846875564810076 0.0035846875564810076 0.0035846875564810076 0.0035846875564810076 0.0035846875564810076
0.0042171369275035425 0.004508702644791285 0.004847859683809356 0.005227757895688159 0.0056378034429663895 0.006062767440112474 0.006482435804327226 0.0068721870628951675 0.007204823894160753 0.007453712027564723 0.007596799706152614 0.00762056872033521 0.0075227133445909915 0.007312615925538433 0.0070094453556994885 0.006638558272721832 0.006227369991307911 0.0058017929340925855 0.005383881929232358 0.00499079929562667 0.004634851679997823 0.004324214837836494 0.004063992864507164 0.003857365494116977 0.0037066948195599546 0.0036145600211064492 0.0035846875564810076 0.0035846875564810076 0.0035846875564810076 0.0035846875564810076 0.0035846875564810076 0.0035846875564810076 0.0035846875564810076 0.0035846875564810076 0.0035846875564810076 0.0035846875564810076 0.0035846875564810076 0.0035846875564810076 0.0035846875564810076 0.0035846875564810076 0.0035846875564810076
0.003978551324155093 0.004194129833317208 0.004447122938222891 0.004730548920472847 0.005034947525543858 0.005347913398016701 0.005654059104284565 0.005935604372919152 0.006173717146705793 0.006350555923494215 0.006451707323971413 0.00646847369276471 0.006399381184742692 0.006250444460971225 0.0060341030380847375 0.005767164395251071 0.005468350335849878 0.0051560501860301216 0.004846688895725258 0.004553853914079363 0.004288111014734542 0.004057328328275161 0.0038673112524018616 0.003722592494409231 0.0036272858590331537 0.0035859777154594987 0.0035846875564810076 0.0035846875564810076 0.0035846875564810076 0.0035846875564810076 0.0035846875564810076 0.0035846875564810076 0.0035846875564810076 0.0035846875564810076 0.0035846875564810076 0.0035846875564810076 0.0035846875564810076 0.0035846875564810076 0.0035846875564810076 0.0035846875564810076 0.0035846875564810076
0.003793802525450159 0.003944274700920977 0.004125704974976858 0.004331276785940383 0.004552669175906171 0.004779804554987905 0.005000920307301783 0.005203055459981007 0.0053729876365655035 0.00549854911307532 0.005570116837518467 0.0055819615299680875 0.00553311772123842 0.005427535100393615 0.005273467939070401 0.005082274243738648 0.004866939214100508 0.004640660149389445 0.0044157468921754576 0.004202959938035737 0.004011286833135997 0.003848081122267385 0.0037194626507928534 0.0036308912403734675 0.0035878609490208016 0.0035846875564810076 0.0035846875564810076 0.0035846875564810076 0.0035846875564810076 0.0035846875564810076 0.0035846875564810076 0.0035846875564810076 0.0035846875564810076 0.0035846875564810076 0.0035846875564810076 0.0035846875564810076 0.0035846875564810076 0.0035846875564810076 0.0035846875564810076 0.0035846875564810076 0.0035846875564810076
