_RESULTS/CROSS_VALIDATION_POSTPROCESSED/MHZ/TZ/2comp/5/MHZ_TZ_z_500_kriged_reverse_2comp_spherical_5.asc
ncols 100
nrows 81
xllcorner 5.5967107548124995
yllcorner 50.982328804812504
cellsize 0.00017565037499993607
nodata_value 1.7014100000000001E+038
[rows 19 to 37 of 81, columns 43 to 85 of 100]
0.5422365125343134 0.4502469720186714 0.37182076888216387 0.30572712539495456 0.2505862965236843 0.20507182139629798 0.16844454303768702 0.1508683207476576 0.18874306059877352 0.24821510933749993 0.3262581165855131 0.4252962921717203 0.5473126853502547 0.6921014816312401 0.8524898718654392 1.022438540127866 1.1957318652435422 1.3656161112110095 1.5250325966653793 1.6668718407465817 1.7844608895544294 1.8722665205630267 1.926410369125551 1.9444743957460577 1.9246581495554094 1.8835484319191698 1.843743999783988 1.806662022224885 1.7735439721768536 1.7390729913576584 1.6979575114223273 1.6578404353943126 1.622537736893253 1.593047658638863 1.570137871310951 1.5544038162516394 1.5463195889061763 1.5462749034297145 1.5545943645941602 1.5715365141522373 1.593678297122033 1.6139484297301805 1.6320187268971078
0.5628272044281929 0.4698570130549746 0.39036664012567435 0.32324609504517227 0.26723375581707154 0.22124583481131554 0.18550157129780595 0.1725018809105646 0.2102038838706563 0.2757122863453017 0.36349582610280323 0.47550489899236775 0.6103642058280598 0.763205669378192 0.9281754106013961 1.0987483391935915 1.2686612284317313 1.431927644066036 1.5828355294665233 1.7158163278559309 1.8254936491197316 1.9070271239236647 1.9565267608523427 1.971091817280298 1.9483780456916555 1.9049989764223851 1.8635806593904145 1.8260465478131573 1.794251660165802 1.7700657202122536 1.7417520577490666 1.7059508138066903 1.6655569266330077 1.6312372059378337 1.6041898487806239 1.5849940638031648 1.574100549844424 1.5718787823542395 1.5786393954151667 1.594626345965039 1.6189010247804347 1.6433981683729348 1.666214608666432
0.6009907854230523 0.5073585399485474 0.4275416043983818 0.3607792230456313 0.3064027602616698 0.26462159697043325 0.23845387592305334 0.23711131672847066 0.2709098300307671 0.33800116191496343 0.43473141466076404 0.5561490297256135 0.6974883908515366 0.8538820360789947 1.0180696412479258 1.1821838936414772 1.340550169088749 1.4889082735400387 1.623867219160257 1.742157706637388 1.8400770307052075 1.9133324168774617 1.9573058324672512 1.9675697426023735 1.9404746500273216 1.8949918386334994 1.8519536081417982 1.8141934219184623 1.7846016421828808 1.7678136100173092 1.7533260864070712 1.7328334022941685 1.7039930419707792 1.6670596139363039 1.6359414578151499 1.6134013401005411 1.5998574900752613 1.5956642310460498 1.6011424722452705 1.6165738373954626 1.6420603814722858 1.6716420133836247 1.7001056444187836
0.6570617618381286 0.5633577082277855 0.4841956118636913 0.41923501016254816 0.36843671834715364 0.33287306626413643 0.31580726071497384 0.323164054490264 0.36236303113008356 0.43611984170061496 0.5391672504096899 0.6661753569496127 0.8112077990472844 0.9663102180909772 1.1224358324482382 1.2708734044881749 1.4077302737921735 1.5318264328002618 1.6430678349760572 1.7410252989207124 1.8238854557340916 1.8877652470325006 1.926551560166536 1.9327980214858698 1.9006397873858754 1.8530533940967577 1.8081049890072172 1.7703909233290898 1.743994394845223 1.7335151195610823 1.7329909649323345 1.7285348369491675 1.7169973934499558 1.6954070741679836 1.6635914426175495 1.637929553940622 1.6219340848033357 1.6159443898253367 1.620308063096016 1.6353909935444932 1.6617198344573845 1.6965234638857705 1.731519185806902
0.7305791615677971 0.6377156572897512 0.5604106834100179 0.49867936762364834 0.452936017163661 0.42463365121918567 0.41676948779199074 0.4342255953537241 0.4843634083273363 0.565552449607789 0.674375690623926 0.8063841514476058 0.952597383640542 1.1007257851616445 1.2392384898273305 1.3602576692087789 1.4639555804248356 1.5538684141475736 1.6337419634196482 1.7059951355294423 1.7707689915002482 1.824881664140091 1.8605323270254999 1.8651185356815698 1.8287788298763648 1.778284362295246 1.7307646313643998 1.693808895304547 1.6721860519866214 1.6695633709304385 1.6824325243675406 1.6947700297858828 1.7012944212474421 1.6985794064289879 1.6832534925000964 1.6570290668565388 1.638826390961172 1.6311744262514625 1.6344414313039537 1.649082775365164 1.6761665187215846 1.715188625860899 1.7578440882954565
0.8195864639554833 0.7290531579153412 0.6551763841684227 0.5982350807767535 0.5590252855561062 0.53930118163462 0.5420107562329515 0.5722105746538129 0.6330067682817933 0.7212026527743075 0.8366840343644446 0.9741266601566281 1.120335771055906 1.2553236377088306 1.363655860842089 1.4424255010471863 1.500216401139423 1.5465355087037291 1.5883344569488305 1.6300150736528745 1.6734690456643206 1.7172191646599388 1.7536927291658782 1.7634303438098895 1.725549709483933 1.668834296055112 1.618178387210891 1.5841913633047509 1.5701728035772275 1.5779268027735036 1.6046074680232674 1.6344480843436568 1.6595907472846332 1.6761982744058088 1.680517303765219 1.6690204744929493 1.649330794976021 1.6401273864575676 1.6421815516589406 1.6561142218195626 1.6848539917079206 1.7287041777586967 1.778268500750585
0.9203085766957669 0.8343659832080063 0.7662376455323542 0.716428025082029 0.6859320567398882 0.6767667158339359 0.6920804438060051 0.7350981743750103 0.8027505486985007 0.8971622804218269 1.0189400989771469 1.162979412924835 1.3112352996381127 1.4271980917578928 1.4866345977105564 1.504677465478626 1.5048178325889445 1.5009402062514616 1.5005544471710954 1.5082268570481954 1.5267030644589543 1.5567771330630147 1.5956846917976262 1.6265321023132737 1.5896797185837352 1.5191390735352008 1.4691379696608335 1.4437774219353212 1.441653978407057 1.4627393177021613 1.5043039382848704 1.5519882644242626 1.595871266297764 1.6317813957795624 1.6556446169184988 1.6635951834872968 1.6526820135644165 1.6420639996833168 1.6436728880678284 1.6593789194847632 1.6904431391897745 1.7366783432480006 1.7881789618585449
1.027937811675382 0.9508737510719817 0.8918048625661963 0.8516077304044375 0.831784273692536 0.8347891879033297 0.8640516926605897 0.9133758351562333 0.984292249843062 1.0805169949502738 1.2039929084294692 1.353319744965871 1.5142966769991395 1.6144457090101099 1.5906541459540722 1.5280246660012775 1.4648757481495223 1.4107569974754532 1.3690482105002917 1.342573006941343 1.3335150100311262 1.3440382522981167 1.3732583711347048 1.415683299849145 1.3896103441474117 1.3283626029552802 1.295932256211962 1.288329799927804 1.3023549627414648 1.3377609480896135 1.392677458644864 1.455354371427361 1.5156728677508389 1.5699281532040805 1.6126342339023467 1.6393369537097462 1.6461850142800691 1.6385810240696894 1.6425549660994803 1.6602203865139469 1.6927282028009458 1.7393183594753132 1.789123703398894
1.1392829226904932 1.0748775649016473 1.0275951134105117 0.999146004028423 0.9916390957574436 1.0079180357613566 1.0471645829137246 1.096709244347962 1.164141110490532 1.2527215966050151 1.3644140781006997 1.5002653817767864 1.6601609975507037 1.7668192607118876 1.6212690449348126 1.4895353288074098 1.3743981407033863 1.2776410759877046 1.201207161054083 1.1475664206569718 1.116497308124706 1.106455335642714 1.1120637104921356 1.1229736999703592 1.1231630606681928 1.113108179056225 1.1138465957312103 1.131056354541281 1.1647956767770502 1.2163710195993438 1.2851446263188915 1.3609249537799861 1.4337767146903684 1.5002176099290878 1.556912377748627 1.6004322525230632 1.6265643144798039 1.632853356560609 1.6395256969898817 1.6592133935570141 1.6928700102824008 1.7390503887432345 1.786452614306351
1.2498146993475276 1.2009170706581147 1.1677513987438606 1.152766902552271 1.158568293087784 1.1882345952100228 1.2299989411815047 1.2736940635565992 1.3287785898263251 1.3971544719367064 1.4779498816199002 1.566274786050537 1.6436533719415491 1.6453134308005546 1.531514460821017 1.3821360280281845 1.2395577701803484 1.116983611765069 1.0195413581635993 0.9476139920787549 0.9001161580068112 0.8739085218496667 0.8639681204363423 0.8714646175847184 0.888607192418829 0.9109423153764123 0.9415474327248772 0.9831425074347776 1.0366464788674412 1.1043084758628618 1.1867292482325629 1.2744776510317324 1.3586310682611327 1.4358562491780378 1.502770468868347 1.5577732187829842 1.6004887368370562 1.625568395591516 1.6366533935932657 1.6588065270434535 1.693978254448584 1.7399352094800522 1.7855511712959138
1.3550218649917256 1.3232312310899232 1.3056325963151239 1.3050384837855897 1.324243401372436 1.3642830060486215 1.4026540887753869 1.4346406443595665 1.469081394728903 1.5067542933755915 1.5436853829556132 1.5705029279738558 1.568000220462504 1.5091121532890563 1.3882169527343071 1.235158875858732 1.0845607572579217 0.9522315012736999 0.8433247113993899 0.7596663482713404 0.7015348470557267 0.6670076412703637 0.6561812351487806 0.6693396683459794 0.6993656492054922 0.7412113486695275 0.7928187445050111 0.8538183650598675 0.9243467874469891 1.0062915928130707 1.1010744764722913 1.1994840618848888 1.2941827554398333 1.3813957453549335 1.4581920912341582 1.5247090141536304 1.5780820313882296 1.6149832138265239 1.6346883280230067 1.6600169201693968 1.697513624194924 1.7438018381608054 1.7887263864257912
1.450376671101501 1.436034668863028 1.4343634346023098 1.448100486005448 1.479833315935036 1.5251442113629083 1.5569523937302001 1.5734882700239687 1.5820474320902402 1.5840755574180503 1.5746098857662916 1.5451288755832515 1.484051582165414 1.3824375920237113 1.2430189831457077 1.087226940484071 0.9354009424341861 0.7993121545423078 0.6849999541370918 0.5953818979896637 0.5318769023741152 0.4962615017525091 0.4914262701985812 0.5121191695444358 0.5521795694688069 0.6065214379161104 0.6719316046145403 0.7468568942479307 0.8307633385618626 0.924499121433016 1.0299990125621188 1.1375846277187578 1.2412019748558416 1.3370708759128027 1.4247337709470567 1.5019991485774509 1.5650779234442838 1.6102304010423296 1.6350832371728556 1.6635270636884838 1.7043490273261943 1.7512840702119015 1.796487432871801
1.5315088868072744 1.5339266340839324 1.54751344664684 1.5745827307297906 1.6171607358165987 1.6637772774202961 1.6874869302283004 1.687952154448558 1.6692899437225455 1.635926389127059 1.583879657565529 1.5078784262490537 1.4032760712216703 1.2696921726068102 1.116700896321175 0.9581164180585244 0.8059417012947496 0.6691218045524321 0.5530243995094926 0.46080759959450807 0.3957689486929414 0.3640043039091456 0.36501974672955484 0.3932524103598077 0.44167363093750406 0.5049765204482657 0.5799189598315504 0.6647821744318737 0.758942276479478 0.8628533794796315 0.976827418072442 1.0914192255388664 1.2018255081340126 1.3055110603699187 1.4022168524319039 1.488287844885757 1.559823933460096 1.612961573768092 1.6439884370159943 1.6705024179790295 1.7145945281332373 1.7624772403960807 1.808766373685854
1.5947961342502883 1.6125991815005216 1.6400144626674946 1.6787276475183417 1.7299897207810044 1.775803570468848 1.79168253497487 1.7775719330479531 1.7344766669683647 1.669154435759996 1.5807001666373393 1.4675970427333347 1.3304548703729162 1.176271513710842 1.014662092842199 0.8539529620088943 0.7026470082114938 0.5672325836606111 0.45171077308202345 0.35916533258148703 0.2950031447958391 0.2642984732131805 0.27124820326320886 0.30821971065898357 0.36449347440539437 0.43473459146314875 0.5165202922441386 0.6087183398787989 0.7111390889140207 0.8237496996896927 0.943673956041745 1.0632049310716678 1.178378314205798 1.288708388677054 1.3921288941641896 1.4847683098168012 1.562656680309651 1.6218679387957167 1.6586386776473945 1.6852836471107708 1.727846218342965 1.777093611566062 1.8251310570908625
1.6374068096777081 1.6688838405112063 1.7083796886001141 1.7568843660691673 1.8148081578939275 1.8597508455098648 1.8695052271646306 1.8436540677931563 1.7815085431478406 1.6890432668923667 1.5708219161503858 1.4288982724280828 1.2693200292318165 1.1032351458137752 0.9363881173661578 0.7755182985848603 0.6268611791596701 0.4949656090233233 0.38344394066189474 0.2946387992208195 0.22781816581579256 0.19088725409793847 0.20755515815729708 0.2556386257636277 0.3188415357156282 0.39425637567774163 0.48111109496059223 0.5792321191563774 0.6883790599495656 0.8083157258061456 0.932120930701808 1.0546149725768277 1.1731205179897615 1.2878167354631316 1.3955223901330327 1.492359125064405 1.5743429679622025 1.637537166583497 1.6781750483846318 1.7059831201642548 1.7454543158446783 1.7944505850457346 1.8448367852643057
1.6568103930087281 1.7002554634087605 1.7501636568035401 1.8068671916635404 1.869993892809622 1.9156017766308149 1.9218693266639413 1.8879612189059443 1.8128808201364217 1.699242462311648 1.5574798012263886 1.3939269283640559 1.2215795666398193 1.0482775081677025 0.8794716821209567 0.7207027437115244 0.5767330014204071 0.45313672899003177 0.35069979202178786 0.26787519039697977 0.2026136765405321 0.1558240943257125 0.1848212964365576 0.23830191633050715 0.3043764348054034 0.3827667105904206 0.4735975735875508 0.5767040126714611 0.6917412849463188 0.8168346722681654 0.9434048602665048 1.0669368672706177 1.1870323546768373 1.3035415637688135 1.4129624028057828 1.511478932704384 1.595151473451676 1.6600791322051305 1.7025292954786713 1.7300739498446138 1.766416884257847 1.812610592682953 1.866707212176408
1.6507963670932781 1.7046077071690664 1.7635081610502135 1.8272770814520118 1.894902237381162 1.943637081066391 1.9495285461906031 1.9114323782773917 1.828188725309227 1.7015382026751906 1.542007367177686 1.364667211887544 1.1846174521368864 1.0080417264239137 0.8402086039180311 0.6878518893820716 0.5549906180241596 0.44221019691830726 0.3491997695331487 0.27564239793444617 0.2223512207058213 0.19682025710427734 0.2114097981053756 0.25628745910284956 0.32035573208237517 0.4001571435462793 0.4944374767349916 0.6022881342011516 0.7228781915053075 0.8503924844911335 0.9779417741755938 1.1011863660694035 1.2205324140991407 1.336071145572767 1.4444506863261877 1.5419803984874498 1.6248067044667616 1.68908899206239 1.7309516111584167 1.7551869884713092 1.7886765757654146 1.8325234773024108 1.8876160293208128
1.6335355020550395 1.6860183604166417 1.7477855638336544 1.8165686584256835 1.8885031751659291 1.9431689110391825 1.9522327548488199 1.9139255628604306 1.8270210802809421 1.6939927580863137 1.523796428970117 1.3387561952801033 1.156119014995097 0.9830151449546761 0.8242386628770236 0.6829073142148664 0.5604949149627719 0.4571284020294181 0.37330638387035303 0.30944438171281863 0.2671689416719217 0.25052122470872035 0.2631156920343165 0.30282134421554846 0.36508940644273624 0.4468620466374538 0.5452553146345415 0.6583246027991962 0.7827317187556915 0.9102908285648822 1.0363146631575015 1.1571107461748569 1.2734708832252886 1.384933594277231 1.4893158041069277 1.583079113263073 1.6624570954070754 1.7236522376579169 1.759555168284241 1.7795256825457646 1.8102432778245758 1.8521732806476146 1.9058395296184503
1.621632395434141 1.669427577430909 1.7268582098333294 1.791770611840414 1.8612397514534709 1.9202721942970378 1.934711695243485 1.9000775709087874 1.8145887094404407 1.6815250871371394 1.5116102650241416 1.3287613894400712 1.150919688522745 0.9850114307030139 0.8349352342976584 0.7028948403415372 0.5890024962556997 0.49399511892220277 0.4184796724758906 0.3630739077272707 0.3290865177543584 0.3186697021502506 0.3336370984582446 0.3739609765261607 0.43831992195628583 0.5247936230659855 0.629358601903012 0.7482122366586849 0.8729324895885413 0.9976141131333188 1.1185410385408994 1.2332618500032022 1.3438362906674095 1.4487808912085998 1.5460823688148484 1.6332930371247147 1.7066709308962476 1.760452437979996 1.7851854187763523 1.8013985188814672 1.8292157893908583 1.8689262653271004 1.9211297159792302
