_RESULTS/CROSS_VALIDATION_POSTPROCESSED/MHZ/TZ/2comp/5/MHZ_TZ_z_250_kriged_reverse_2comp_spherical_5.asc
ncols 100
nrows 81
xllcorner 5.5967107548124995
yllcorner 50.982328804812504
cellsize 0.00017565037499993607
nodata_value 1.7014100000000001E+038
[rows 38 to 56 of 81, columns 44 to 87 of 100]
24.965846751840743 24.742562570508973 24.47778808560877 24.177188066981667 23.87642449603401 23.762903963732207 23.89602300875779 24.271617033578288 24.83663849108721 25.503535186273552 26.17828995222639 26.836986979845356 27.459080360611853 28.037236815694218 28.566957954645634 29.043479630339558 29.455269210497054 29.789896520709824 30.03430820680028 30.174444898536162 30.196422703205045 30.090415272921877 29.85537745566346 29.499261910716452 29.043209042207486 28.526513005881316 28.000686624321723 27.500463958166172 27.03584545946795 26.607869285439396 26.21270226493575 25.829812013561703 25.45992588037721 25.11178901568174 24.796450775908326 24.531452945648418 24.355604346041012 24.284154700607736 24.20535804717598 24.07388854504321 23.8886974356433 23.646533311924966 23.343717975794597 23.019146390440486
24.982309427532627 24.78491101826075 24.54498922579772 24.266143761471533 23.958297832791498 23.774782822192318 23.827350186573884 24.163899492404454 24.736132071277908 25.40011191012442 26.053669439778375 26.680859338650166 27.273297864126068 27.815572826654662 28.306253283046257 28.73885834257833 29.103925361217055 29.390764012329097 29.58772256510728 29.682488030103848 29.662867522761104 29.51897760272913 29.24616103423298 28.847884766852754 28.347987667280844 27.81597113456275 27.319823962454226 26.881193155354165 26.49039888570513 26.13375858497103 25.801138735336526 25.470079240362836 25.14297947814072 24.830929354665404 24.556149733383236 24.35348985395897 24.243275570353287 24.21605073371243 24.15236969929832 24.03765622526524 23.870564755561798 23.646770261657558 23.36023394804346 23.040490107906173
24.973859336879023 24.79557877393774 24.58406314895859 24.331159297595892 24.037739186536466 23.777506615355474 23.711294759132848 23.98774533976994 24.59973634574405 25.26162533070142 25.88821537365732 26.47627299494037 27.023106332230366 27.52561643667143 27.978360912245854 28.369061804568307 28.689416160528168 28.930424856859823 29.08128887882593 29.130221900664992 29.064896894337632 28.87363599904572 28.546325279098344 28.080219704015118 27.514891619156252 26.9534249870856 26.507671931328534 26.173648995850325 25.890276913385446 25.625421646911683 25.368230253841322 25.098443931929864 24.821892829307544 24.564363706681757 24.353750394498388 24.214969287877324 24.170862071486457 24.169066407392275 24.1195207441567 24.024199203361015 23.88113515374372 23.68462588892129 23.42852508238231 23.13536900245926
24.970158819858458 24.78837224382732 24.595097967971018 24.377907914363416 24.124259578339032 23.852015965377078 23.70936520100802 23.909584370082516 24.508881180182208 25.12696445588995 25.705508918724423 26.243262565843388 26.73753535459818 27.18871787790338 27.593944539279892 27.942544481586356 28.220427826573435 28.41755293235735 28.52399016907456 28.527968695106487 28.41643724307168 28.17534111940983 27.789562172480615 27.25864455530233 26.594198798088176 25.925839710814625 25.593415774102517 25.43822511967911 25.29092997896682 25.127143236375073 24.948337446381583 24.746897444642258 24.541289200914242 24.355836979931922 24.21589514366481 24.14580485723739 24.157665860534564 24.152530759027666 24.108761465945804 24.032766953623042 23.91881466363309 23.756666912444803 23.5393106684764 23.287538335322058
24.972923954669124 24.79463891048557 24.60926406391292 24.41777372173585 24.222036882325142 24.01891133893919 23.909236753328862 24.0746164170509 24.502228376927693 25.017177125349832 25.52140906497685 25.995633331383306 26.43072763649944 26.827270947242216 27.17897993214806 27.47531776852503 27.70556442567508 27.858900001570102 27.923732614092984 27.886197932248415 27.733188227682646 27.45801360480693 27.04873011191255 26.48947106656687 25.762173046338248 24.87866313710638 24.79057500567475 24.80725562204256 24.773311391338314 24.69858445856841 24.59857902482363 24.474712691748586 24.342949590201574 24.231059291935697 24.16443129190957 24.164802269008838 24.19568515710685 24.17768997097556 24.13241811038036 24.07733906604737 23.99494911326576 23.86695313032391 23.68758284876101 23.47889809031519
24.988220310756834 24.82269115145679 24.655280864051004 24.488966276233047 24.32971915350931 24.191106751622467 24.107972321637185 24.212242281034165 24.51777391969916 24.92324087574035 25.340365375911134 25.74167958260885 26.11234181512397 26.45076426694856 26.747379553472772 26.990965412396946 27.170589510239036 27.275172019192865 27.29500691680926 27.22398933121837 27.053541577326296 26.774833495831718 26.37621856643342 25.853205970874445 25.228465419267675 24.658236949427028 24.426562756963875 24.415826627779353 24.43328497910922 24.420494689205118 24.376360192560274 24.314422308191467 24.24888203216973 24.20826831440452 24.21527627349214 24.273464289681648 24.290334378795624 24.250818051943607 24.186527825385166 24.168703497160422 24.12179907877475 24.02459228261651 23.87742279753279 23.70667570751148
25.018721540159383 24.869435706275382 24.72399270393264 24.58617138767365 24.462438709256126 24.36436881494723 24.309102143936506 24.33633018390641 24.531056892989834 24.833631592819724 25.161479468820367 25.485666625007415 25.788417441602018 26.06606586462044 26.306917273889223 26.49979408810638 26.63487829183285 26.70306284640071 26.697081486919156 26.61015740405078 26.43578510213779 26.169928235545107 25.808853330396914 25.36349152179537 24.881334918718203 24.48232632557012 24.279625211419184 24.253821054873427 24.29937240494569 24.319609814857785 24.29632223932298 24.273945313307784 24.26603642644607 24.293887922661035 24.37307864570226 24.438525868380783 24.448563549463227 24.40673486891681 24.341788555807003 24.336436107923525 24.302931829337822 24.22275894716628 24.09681448612957 23.956008742542796
25.05984724611581 24.928391261544693 24.806406944630524 24.69668827938335 24.604015488356012 24.536433537108724 24.503911413453853 24.51360365112743 24.6011462600987 24.79826457490228 25.030137322073166 25.269769071751714 25.49988100326639 25.715940725756763 25.904451618726178 26.053178154576713 26.15188800366448 26.191777087406937 26.166251108612197 26.07112819828281 25.903083366948 25.662830894374267 25.353289177330286 24.992448990277207 24.630100209722144 24.349715911205546 24.21117736873141 24.218433411635075 24.324608657932252 24.37450757844776 24.33215400503904 24.336654956880082 24.385921133443922 24.482361315001434 24.58715456497354 24.644965492051377 24.65886146976615 24.637354768029848 24.60223772934737 24.57176291425169 24.526746032783254 24.448814828431804 24.33254196445864 24.214673423890783
25.107310663458954 24.994166383733614 24.896411131850417 24.81330052182685 24.747003335830637 24.7027650726337 24.685922117589328 24.700457596013596 24.74743436068441 24.846477261005116 24.986890259456008 25.142090780275062 25.296934693531327 25.447906244571467 25.58141254342079 25.684801565129185 25.74768509524098 25.761634610668466 25.720798404289525 25.623038154143018 25.46774147215019 25.259031453723583 25.003838935235507 24.719956956976237 24.455311429254422 24.265737782457617 24.18676777991067 24.223987212933817 24.34839068819637 24.423869201561796 24.422485700926917 24.476422618521248 24.59356368164022 24.724920392680783 24.817825625921294 24.87258697216517 24.892506924589362 24.884600626233944 24.85914702996132 24.82183349196155 24.766946704625305 24.68513946569927 24.57259415869835 24.47245524903054
25.15771741987492 25.063704112175756 24.99208246137589 24.933594862813262 24.889158990697577 24.86247495185974 24.85663232166015 24.874668207967403 24.917289478899587 24.980893567497994 25.040303842055184 25.115523904196042 25.196235999985735 25.281120268777794 25.35826044646064 25.415498468145444 25.442787955844498 25.432247819304326 25.378800740506797 25.281711398449065 25.14220404596699 24.966105177714326 24.762318227112804 24.546473818342967 24.36218034919421 24.243620609184475 24.21077540603389 24.26179539107512 24.365721189058974 24.468245689041165 24.561715649909903 24.690244214072166 24.840217087929336 24.961558470320252 25.048421978308294 25.102454902430644 25.126587377206288 25.125306205573146 25.103451357760836 25.063166217422868 25.002036682559627 24.915087266292584 24.806579537463165 24.720879465711207
25.213526098220623 25.14328828017317 25.09718605811817 25.058316633877503 25.030294931951158 25.015620585834235 25.017284559829488 25.03743497469072 25.07655028109855 25.133278705611563 25.18385047900944 25.197664761859695 25.20964457752169 25.23092053997788 25.252784020946734 25.264445718035848 25.256815755071894 25.222853838635746 25.158319222954674 25.063373447113925 24.940153903156403 24.794803359282376 24.63663024743976 24.482343138717763 24.364819912885523 24.303920008265084 24.31022495734427 24.379852640319193 24.494547212542418 24.633202114507608 24.78913421951347 24.93438407710102 25.066126017474787 25.181981812219778 25.26649424400484 25.320671296645962 25.347078993098926 25.348551248005137 25.32749457476048 25.284681753462607 25.21860395851076 25.126052264109816 25.026269795071993 24.9533984881585
25.318910775552027 25.2554485526097 25.21589496270556 25.187734120667148 25.16931798974665 25.16220839977211 25.168435130932743 25.189326292964115 25.225106275176778 25.274769803849345 25.33109737062041 25.354807322516553 25.3397903653426 25.30547582636129 25.276310427592495 25.24530054711194 25.204806960106968 25.148924960414192 25.07434916403976 24.981823778930526 24.873675985654774 24.75545181275503 24.637105011878827 24.538970710721383 24.477682836412022 24.465739889496135 24.509077093030367 24.6052120968822 24.745154495456326 24.89705491303022 25.036613726208497 25.162492711650742 25.276462964638135 25.379647807541417 25.46330438219848 25.517657506693304 25.544882152578097 25.546868755905127 25.52486263605955 25.47896806000423 25.40787478573378 25.311718276875432 25.226119746109287 25.16536600103254
25.43013304756257 25.3771048108553 25.341116195160602 25.317512355867137 25.304161241375674 25.30131230806583 25.309810709838192 25.330256155814112 25.362590549576762 25.405946293147075 25.458689036813126 25.498200514253156 25.499728647921977 25.47240314738028 25.425924931016908 25.362425437010355 25.292922813164886 25.217619748186017 25.13423265385385 25.043897924869395 24.948703923004075 24.853180487717637 24.77272538041202 24.72264395869588 24.708612464063663 24.738734706924408 24.81463797847349 24.9180622756627 25.035011607291302 25.1543999716216 25.268705447486813 25.37447552299038 25.470671882349155 25.556875695206877 25.632383082580517 25.686512156220243 25.71342649889836 25.714434873431387 25.690154385237417 25.640286032973076 25.563468235458625 25.47379215940897 25.402674983068565 25.353730691492178
25.532972354405892 25.491719349168225 25.46180326226079 25.441980890961595 25.431759356099082 25.43119697552439 25.44044533266785 25.45958931524812 25.488332234345133 25.525849263771672 25.570778470311573 25.618675950458353 25.63824407634055 25.626110572605974 25.594881567178206 25.54718822719879 25.485091337607262 25.41107093374386 25.32894810049947 25.243947845230863 25.16030355356052 25.086044680608072 25.037147828613744 25.018613711254012 25.027832045450506 25.064227062829946 25.12494329269649 25.204198419627115 25.294558390246152 25.388696972836467 25.480863452517582 25.56735603278971 25.646030459107145 25.715497044121786 25.774540263006095 25.821755083568203 25.84744796180084 25.84634574004377 25.818661972288425 25.763797262438132 25.68397037419224 25.610622636474755 25.553905678697554 25.516620842973992
25.624831055292486 25.593791140971057 25.570887241101225 25.55611976358706 25.549033566643754 25.549819672398506 25.55897884512958 25.57632534691394 25.60141638677039 25.633448458060865 25.671234038379897 25.713244048180844 25.749529825887773 25.754276112168277 25.737493719733678 25.704709634653476 25.65796874736704 25.599536309646574 25.533252919633043 25.463227745598104 25.39426946421385 25.33967041700777 25.305535999487322 25.295395280251405 25.307982849231202 25.339674811454188 25.388552248073193 25.450823555048295 25.521569282054298 25.59571015902894 25.66882551233785 25.737523037953313 25.79933804646836 25.852388472535843 25.895028490434218 25.925602519754616 25.942280843876027 25.938117421085433 25.90600044323615 25.845259466913184 25.777719874921683 25.721139570605843 25.678664913214106 25.652947200949956
25.702817200514616 25.681321179253878 25.665616458549895 25.656102501555544 25.652716302704913 25.655228613575943 25.663935026517137 25.67928258824684 25.700776415522704 25.727646281309553 25.758832741921438 25.793009251804396 25.82863220351075 25.852181165435667 25.84927890885822 25.830070892476737 25.796732881506674 25.75140993702763 25.69797785397125 25.640571757968374 25.589967958174004 25.551576808062475 25.528892137110283 25.524411012122982 25.538934383251842 25.5678818251128 25.608598835751184 25.658541221940645 25.71432870154028 25.772305621910874 25.829028486641853 25.88153703711475 25.927380227354018 25.96447713996936 25.990922373235513 26.00480485613483 26.00405596097943 25.986314688156796 25.947705469138917 25.893689701699557 25.844834097396962 25.804705336916413 25.776284116224424 25.76206911768759
25.765565599198474 25.75304888225064 25.7444080299024 25.74015785622982 25.740421461884715 25.74508499099976 25.753882261561355 25.767226628132455 25.785272511825696 25.807300944946164 25.832359373599132 25.85927652134948 25.886694633943318 25.913111059948157 25.926000749920085 25.919263086087724 25.897731862452282 25.863708184527162 25.822350079908745 25.782587163852146 25.748545795564397 25.72346750716904 25.710022488611266 25.71005066597359 25.724338052165702 25.751518993498866 25.78655342785854 25.827292203458015 25.87133761851708 25.915973632861693 25.95846996380739 25.99627558147773 26.02707739880571 26.048751081989156 26.059253095584765 26.056494068045183 26.03821175690022 26.001844498163766 25.95497083974232 25.915693991218376 25.884794971995106 25.860813473177807 25.846271869375727 25.843524847670658
25.811921812298323 25.807890427143082 25.806075881203743 25.80700093232538 25.81086830837147 25.817641693369854 25.827100777737087 25.838931344096782 25.853736492180868 25.87124270782704 25.890592730556655 25.910740698350544 25.930474751802418 25.94844546968322 25.963195051517435 25.968271104474617 25.957296063165348 25.936562240381868 25.91300525849557 25.88982645117193 25.87001327335979 25.856196771385033 25.850483519424 25.85428646072009 25.868187566750766 25.89186697085511 25.9228163183493 25.95651541178966 25.991096687416814 26.02448306274595 26.054464186150994 26.07883262440413 26.09544200027965 26.10219415549096 26.096976662548464 26.077571986095183 26.041550900329586 25.997380412489683 25.95844474361729 25.926604005562133 25.90344074314117 25.890259253990067 25.888082786217698 25.896567764320867
25.840778093748735 25.8448259205166 25.849588916013506 25.855560740735662 25.862974041076882 25.871842539635093 25.881994472951686 25.893088351032635 25.90498239376634 25.918273534218727 25.932289130299917 25.94608763380592 25.958574318629097 25.9685213484466 25.974587940533777 25.976576297503613 25.978965298708435 25.97639408047398 25.969520600851055 25.961164458018178 25.95388378153921 25.94987425110673 25.950854680210313 25.95795674226965 25.971640102027933 25.991653481409653 26.017055438651333 26.04516676741732 26.071925013854454 26.095610631703774 26.11439163607967 26.126331757705394 26.12943717804741 26.121655039805823 26.100831918265555 26.065447735313402 26.026964316615604 25.991367453548552 25.96052963059891 25.936156155969403 25.91974597855991 25.912566709381768 25.9156429935041 25.925296748783293
