_RESULTS/CROSS_VALIDATION_POSTPROCESSED_CLR/MHZ/GZ/5comp/3/MHZ_GZ_z_1000_kriged_reverse_5comp_spherical_3.asc
ncols 100
nrows 74
xllcorner 5.5967023332191781
yllcorner 50.982320383219182
cellsize 0.00019249356164376555
nodata_value 1.7014100000000001E+038
[rows 19 to 37 of 74, columns 0 to 42 of 100]
-3.9635655621490056 -3.9972357830909804 -4.125635409536722 -4.329434246908488 -4.589604066641776 -4.890455844539681 -5.2091785890277595 -5.518954922891318 -5.793826091484583 -6.011718352942778 -6.153193656421756 -6.197438571689674 -6.148486759706893 -6.01338909926239 -5.80021411779791 -5.532600578134704 -5.236383954530539 -4.934914864195611 -4.656454712413602 -4.4526366591669495 -4.2947701641673355 -4.170425718636183 -4.083956522475944 -4.026569980393664 -3.9388373503786176 -3.8263489828632036 -3.6991304266283263 -3.5608560361960335 -3.4074043049400835 -3.2415929238259866 -3.076454624607619 -2.92806669979894 -2.8191176042436266 -2.820167791834177 -2.957808468770125 -3.2194256117950526 -3.5737868521404415 -3.96199240050308 -4.344793137871897 -4.724216430538112 -5.073551825274869 -5.345541831976853 -5.513196932473925
-3.7381525083657845 -3.793075601582538 -3.953669231789557 -4.201267116346392 -4.523737362217306 -4.9013829965729805 -5.303280742592774 -5.693716889182036 -6.037635185690694 -6.287020439717856 -6.420231228984938 -6.435651693670944 -6.334249814112455 -6.108080009218107 -5.784461358356894 -5.403886274310515 -5.003126856686212 -4.61766005476799 -4.270719964633077 -4.009322535508917 -3.8248148889026163 -3.6870094931713817 -3.599314369831386 -3.5677764685402447 -3.5583309881351948 -3.516225114103156 -3.436073345206706 -3.346433443588895 -3.2582687267286294 -3.178222139488233 -3.1098980920755777 -3.063636839008435 -3.091664057536157 -3.2270996915198795 -3.4808858711871924 -3.836472677126409 -4.263360923301544 -4.688749503018041 -5.064108521753676 -5.401697790730559 -5.701040318996896 -5.920949144988859 -6.024758880366102
-3.5218480410190507 -3.587852991435332 -3.7728258192458677 -4.067018937693112 -4.464657249666591 -4.93917733727322 -5.4455433455047775 -5.929186510113609 -6.318934346601865 -6.583296603153761 -6.707661340466626 -6.689428037622982 -6.514113118362185 -6.193666792055705 -5.760497814270806 -5.25436677356069 -4.728682235799654 -4.247344438757974 -3.8451915755802526 -3.536902753120924 -3.3311974986910347 -3.1859071711925284 -3.10085380648404 -3.081715891766751 -3.116136117157358 -3.1387741054997464 -3.133488613492269 -3.1006267163977794 -3.07042199498923 -3.059369384038198 -3.0666909169966425 -3.1361426160719446 -3.3032664606187105 -3.5670308228079217 -3.9362727693140185 -4.392828089673658 -4.901545666483609 -5.3888391351432485 -5.814222829722583 -6.155866993875698 -6.418258446540308 -6.5938215603842085 -6.641297830085287
-3.3150479238631956 -3.376730461216213 -3.5702338160548117 -3.9061114202112988 -4.391996717677831 -4.9903284294478825 -5.623994217399602 -6.18896403633795 -6.631291916311097 -6.918478573057682 -7.0345556963607585 -6.968313811946433 -6.707673847803244 -6.282248709174003 -5.730006041581965 -5.092631503786104 -4.424172832505182 -3.8296972289598554 -3.3956796983754614 -3.0614215550952864 -2.831499401439451 -2.6800567969210385 -2.5890199433419707 -2.5556284069455355 -2.5963160380477914 -2.6801020429990827 -2.7532513376128236 -2.810190222456252 -2.844245980984325 -2.884420979154599 -2.967006551697541 -3.1563184359132936 -3.4472311839297194 -3.83166431178023 -4.314923564394198 -4.876975857088315 -5.474741903650429 -6.037787589370337 -6.530298548842476 -6.91895808488989 -7.200523339966828 -7.358028404749859 -7.368218101121177
-3.1338020322291613 -3.1721175880357677 -3.3461255700546393 -3.7071737205131585 -4.300081630743941 -5.052626659466222 -5.80727594064833 -6.472027202075161 -6.988189361067929 -7.31229062441015 -7.4192232317329 -7.288290505033662 -6.930363077932415 -6.389515465214977 -5.713631916887526 -4.946606488666441 -4.125801590865525 -3.3527556275461774 -2.9765423358723875 -2.6444537298512376 -2.403027843748428 -2.244814266690989 -2.1325605090552173 -2.0808627923326886 -2.109514796591403 -2.2183051385752233 -2.3343150707803 -2.446750466612886 -2.55252403256387 -2.652101742052206 -2.8355168506982906 -3.135890178537687 -3.5394251867270787 -4.035044129920939 -4.626508267199008 -5.293225440468169 -5.985679296892727 -6.637332217105469 -7.213498789728355 -7.6770576067167635 -8.004540998754468 -8.175413026964598 -8.15652836100283
-3.007747638348281 -3.010548186237478 -3.121798832388537 -3.4566466268424194 -4.197321254128545 -5.125549371893568 -6.021454868253748 -6.799671245086346 -7.4018022919996 -7.7737035943324635 -7.871898594270462 -7.661764301874436 -7.187319607816574 -6.517733245458036 -5.719142747068116 -4.848786865510866 -3.983519235328555 -3.253677385986355 -2.7693499699971973 -2.3974167933432198 -2.116467038247184 -1.9088939901957946 -1.7686446431784675 -1.6921733408199575 -1.7032618544371738 -1.8193215597385568 -1.971491077445775 -2.125191255558141 -2.272078842123075 -2.4280260170359558 -2.677078741784452 -3.0705418959946873 -3.5780582361068967 -4.179241960207786 -4.876761089540018 -5.64910313084085 -6.44279787869662 -7.193944902385139 -7.863799789136654 -8.389153422359467 -8.739738102661928 -8.918878732452248 -8.90212900310365
-2.976115178481032 -2.9679122884013505 -3.0139315862335527 -3.1455478289111176 -4.1682218349806535 -5.280983290595079 -6.297267114389556 -7.180499938045032 -7.877215193012672 -8.310216997181934 -8.392936799054326 -8.084529490923455 -7.463814457068846 -6.645745083890316 -5.729220951278908 -4.821625409396383 -3.983505707795772 -3.2764553412942163 -2.7295248909379644 -2.2952401989560203 -1.9473938340421233 -1.6804378380952856 -1.4945885326833697 -1.3861062595306217 -1.3731407420755666 -1.48647389335206 -1.6740293996935383 -1.8687558986022506 -2.05287712526352 -2.2741443610956704 -2.579159188113782 -2.993799696110288 -3.558995712313976 -4.257601142990875 -5.056970615908377 -5.93350630590917 -6.833359747922028 -7.67618758956962 -8.400949074352773 -8.977045382363594 -9.371049432880817 -9.577941983685658 -9.570662691957466
-3.0618160924533306 -3.111345226211857 -3.2578573491008664 -3.6234708036346386 -4.507680479686683 -5.588121534744825 -6.636289015702374 -7.591218132703824 -8.391546737517938 -8.921124960689284 -8.987990435473485 -8.526292135051582 -7.714022459903909 -6.742386770594601 -5.7669901945081845 -4.846142817258752 -4.021607074656164 -3.3254973145026225 -2.7638223597245872 -2.2814838271601454 -1.886816367638358 -1.5714759164796828 -1.3277481615466087 -1.1688586828042151 -1.1190395193738363 -1.2256057368014437 -1.453596319210856 -1.6925315081487717 -1.9139811368103072 -2.18980205593736 -2.541432526190718 -2.9714267324451797 -3.539110904653982 -4.268516754954419 -5.158008335861739 -6.134374236672999 -7.114974631912943 -8.007418504857634 -8.788303533501606 -9.427927908612062 -9.887395591830582 -10.147247367289564 -10.170023952789673
-3.2409940182291344 -3.391269774725812 -3.7029183362783007 -4.2341925351114575 -5.0163854074583405 -5.972031828756816 -6.9745456556269145 -7.951875121442988 -8.852380144357502 -9.564406750066926 -9.649978848853722 -8.904471970982485 -7.8670246997044675 -6.804064573347079 -5.7856119970130475 -4.857808654284685 -4.050275326340033 -3.380434546184793 -2.8260559865713573 -2.3363032315171077 -1.9330737091417922 -1.597137372145598 -1.309490565567022 -1.0739224958183726 -0.9468681708905118 -1.0468165735991706 -1.3377472590939465 -1.6245516715345287 -1.875818213226618 -2.1787846477572206 -2.5489865575374497 -2.9894744380237195 -3.5412317920231406 -4.267413434226629 -5.176516313905488 -6.211680293610664 -7.230663299106762 -8.170569648708373 -9.009506279871548 -9.720926134553167 -10.266103045108153 -10.61178049296889 -10.69791968238485
-3.4602034321704966 -3.7027151724897918 -4.123423261305914 -4.7062789841616715 -5.439144050973134 -6.2950334620624915 -7.212691565323272 -8.140993545394334 -9.048510980452594 -9.917588562897723 -10.131816261625119 -8.979304414052724 -7.843372398846668 -6.752580082970811 -5.7298726498751265 -4.814874675188707 -4.039993785230556 -3.4187616766747206 -2.901860430702421 -2.456489244090861 -2.095164251315854 -1.783619643711071 -1.4898424367089422 -1.196080806666565 -0.9154639560014903 -0.9958802580141954 -1.3985023122643296 -1.7096920891861869 -1.9561538220437233 -2.244832343956429 -2.5966291856845634 -3.023049907190576 -3.54657559737159 -4.2552114941111485 -5.1385785617526105 -6.129075368776114 -7.174406166350955 -8.153101027385627 -9.042029541739419 -9.821912628053504 -10.463263956972687 -10.933360003772457 -11.141648148985988
-3.671914942802956 -3.9776169703080066 -4.4487586833187205 -5.036801557182303 -5.721362547994796 -6.48398306360827 -7.286879023030462 -8.084811673063985 -8.82236164162132 -9.374919979311127 -9.323814321899773 -8.558477951189127 -7.567289494414075 -6.54998736097636 -5.5750001367652136 -4.696443187845356 -3.9720481990535634 -3.419087834511613 -2.9857417805383895 -2.6469019237521763 -2.3880298506696946 -2.1584190330130615 -1.9213311215688194 -1.6601006726313559 -1.4033832100566306 -1.4347151668482017 -1.728971705496042 -1.9528431293982336 -2.1248181320204367 -2.345766287353405 -2.641101248548473 -3.028483484801837 -3.5248283015359854 -4.205552096550327 -5.014941565380649 -5.93032373722883 -6.944543998307348 -7.944628184545433 -8.861467993758703 -9.684921903395763 -10.40288835708615 -11.01482068360125 -11.460947913522551
-3.8381500616076236 -4.177436870400492 -4.6615894957768775 -5.2301077783342915 -5.861962910622138 -6.528624107395806 -7.198958267378438 -7.824559626890374 -8.331058947777734 -8.590925649031949 -8.449303615855428 -7.910798602161442 -7.122802068251552 -6.23019173687638 -5.325652546744994 -4.488111413124269 -3.814498175457119 -3.350220682143332 -3.061132543409399 -2.9076864584461117 -2.8229011612418713 -2.7365480932447053 -2.6009329851316507 -2.4174352676745654 -2.2479896659353926 -2.209062829830963 -2.2777879590353773 -2.311463241019958 -2.325590617404777 -2.4148261370055186 -2.605537973598129 -2.9206915400802242 -3.386672975280361 -4.0179147989607324 -4.771899654987566 -5.6259449148334815 -6.56181272186742 -7.543575979877772 -8.452261407142629 -9.271013434844873 -10.003036355668737 -10.681561640884592 -11.340803820922059
-3.885032324595776 -4.23373407973923 -4.710349688071369 -5.249385779953354 -5.834600261664416 -6.425302540923487 -6.982300274594978 -7.452398508991106 -7.765797729829885 -7.8492986723360865 -7.693910808427102 -7.259772798839634 -6.604207251104846 -5.8159299213178945 -4.974478729032886 -4.160055656330279 -3.5046051532893303 -3.144624136491967 -3.0867282512119734 -3.202727518337704 -3.3493164068806647 -3.4317750199126187 -3.4215070511567505 -3.3254820909054175 -3.183105934115565 -3.065747489973149 -2.94648887885909 -2.770461056951838 -2.5777741707851574 -2.473051159136795 -2.495532804044724 -2.696295707288649 -3.1076840284784377 -3.670239668681918 -4.3716868890458835 -5.173192770022583 -6.049229201041119 -6.977359347689124 -7.849224843982929 -8.61493479645976 -9.26953717223531 -9.826616221575968 -10.25737050131255
-3.8010378706836168 -4.142249258499193 -4.601452568265928 -5.107991059485914 -5.642227669344049 -6.167603018020724 -6.636027293703655 -6.999943232284994 -7.199789074099464 -7.191870346421826 -7.012124155833331 -6.629899527514269 -6.069428709260989 -5.3789005881826295 -4.607853104460727 -3.8060842386019473 -3.0787488070835187 -2.8137423773135213 -3.1400978543036215 -3.569398259783645 -3.933383220446802 -4.187716707747712 -4.309403784213346 -4.298274871944095 -4.1790578807564716 -3.9877672607365855 -3.687742280677444 -3.297851985666382 -2.8731741264221133 -2.5327476789343315 -2.333713594906851 -2.381108002263269 -2.7142506572215264 -3.2288589850804863 -3.8868105177300896 -4.632639221660372 -5.44572709056083 -6.307690587021034 -7.150574675127108 -7.830397601029594 -8.347261766387177 -8.75878701224074 -8.986081666461732
-3.5940633926419947 -3.918098354394629 -4.361195294969697 -4.839798554339208 -5.3277106825814355 -5.796188238431943 -6.199310316323399 -6.486728642903654 -6.5877472080805 -6.543114855004708 -6.37800827791739 -6.045788940171985 -5.572390835634512 -4.9905113406657815 -4.331735467084149 -3.6233407354886853 -2.887853823734636 -2.705136736218715 -3.4122004983345 -4.057487865942131 -4.604455307218233 -5.019793320124438 -5.267093532301497 -5.323784722786288 -5.202240791025509 -4.927206348800126 -4.47226722813293 -3.8742339380282917 -3.2117832521315073 -2.6143351559266668 -2.14582676210885 -1.9639371428958996 -2.2469679590439875 -2.760573076130536 -3.3930383252692655 -4.098070199377801 -4.849298601960718 -5.626165730983942 -6.398036118610375 -7.003854084794289 -7.431090324467548 -7.73068566690269 -7.843060544132066
-3.2757997811126716 -3.584213088019917 -4.02529151940843 -4.4875630971570875 -4.940904769798252 -5.359184176451854 -5.7056641834751805 -5.905415600907539 -5.9352591098961325 -5.88111221804837 -5.749035500543393 -5.503028840840299 -5.128261176131894 -4.674639773629265 -4.184359286058999 -3.7096333826854395 -3.3683200360256205 -3.444224263807464 -3.992791915638589 -4.686370916756722 -5.357967589950955 -5.921515412048047 -6.295661349093531 -6.410805483553727 -6.25838491968456 -5.853993793428076 -5.2321971493235555 -4.4639968063167235 -3.598281398832302 -2.781531786397946 -2.072805337143582 -1.4641068609142343 -1.8811469281287847 -2.403921802158661 -2.9951592403699605 -3.6369085771369956 -4.308823836362256 -4.9887058016288925 -5.651713389378027 -6.215257800803972 -6.624442915274848 -6.842117006243196 -6.8466069942854535
-2.888588869712539 -3.2384594785862877 -3.701425809109152 -4.157265989396382 -4.585478696790748 -4.960056279804922 -5.218375934008155 -5.334011386833314 -5.305203854153953 -5.232407204852794 -5.1200324373034265 -4.957574347948545 -4.7139218980635835 -4.403112805973403 -4.099473729730369 -3.877490862242734 -3.8456351655272663 -4.086508294145544 -4.622540572921602 -5.342567543798369 -6.120881577895807 -6.846176747043828 -7.380393674479943 -7.561029761016558 -7.325096247883669 -6.728230294369766 -5.915237702002644 -4.988253185149236 -4.006623285543079 -3.0664256467953392 -2.306883435191297 -1.87406932970483 -1.9303369257806677 -2.2737995635708046 -2.7486736235712574 -3.2894535602453643 -3.8615576029318177 -4.437502414852242 -4.998213851339226 -5.545050798045665 -5.933453421277261 -6.088135194871977 -5.996029247840403
-2.7108419776633474 -3.0147483915753517 -3.4543399256291205 -3.8915935267616844 -4.295094870095354 -4.604029848933257 -4.783297453419081 -4.82135390162988 -4.744071344906737 -4.654556008874714 -4.54868599543339 -4.426722759989162 -4.279630544131749 -4.119341001466639 -3.9809739786295877 -3.963883853030421 -4.129364273116292 -4.500500874536744 -5.0938697323660715 -5.871559777220967 -6.764809752276131 -7.686342732559492 -8.472406285336602 -8.766975312897827 -8.325806312439838 -7.455327024697314 -6.436606227746683 -5.395293129372223 -4.37977373103417 -3.43544388231287 -2.6999807221254324 -2.3077265258732806 -2.2118396142021886 -2.376492768187092 -2.7117459961383332 -3.1348942030630136 -3.5942586096448137 -4.0521597970146725 -4.532546753616527 -5.016971613467694 -5.356591119281173 -5.4801636077766895 -5.340330880180217
-2.65923470482529 -2.8983724139701024 -3.285186158766571 -3.6970357781672565 -4.058173710431852 -4.302769263019753 -4.415965596002673 -4.389042789453137 -4.261571133588087 -4.144851978604525 -4.0381548682310635 -3.936699558689873 -3.848705546247124 -3.7770969197146598 -3.7694818007017608 -3.9016201767160115 -4.190620216187626 -4.659159952789472 -5.312447751958383 -6.143343422392101 -7.123974502325909 -8.218804019355769 -9.365569174847726 -9.973676104952645 -9.027742253235385 -7.868078628190686 -6.738368941984302 -5.668309998307966 -4.674048582537939 -3.779770851721593 -3.1052280721581758 -2.717775983368621 -2.5535433124507168 -2.61737853392329 -2.8470140605981262 -3.170509190341477 -3.532452503090405 -3.8981470942737584 -4.300257681599601 -4.706552679640241 -4.970547853087148 -5.052068100663018 -4.916339230111659
