_RESULTS/CROSS_VALIDATION_POSTPROCESSED_CLR/Berg/IZ/9comp/1/Berg_IZ_z_90_kriged_reverse_9comp_spherical_1.asc
ncols 100
nrows 90
xllcorner 5.6208707817415728
yllcorner 50.959635321741573
cellsize 0.00013419651685393446
nodata_value 1.7014100000000001E+038
[rows 19 to 37 of 90, columns 42 to 83 of 100]
0.2081887330733383 0.1999499849749542 0.21091908936224635 0.23893560274165465 0.2790907903235206 0.3358894164517687 0.41870878033256936 0.524397904073334 0.6496443249155485 0.790974953525398 0.9447806395947287 1.1073357385598184 1.2748122385951872 1.4444123709436836 1.6149244762444237 1.7829968510112406 1.9464318842235995 2.1037627624691986 2.252493337565032 2.3902603927832247 2.5140156292532594 2.6136357270125727 2.6660126700063937 2.6406245253453315 2.535970607838206 2.3822561148505508 2.2060161670513088 2.021911846148483 1.8378699309047848 1.6587518600579811 1.4879977383018457 1.3283351814802424 1.182102687702233 1.0507942017110063 0.9286722741284268 0.8116810605838514 0.6974939320870874 0.5883179149002946 0.48641703012379744 0.3941296247207268 0.31388566621761615 0.2510632740698743
0.3127486624616092 0.3083906089910823 0.31251482577110584 0.32925080165199294 0.3605226944255777 0.4155139471805616 0.5000009154475659 0.6103201577302093 0.7426231828301711 0.8930180550500789 1.057608137607853 1.2324855010496174 1.413711950201924 1.5966579499344604 1.778817461634781 1.9612640176343765 2.1421945240022007 2.319694852709636 2.492805453383979 2.662901619373736 2.8313293260205388 2.9881796166106014 3.09345269641881 3.0511448073154064 2.8716400282920933 2.6495664374768957 2.4218928263514448 2.1988996248529973 1.984372651458196 1.780475453460805 1.5889463826699428 1.4114150530630265 1.2494875708812925 1.100491610170146 0.9593515553786678 0.8272857314803123 0.699534961120285 0.577092222550653 0.46211143632547563 0.3568552327663478 0.26371359255596866 0.1897778557015931
0.4048387090618689 0.40616235228808256 0.400062903515417 0.4048282654865957 0.42807328280975715 0.48179447718386365 0.5682517887546663 0.6831517578497154 0.8221180469082718 0.9808815887802032 1.1553046996671967 1.3413299725421743 1.5349074314653008 1.7310148975163426 1.9256830905026354 2.1208175809333145 2.315007882717149 2.506309242569067 2.6942908253263966 2.8835184002985663 3.078976405951675 3.280460558877688 3.482899500678238 3.4133284016413192 3.12719931946018 2.8491831497496705 2.5848733905187933 2.334426757061485 2.0978648575383776 1.875557972113583 1.668221017047344 1.4768308117593565 1.3019623346374638 1.136272798739372 0.9790257187837161 0.83258138519115 0.6932376458575111 0.5592739762071516 0.4327493808337963 0.3158527981713147 0.21105190738788016 0.1275962097038711
0.48115494511379514 0.48633305298931806 0.46016074316827665 0.45480631287147705 0.4733900569838097 0.5281433409356153 0.6182121545030557 0.7384822917121967 0.8841737801261764 1.0507805624668047 1.2340527335326994 1.4298872017147541 1.6348299768232744 1.8437181227514812 2.051388129444495 2.25597887641813 2.458393724730874 2.6555475073993438 2.8459033612141518 3.0353151208605516 3.2249907346332503 3.4083484173785346 3.55301471395149 3.4837623884408373 3.228817224232799 2.950752527974265 2.678628458593959 2.4181025137612684 2.171049836488006 1.9385509643440586 1.7215782628811374 1.5211721434699217 1.3354125899902431 1.1567204268395195 0.9867060895796345 0.8277208431304932 0.6788338147427107 0.5353492202337522 0.39905683838488915 0.27207698505251476 0.1577431627864675 0.06823849640892854
0.48213762655310377 0.4941650502889531 0.4712305212324424 0.4693920700665319 0.49118550325285604 0.550036168818947 0.646279882600415 0.7732010616942471 0.9258582216733328 1.099781426507226 1.291333609480942 1.4968946265869503 1.712406484140444 1.9319665395492782 2.150500091564631 2.3629738121563157 2.569215171555169 2.7649769986725454 2.946858469347223 3.11920334969947 3.2766026833655193 3.402442804086234 3.4591177309935413 3.3890764571745207 3.2013114379412064 2.9594882385113612 2.702940101513466 2.4480311101648002 2.2016406014706917 1.9671911166554723 1.746923624565309 1.5425513782760474 1.3488384730057559 1.1612210238944276 0.9820316503078506 0.8135295163643262 0.656213080283723 0.504625660181003 0.35989521586667234 0.22447846303162966 0.1081230864311794 0.02067771686512032
0.3999245846730453 0.4234300370057796 0.43225995346767715 0.44791589681896904 0.4807241346325965 0.5460811197573578 0.6512831782674072 0.7864492446029108 0.9468735342873453 1.1285707768587256 1.3279572073930659 1.541578107530459 1.7649888978460915 1.9927065755550633 2.2197076860610325 2.4394514575998927 2.6478839793149627 2.839315996323477 3.0079602714580194 3.153924318126762 3.270345437247906 3.3433105954618645 3.3516892224827783 3.2748866822355573 3.118122763384421 2.9091080118517807 2.674914622139969 2.4330178014685213 2.1935572719955347 1.962642047354399 1.7443100175478405 1.540156841912678 1.3423425757064607 1.1484165252650695 0.9610922740192841 0.7834659525366118 0.6179594143871492 0.45948138933011 0.30848604074819963 0.17286770362647808 0.06160919205694004 -0.02144402128067513
0.30542236301001197 0.33797522232484045 0.36767292005933544 0.4014809260660672 0.4478166559576561 0.522044903714837 0.6378372430979049 0.7823089806931794 0.9501558640051515 1.1381191519717344 1.3431580424937657 1.5621180770145542 1.790187422111135 2.0230894155093586 2.2571348407730185 2.4859409525320757 2.699977963442602 2.8891218519511392 3.0417454219257936 3.155313534419066 3.230085626998796 3.2609309460790685 3.238225931868133 3.153776370219793 3.0112513258402656 2.8248382499134372 2.611482461838235 2.385380469159491 2.1572402966670343 1.9341745241739223 1.720579135997545 1.5164289851871213 1.3140815578042322 1.1142247288827871 0.9200638635689904 0.7352969904406025 0.563471699666415 0.40102966357678854 0.2523423648904608 0.12270629814119283 0.019356493522460383 -0.0575374740520016
0.20878231344256826 0.2511372815868644 0.29652436695937173 0.34556585401198553 0.40145977492672447 0.487842314880945 0.6118317994417224 0.7639477233503611 0.9374567441806336 1.1303322446647228 1.3394788868922904 1.5610450027908 1.7910050758320033 2.027534944366721 2.2663719464495875 2.5017339598342385 2.7243331794998094 2.9210586286454836 3.05504803448194 3.128565851010112 3.1632462159112826 3.1610790661413724 3.116741067475341 3.0258736492085854 2.8909093830973234 2.721313262525422 2.5288715937324184 2.3231454238078224 2.112106550718802 1.900816511307919 1.6917155060065474 1.4868278894809905 1.280111984551711 1.075189445029747 0.8759164596762667 0.684612206048809 0.5053508374922134 0.342183426600515 0.19636575541129386 0.07593624368841223 -0.016624596169019346 -0.08598110523710922
0.11117821951454787 0.16572860912170018 0.22663263870871742 0.2922859757590156 0.3655083346983661 0.45811735016114846 0.584274219791216 0.7420035542995349 0.922096223604574 1.1193202401201656 1.3304737083547429 1.5523058861726289 1.7829756025217318 2.018753449910778 2.2557883261499 2.4899667661447165 2.718309151824676 2.941341705091319 3.043143677390044 3.0646592824185603 3.0664712467304502 3.042043371342279 2.984305771163621 2.8919098599935804 2.7687297013136636 2.6185955316715015 2.447407630616355 2.2619100465651663 2.0660463548866117 1.8633781924499044 1.6595755131414756 1.4561611309785647 1.2477509243162332 1.0387677547477212 0.8341842977680858 0.6385049632769211 0.4587427271418857 0.29798442613714454 0.15721980058345064 0.04293224718248778 -0.042177348223129685 -0.1055316055712735
0.01105291624303062 0.07993682636686295 0.15648862331189695 0.23943698735892555 0.3336793025443516 0.44149989132285916 0.5702256602637774 0.7283191915643283 0.910653928813144 1.108905958186771 1.319468957815745 1.5401557462539883 1.7670561097923239 1.9961751636867053 2.223293002091092 2.4443639187548265 2.6568870758226515 2.8463201023283684 2.9396189854488712 2.954948628494253 2.9411253362756398 2.9035304867707934 2.8456429669958094 2.7632430736558993 2.6548407370041804 2.5230187380562326 2.371633680523151 2.202329212621015 2.01799551773321 1.8244022058495688 1.6269363839390198 1.4267549691218158 1.2188419154156163 1.0080325431044441 0.7996179371667864 0.6009007644955936 0.4253619972900287 0.27061595262517996 0.1386822044330367 0.03288470420627421 -0.044496246219080104 -0.10836840527604841
-0.0847949929856383 -0.0015136316475548028 0.09092639147589177 0.1943482939345087 0.3081445954943852 0.43168516369999976 0.5656123906759284 0.7237240975548523 0.9039266267813149 1.1010894988561495 1.3096661580515077 1.5255518796384462 1.7444018673967798 1.9611074767270547 2.16993384224054 2.368490408723832 2.54747977147698 2.690399383138904 2.77635017177142 2.8034269799202685 2.791941780672274 2.7586417102587735 2.706149381543401 2.6349011530442783 2.545320230609772 2.434332749648952 2.3007092085890646 2.1443542644722884 1.9713725140634146 1.7870886949403517 1.596525108565562 1.4009279023765246 1.1952360060770375 0.9844046858975781 0.7741299437465212 0.5779649756199787 0.4066952122446375 0.26199197680672265 0.1405825396483923 0.045386252910873615 -0.02540178394173842 -0.08784488746089703
-0.1653696589335938 -0.06760420269081147 0.042064785421858764 0.16209708726517014 0.2913013218442761 0.42821670935158074 0.5706135431901108 0.7264581836464633 0.9028703247508125 1.0969504954118374 1.3022031768121023 1.509385006611823 1.7134613249498047 1.9105050437945095 2.0986261822462566 2.2718539371609836 2.420458531221109 2.5347347978398265 2.6083198127459264 2.638178545475422 2.6380914965536837 2.6148032986704752 2.571694329955774 2.510760151569852 2.43471631921531 2.3430384074622834 2.2268340662532413 2.0876446468779317 1.928812248215367 1.7543311789620961 1.570929493458912 1.3808758524592935 1.1787486693894051 0.9693081911009881 0.7609910256132764 0.570775181150362 0.40842925639686734 0.2721941748678121 0.16236951723092885 0.07932072709383575 0.011992238701142077 -0.04698362466431538
-0.2148326535284557 -0.10834423374517133 0.011931500998570876 0.14350781397398438 0.2842542471193386 0.43191478399339683 0.5838379403675882 0.7385796258139543 0.9106729644429546 1.0984045513534924 1.2924777402475727 1.48613350758591 1.672616023604715 1.8516816178243056 2.018910646440699 2.168168646944724 2.29176259519412 2.3850036806741217 2.446968639951587 2.4811789883400204 2.490174525502514 2.4771713702973788 2.4452819111447783 2.397512664797773 2.3354843519655932 2.254786896638583 2.1560564324940645 2.0351369453337895 1.893072614156847 1.7329379341520776 1.5581514622094579 1.3724743903593972 1.1731242504171844 0.9646773409232059 0.762946122446873 0.5833411631734821 0.43062112935121477 0.30271411744800397 0.20308763333604796 0.12850274810979812 0.0640141554152005 0.010110801349841325
-0.23220920133731837 -0.12564513443386383 -0.0007048181439684997 0.13799408343558106 0.2869543387021627 0.4429285577259364 0.6019412785716947 0.762562708673721 0.9282701327163907 1.1028100435276058 1.2807336124050839 1.4581635635396708 1.6304893887720624 1.7917530782298685 1.9384392783202073 2.0657452706965858 2.1679573717676455 2.244245809748577 2.301123459368685 2.337462664524322 2.354444603156185 2.3538964097202832 2.336744080222883 2.3047393340194264 2.2550954206128875 2.185126707374841 2.0975230784743797 1.9939277032051996 1.8689083942652567 1.7237228564774507 1.5613436682753061 1.3844753907248235 1.1884576959339013 0.9837481843194131 0.7900842529059006 0.6179320839378358 0.47263735210191027 0.3528541519807919 0.26113010363141476 0.18748710836153837 0.12630453084765747 0.0784869630434466
-0.2295142494726472 -0.12569226007691048 0.0006258163671554184 0.14350890097219227 0.2980555844643096 0.45955301588833053 0.6244070841373952 0.7910966937164636 0.9517762792664616 1.112129973334547 1.2761877944919953 1.4385414061382389 1.5938046581269456 1.7365820851796954 1.8626207137441821 1.9695264321291952 2.052497030446714 2.118233937741871 2.1719007079639536 2.213089782107969 2.2401398454324433 2.25235434377507 2.2497703387746606 2.2324341764520184 2.1941189871345017 2.1354503080593386 2.0587137651210288 1.966556268241924 1.8585735677295323 1.7287055557908546 1.5790287566276566 1.4140749202630856 1.231172122792221 1.0347241231416016 0.8484515709714087 0.6820414527527905 0.5393155379810468 0.4224088282436825 0.32800084030209115 0.2520301587759159 0.19401698114764088 0.15266813732019158
-0.2171067850111852 -0.11538687499171152 0.011269433229601167 0.15630024858159453 0.3141947608154216 0.4799048333509108 0.6498678496553179 0.8185143569586439 0.9816056159353175 1.1355274002482973 1.2857233124135798 1.4325160807342519 1.5704746109986538 1.6944598330091367 1.7996590892958888 1.8840353572414816 1.9496431156246077 2.0096669902274895 2.0646642121999594 2.1114230198808315 2.1477380884451396 2.1720882533504993 2.1839612217824143 2.1791757248244448 2.1526459880793087 2.10582734138483 2.0406162559183683 1.9592044833256947 1.8643261703730374 1.7519954383978331 1.618900625854315 1.468215014806174 1.3000605244131267 1.1173843559507657 0.938029287563971 0.7755778920877944 0.6329009713898727 0.508646306236761 0.40182079943363386 0.31859513540647144 0.2620397145584802 0.22698977096328232
-0.20179921395718214 -0.10048847733744848 0.02635799293281338 0.17354287060865348 0.3354692234802213 0.5061552930485139 0.6791745269930595 0.8507315080697843 1.0164368090296798 1.1719920896707854 1.313395787832173 1.444489475657408 1.5650615902270832 1.6702472059683728 1.7559040435435833 1.8181834253343088 1.8711661714358634 1.9259130210942454 1.9802672417825553 2.031155481991254 2.0758275879167583 2.1119108930036816 2.137762755794017 2.1448006765927596 2.130792756787021 2.0970202301753136 2.045330344316457 1.9778280244442914 1.896723600151569 1.8027880564594112 1.6874769610093323 1.5512132061296096 1.3965374678387912 1.228066787479876 1.0586520331033484 0.8968351344798713 0.7446876324555889 0.6037370582993803 0.48214264652645644 0.38741601170170187 0.3256557129507638 0.2959254163091381
-0.18323515647098243 -0.07911938638324845 0.049052816147886924 0.19927811619855362 0.36573334747680586 0.5381639198148453 0.7138117462206143 0.8883625131451043 1.0568761850232904 1.2144567148754168 1.3563905567711627 1.4784251682659768 1.5816039081216382 1.6677425042202483 1.7328646520883668 1.779927366408413 1.8237987165073732 1.873042691502061 1.9257500730123323 1.9793162851711699 2.030918840646893 2.0780113947863805 2.116321212504908 2.135923975233901 2.1355040454740113 2.1161494800346703 2.0796538476012367 2.0277972689532615 1.9620788580821333 1.8838386029135612 1.7874255087787432 1.6661798413247784 1.5231552974578275 1.367654914621461 1.2069058311922092 1.0366997921033378 0.864089661557434 0.7029872186135808 0.5634882878249085 0.45495627708906794 0.38469842818014216 0.3548810351232914
-0.16295884202933963 -0.05343406934811179 0.07777843471962453 0.2316494113177402 0.40029201154025207 0.5742737818875412 0.7528926089168232 0.9309000477261843 1.1028440357785438 1.2631887904444676 1.406476054683118 1.5282773193386672 1.6253512527034886 1.694495787504427 1.74128379888431 1.77748623990965 1.8138799566782764 1.8565790216405724 1.9067377500412592 1.9624433240815589 2.0209585822792437 2.0790798837988573 2.128172472457046 2.15823049088287 2.169114803127655 2.1630743980448868 2.142536178214682 2.1079652150188926 2.0599416855653683 1.998444147545619 1.9211142669852395 1.816114190933078 1.683709245475756 1.536513579821376 1.3695063847963735 1.183065813310565 0.9875979840650426 0.8020438407822411 0.6405207996001206 0.515193796582843 0.4352695358388564 0.4037266925953499
