_RESULTS/CROSS_VALIDATION_POSTPROCESSED_CLR/Berg/TZ/6comp/4/Berg_TZ_z_180_kriged_reverse_6comp_spherical_4.asc
ncols 100
nrows 90
xllcorner 5.6208707817415728
yllcorner 50.959635321741573
cellsize 0.00013419651685393446
nodata_value 1.7014100000000001E+038
[rows 57 to 75 of 90, columns 0 to 43 of 100]
3.201532018235137 3.2120123826647173 3.2427424492558163 3.291730854713652 3.356065130052481 3.4323411722026664 3.5170313532006388 3.606730798667821 3.6982851512445487 3.7888328270883047 3.8757972830200242 3.956855716992217 4.0299002657888305 4.091005085770962 4.132014978534485 4.157502897402488 4.1684732612341415 4.164591723523908 4.156656109522647 4.152406981387941 4.152971887602295 4.159461475022946 4.17292064302575 4.194260002816411 4.224165164609609 4.262982016316075 4.310574689386268 4.366135667534521 4.4272989315931275 4.490568837375824 4.549925176272076 4.5989954219647515 4.6312889995738145 4.643349991845141 4.636795962439747 4.6159416314068125 4.584649709239092 4.545328735948818 4.499199532010136 4.44674413240533 4.388028677837954 4.322905776939912 4.256757286854014 4.192409847408395
3.3618315534551337 3.3705902843406825 3.396345794982504 3.4376172571844616 3.492176728302784 3.5573215464740513 3.6301323856604855 3.7076717238026164 3.7870811853751287 3.8656364790901363 3.94099479368994 4.010967911909512 4.073478333531021 4.126536313838132 4.165931469744974 4.18920971423564 4.198215673323949 4.19570480856087 4.1943120737125 4.196166979819624 4.202228576518703 4.213403965637382 4.2305001563046405 4.2541601573569725 4.284781611177507 4.322416581449174 4.36665067572112 4.416458745137227 4.470014937384743 4.523852359401655 4.572568111965538 4.611446583143628 4.63659478433792 4.6458891511979585 4.6396993195611325 4.620095713890536 4.589477250178412 4.549743306181057 4.502115698214768 4.447259851668767 4.385463061943839 4.320741894661181 4.259484815599806 4.199539575209965
3.5119014148258687 3.5192268065458547 3.5408064568187094 3.5755001186091655 3.6215513814825653 3.6762844538701165 3.7371936083050037 3.802073335369374 3.8686830561110632 3.9348102276090255 3.9983007481532398 4.057067183130271 4.109084205928793 4.152378258846183 4.185015984023267 4.206168205708112 4.213685995119059 4.217008905570448 4.221553057229555 4.228707814447638 4.239385376470132 4.254311174977293 4.2740883286061075 4.29914038930164 4.329641445584835 4.365433816220557 4.405934941912642 4.450038456141148 4.496023890678987 4.541501931378551 4.5819193347932075 4.613081519174523 4.632443184927141 4.638525980493863 4.631231858911437 4.6115391726629 4.5808700068938055 4.540568357714301 4.491658155361177 4.434811644888628 4.374096933474708 4.315105063091919 4.2592274385653 4.20449310491062
3.6505854040389467 3.6566868131509733 3.6746322490825425 3.702517587493605 3.7388746198380405 3.7823467353981703 3.8312871219432045 3.883866755871479 3.938158545312455 3.9921947840086625 4.04400104916757 4.091612486970451 4.13307882102396 4.166463434426938 4.189840362479319 4.2023966295123465 4.212268454443988 4.223483146990146 4.235604906149312 4.248929551097542 4.263785192527825 4.281695478993209 4.30340594613788 4.329168111806188 4.358993183839985 4.392588864851513 4.429237551423073 4.4678527246527535 4.507045617344374 4.5448373181568655 4.578225239840625 4.603271635651159 4.617754614274626 4.620559497019002 4.611406920258385 4.590719695500604 4.559312677458269 4.518082536657488 4.467897736190263 4.413751802163186 4.359422745453201 4.3064269239563915 4.256156612123621 4.207203924293591
3.776727322785981 3.7809474583424345 3.7931090794640925 3.81297083480934 3.839876303104564 3.872805547424231 3.9104581146276804 3.9513311656513475 3.9937840125546344 4.036085625146416 4.076445949726253 4.113034437675146 4.143990073566909 4.16742687332026 4.181437831775607 4.186908209159692 4.196501889554511 4.212578355217912 4.231956969088868 4.252161220618127 4.273235715319617 4.295106247917677 4.317543050199038 4.341430736996636 4.367512199676087 4.396086270780783 4.4269976807552975 4.459593216438715 4.492709207538252 4.524710856264292 4.553472375456375 4.575479505143088 4.5883769585135274 4.590205080680054 4.579720587560069 4.557457155155192 4.524764207474614 4.4832538660118635 4.437727720817403 4.390180220354704 4.3421886476930895 4.295210628679529 4.250599724545873 4.207755685461144
3.887249903361836 3.887143872554859 3.893239962686337 3.9054832578833536 3.923449279260934 3.9463935167158755 3.9733079840135055 4.002975962563944 4.03401868257936 4.064931068758394 4.094106764144528 4.119854758890278 4.1404108639571495 4.153947114254289 4.160192098569947 4.16654679983637 4.175442516490667 4.19072301458366 4.211626585014726 4.236982444131751 4.26185574576149 4.284126240194425 4.304511103864836 4.323759941824447 4.344492773979166 4.3675156854749035 4.392758645346468 4.419710043050215 4.447417134691265 4.474528041389172 4.499383289285454 4.519381030267895 4.5317730961140015 4.535000248218692 4.5277090632260935 4.5090386034581424 4.48094848250948 4.445371496371863 4.406154830226767 4.3649028816970254 4.323059560376337 4.281990445285332 4.242983758710149 4.206304939253267
3.978558486492842 3.974110288360741 3.974302497042114 3.979216020442531 3.988619241865072 4.002000657738096 4.018606315053636 4.0374760124299405 4.057473909766655 4.0773116328053325 4.095564410575802 4.110682596569572 4.121001697815326 4.1262831519568435 4.132763454918386 4.141045269006106 4.150781604456081 4.165204209557874 4.183769030043442 4.20241624962822 4.221048301057761 4.239620666729154 4.257869537477365 4.274837016254674 4.290671921627562 4.308000183789698 4.3276617936790895 4.34930130805059 4.372160638134499 4.395114336260781 4.416740747325992 4.435274407085228 4.44783969541925 4.453734777992485 4.452721780806767 4.444404542157846 4.428560095636262 4.405079872601284 4.37390146573135 4.338655666162535 4.302791725986455 4.267545545137318 4.234094848984636 4.203343649520282
4.050037703049463 4.04123664225781 4.035628539105845 4.033410889433142 4.034518045428533 4.038642435589338 4.045258002501398 4.053641396042658 4.062887831134684 4.071920695518535 4.079496376985183 4.084207637044573 4.0868977137761995 4.092314696845312 4.10040853127501 4.110785154494672 4.122880297033718 4.132781094432107 4.142337782394621 4.1522875514780475 4.162708495002122 4.173623680432928 4.184980578070593 4.196622164370441 4.208252499634503 4.2196846240458035 4.233461835921993 4.250010278121242 4.268722658329299 4.288774957267042 4.3091771945501565 4.328844367965129 4.346148070436625 4.359139320172686 4.367026647867789 4.369180210824089 4.365121061551348 4.3545351710999505 4.337091451498194 4.3124959313824744 4.282540847321117 4.252890112726837 4.224863632169054 4.199499564398153
4.101122377259995 4.08794901549825 4.0766024235466505 4.067382248285073 4.060369661365345 4.055441281964762 4.052282536702186 4.050396549282435 4.049106007677522 4.0475478857524445 4.044810040366795 4.044080872586659 4.047097500489498 4.05370850856266 4.063587994711387 4.075935659571977 4.084548359219052 4.087817012182106 4.0881637378075855 4.089211569109084 4.091170723471333 4.094149007991659 4.098212462821068 4.103352783602817 4.109446725680807 4.116211899795034 4.123864068200467 4.1354065612963025 4.150864651967113 4.169546474171211 4.190545790152 4.212801332994468 4.2351531442295345 4.255577013395332 4.272579049752745 4.285405401382985 4.293330584782975 4.295671784005023 4.291838448960284 4.281314262323842 4.263638420104239 4.240010854919607 4.2172561067970715 4.197008567634734
4.131277716271217 4.113713351172699 4.096662964085157 4.080515990754607 4.065485576841707 4.051618845004608 4.038803760895776 4.026768216814965 4.015075359599012 4.005536344010734 4.000188987742461 3.9993100192253292 4.002945580430172 4.010906028950157 4.022479675904367 4.030619029685909 4.033103459596817 4.030628493472792 4.0239079709685175 4.015878887892532 4.0091283271718146 4.003866215358925 4.0003036485074315 3.998614837734838 3.998887219761899 4.001063928252388 4.0048853337674135 4.011629877520477 4.024113257277981 4.041821883375625 4.063889774257851 4.089226070768493 4.116588769565768 4.144607187786336 4.171222960191123 4.1950588395674675 4.215079001805529 4.2303556723372004 4.240068709564419 4.243495367121942 4.239994949569515 4.228991624667117 4.212006731297156 4.196736370287484
4.1400018728604495 4.1180396324621205 4.095308027829598 4.0722736446254375 4.049267959454242 4.026497767406568 4.004491859773685 3.985114766831681 3.969342286838041 3.9579554757299995 3.951558074809681 3.950505467871263 3.9548573075265234 3.9643248766188695 3.9721103639046236 3.9740104273589885 3.9706243083928348 3.962553677080255 3.950459450629624 3.935100578571284 3.919382002891273 3.9055320882325866 3.893935792695008 3.8849884544851014 3.8790339884697005 3.876289153752396 3.876760987638555 3.8802889322918244 3.890025849159863 3.907140111652905 3.930764804018775 3.9597241126895724 3.992667336394293 4.028243757877129 4.0647654928222305 4.099902045986285 4.132189779965902 4.160464006373121 4.183689333375922 4.200953198191357 4.211451380877873 4.214469702759209 4.209364648070027 4.199181972912006
4.127342281222036 4.101134148883743 4.073240244941281 4.0444596706905065 4.015669247013104 3.9878270381614134 3.9619651725179805 3.9391639966665157 3.920498947773811 3.9069554669125397 3.89931849936589 3.898059904145885 3.903259611634338 3.9105339083655752 3.912096360424547 3.9082217988410584 3.8993305453802476 3.8858867331195945 3.8684719341284475 3.8478261682607067 3.82486134440129 3.8020208819901162 3.781882320345121 3.765113452444375 3.7523709991619403 3.74420915446044 3.7409639232122442 3.742635705969474 3.75012652478921 3.7670309639135513 3.792750963131534 3.8260052036774757 3.865371644120155 3.9090463905763015 3.955149445668214 4.001775500315415 4.046561859856709 4.087931047064028 4.124647140095882 4.1556267023252165 4.179921811532008 4.196698732606342 4.20521562422664 4.204823266603269
4.107651420220428 4.077682810406723 4.045854570671679 4.012982572438471 3.9799840693554684 3.947893219981691 3.917867633035457 3.891173711764969 3.869133521446467 3.8530167566016837 3.843877181259719 3.8423671476734182 3.8472312444372596 3.848499966277116 3.8445293067147106 3.8355138460106133 3.821615907141455 3.803110376410265 3.780472105677166 3.7544168754485296 3.7259111106537577 3.6961598992963864 3.6670473784350377 3.641727388767035 3.6214391516465616 3.6071594381152865 3.599643803873468 3.599250506791309 3.6059168014770786 3.6230290718265916 3.6514976766806218 3.6899884039529365 3.7365755977459205 3.7890669871676455 3.845235773783594 3.902942616124788 3.960200455212303 4.0147727885828886 4.064946394959327 4.109490568027417 4.147337919259572 4.177557700872319 4.199329569921886 4.21156088771893
4.088166769921544 4.054535435271671 4.018804238044619 3.98178449840053 3.944410301877367 3.907770542136526 3.873138658896869 3.8419846130400375 3.8159396282203883 3.7966727044748483 3.7856512137989533 3.7838229819124005 3.784281020431755 3.780219700120496 3.771652613474611 3.758341094355612 3.740089355599582 3.716930422801398 3.6892120213031916 3.657622012378978 3.623186019766148 3.587252632117162 3.551466237068989 3.517716101509388 3.488880783241359 3.46752065758588 3.4549433236343234 3.45198746912303 3.4587697612879285 3.47669188660742 3.508848692031159 3.553535171964687 3.6082942376958247 3.6704617911683934 3.73739062374105 3.8065981130651747 3.8758421148714883 3.9431437738046347 4.0066605462702745 4.064559973906272 4.115648145863224 4.1589060616715035 4.192165138263253 4.213458366642355
4.069652385771045 4.032544867160084 3.993037014402879 3.9519079728210134 3.910072951153444 3.868634197997548 3.82894364795966 3.792664525456413 3.761792523398732 3.738554159084071 3.7250772155200225 3.7211062538314685 3.7160043345622027 3.7078322768961964 3.6959321275146966 3.6794176278081636 3.6576235249501474 3.6303071797485895 3.5976909672795605 3.5604437009502665 3.519654927615359 3.4768190927554468 3.4338165734203128 3.3928223204745223 3.3564266401712715 3.3273698664600353 3.3085594524401145 3.302326396402734 3.3092398686912716 3.3294739370188027 3.3665239166909027 3.4186816356070744 3.482790520976045 3.5556464901326095 3.6341060879676177 3.7153201863849694 3.796796779196074 3.8763943690591445 3.9522841354761935 4.02285948993949 4.0857729639293785 4.138954769738062 4.1809914904472985 4.210569641919243
4.052868201259109 4.012582096232331 3.9695521800948166 3.9244949354985494 3.878261061819442 3.8319019580840097 3.786768442610961 3.74464542768142 3.707894942519294 3.6794861375509313 3.662633240710803 3.653687327000147 3.6442937417233012 3.633733934865691 3.620182850171399 3.601810654722903 3.577403692763788 3.546470850021283 3.509155486348127 3.4661308724360116 3.4183354202299343 3.3673620703608274 3.315444098621125 3.2653172243752326 3.2202012971482405 3.183661633939244 3.159256340884493 3.1499266549691134 3.157266648565334 3.1813940485423826 3.2249385941360895 3.286545142843715 3.362029979972584 3.447191194727843 3.538184245256528 3.6318561974403405 3.7256075365232615 3.8168475112212166 3.903398462126869 3.9833304852994647 4.0549009945178796 4.116511823591049 4.166679151466608 4.203964873457448
4.038540795368979 3.9955028949708797 3.949365399860972 3.9007561352390416 3.850415113633173 3.799264002242286 3.748526495443251 3.69993547946308 3.6560640696927384 3.620719183498466 3.5984965204921715 3.583052074239851 3.5712783533914143 3.560838735241457 3.547791826339621 3.5290579105775093 3.5029542109465224 3.468894596346609 3.4267325478217083 3.377059474518032 3.321237218153641 3.261106170937798 3.199056833874688 3.138141932469642 3.0821801632933257 3.0357390412334313 3.0037934552539376 2.9908461271235995 2.9997035699185775 3.030409590584561 3.0832860992817284 3.156893905112592 3.245720200588376 3.3445710826456083 3.4489622930141817 3.555151666053902 3.6600236219672038 3.7612889593470626 3.857119907200955 3.9456602377466674 4.025238530764412 4.094317590684729 4.151462125791814 4.1953213539286915
4.027324932952771 3.9820990327392014 3.933448571504823 3.881901710783878 3.82805901414452 3.772646709923219 3.716621620175803 3.6613899680680415 3.609282350817905 3.5645459697886546 3.5326455405220463 3.510662526588256 3.499798457094702 3.4931751366944104 3.4830628524445926 3.465256959401396 3.4379556411885654 3.4002697865805733 3.3526457948084287 3.296074043955243 3.231941802167316 3.1620755897013146 3.088872283912223 3.015520656145317 2.9463009047923117 2.8868597466332786 2.8441218918108335 2.8251906663038895 2.8351325548517785 2.874002943003048 2.9392055645525352 3.02766470963895 3.1319133572980853 3.2456112678941453 3.363796616848945 3.4826227162404764 3.59903976520038 3.710540576421083 3.815090395564941 3.9115093602475497 3.9983358316860103 4.0741143567735625 4.13746664706322 4.187079073270743
4.019758923993093 3.97303684344848 3.9226450498116026 3.869025515307901 3.8126488732639117 3.7540381300077854 3.6938200111738855 3.632849027771235 3.5725521649789482 3.5160609413330874 3.4678691159614994 3.438166620897432 3.4351450781193247 3.4370997864087665 3.4315268115321986 3.4146260095725984 3.3851372928998575 3.3434351381193794 3.290322966864313 3.226873206375429 3.1544215104396605 3.0746436877438583 2.9897243256203403 2.902663402192128 2.8177968398068036 2.7415764001685767 2.68332302242506 2.6546070981007848 2.6650020804200505 2.7147823157780273 2.7966597555589026 2.9034169465544037 3.0250978633587158 3.1544343399420094 3.2863854655492197 3.4173284338521634 3.544499296335131 3.665653069043117 3.778862192244792 3.8824303484206855 3.975526903740077 4.057065498032782 4.125724429191975 4.180215040268906
