_RESULTS/CROSS_VALIDATION_POSTPROCESSED/MHZ/IZ/1comp/1/MHZ_IZ_z_1000_kriged_reverse_1comp_spherical_1.asc
ncols 100
nrows 81
xllcorner 5.5967107548124995
yllcorner 50.982328804812504
cellsize 0.00017565037499993607
nodata_value 1.7014100000000001E+038
[rows 18 to 35 of 81, columns 0 to 39 of 100]
0.010516948032022168 0.014031680534916307 0.01719995151082933 0.018626102385397407 0.017151415845667754 0.013482124607449653 0.009474628591325038 0.00629199686849567 0.004105333225833341 0.002697128674645047 0.001813524622668221 0.0012560727960485053 0.0008829874633999105 0.0006343449409142187 0.0004693872876369218 0.0003596527078173085 0.00028732402533175627 0.0002429694240809734 0.0002194060524683874 0.0002109060442925326 0.00021526850719678854 0.00023470172174106828 0.00026827970596820003 0.0003166459277881757 0.00038365850608424227 0.0004770691465998024 0.0006081791937292913 0.0007874151680326368 0.0010250892884848418 0.00133772141014794 0.001790697356671025 0.0024537856004537 0.0034223560140135157 0.0048301373487348925 0.006964647061920384 0.010135552034955628 0.014334415928113227 0.01853974854062488 0.020389700990766105 0.01986680049722115
0.008313602172073045 0.01079891532067167 0.012927525270059156 0.01383137974914657 0.01314386934438331 0.011135945929850073 0.008609721405442972 0.0062826835277995695 0.004461469303437041 0.003155850925250781 0.002261687642546461 0.0016625128684132357 0.0012549288684359009 0.0009606103479987264 0.0007514162158154655 0.000605850948937882 0.0005130223926343859 0.00046025025004170684 0.0004358348043567575 0.0004340760187783163 0.0004535850403752408 0.0004969168540748186 0.0005612903807552108 0.0006481023146861681 0.0007617365601220015 0.0009149933710369775 0.0011167510317656626 0.0013724379928238078 0.0016853768500672875 0.002106941955111634 0.0026913589990030253 0.003494644424500429 0.004586263577012477 0.006045037209984239 0.008071594859035068 0.010804350641914717 0.01391042941598469 0.016551420633705922 0.0180360182128632 0.018338979712962777
0.00625331619190839 0.00782369455862079 0.009248682585451256 0.009967617587710175 0.009802958760044587 0.008819796025081912 0.0073630019403135485 0.005829078574685537 0.004476669975526081 0.0034018374540582953 0.0025986224215643157 0.002019685403865201 0.0016135038163965908 0.001325799977916491 0.0011083318352566637 0.0009620827988234246 0.0008790921670324332 0.0008420928003129595 0.0008411609458504644 0.0008720233777983133 0.0009358135726702298 0.001027962579576784 0.001144318388685034 0.0012895051847009124 0.0014705667530674662 0.0017026572463981645 0.0019855317545643186 0.0023121093199079423 0.0027226877621042795 0.0032645736810513076 0.003967924378703086 0.004865900713731193 0.005987770803063034 0.007347119822486888 0.009065315766786595 0.011169470668005414 0.013298348401075043 0.01509347486543866 0.016248373001128358 0.016644197372162446
0.0045821772799737375 0.005530824647356276 0.006371529243954695 0.006959262946089703 0.007083798432911381 0.006710411111584011 0.005973435594314184 0.005073047911499892 0.004181650200562226 0.003401281800969289 0.0027697725446349324 0.002285266117132723 0.0019282074638153014 0.0016747683673734406 0.0015154467059756364 0.0014385566045038807 0.0014265693623014405 0.0014687450122305083 0.001557025794453071 0.0016872624063083074 0.0018631068338775575 0.002044329494051725 0.002236313736366259 0.0024546570322490193 0.0027161483625532694 0.0030273566189279186 0.003370173623900859 0.0037822177185260746 0.004301709564637097 0.004937984106555952 0.005698898757651977 0.006586543606016414 0.007588802107227761 0.008667429453363254 0.009899029096338134 0.011292787466927494 0.012794049156954548 0.014085719278739904 0.014930550254897297 0.015223621663553677
0.003346602652603204 0.0039170975334820255 0.004403489906477975 0.0047778481245713215 0.004995872485522939 0.004950310402036 0.00465813627318908 0.00420931427876419 0.0037013144933746326 0.003209767379351343 0.00277948673348394 0.0024294443134338733 0.0021622256253090765 0.001981990488440417 0.001929644092688405 0.0019972477372580478 0.0021612109887237207 0.0024092755304563726 0.002730048636441814 0.0031044904350516593 0.003511376895891741 0.0038408166291488536 0.004115769517988812 0.004398358483592574 0.004721044023982327 0.005071960691455501 0.005498173783505854 0.0060115490915179925 0.0065980024263832685 0.007241306396878021 0.007922700395693292 0.008618132200173219 0.009292512456035892 0.009891811066298382 0.010533386804653131 0.011417422165102154 0.012464361246926955 0.013372561179266433 0.013955118851260124 0.014085177162406363
0.0024589293149192893 0.0028049849550659243 0.00309417618813255 0.0033304077050184083 0.003493870564676267 0.0035651736784236515 0.00352175376853104 0.0033600679252946773 0.003128425054016276 0.0028738224834620376 0.0026324524870366193 0.0024277294752090414 0.0022730818162521537 0.002226811999089679 0.002323679536368125 0.0025757495855990775 0.0030114726240649302 0.0036585918760862666 0.004477174423691064 0.0053632380068123296 0.0061361943690103355 0.006660361805910111 0.006989974223616605 0.007280149219523443 0.00763166337268655 0.008100019834910231 0.00864534176062539 0.009215703131114823 0.009758425361890128 0.010228546139347686 0.010593460500672437 0.010831231729758622 0.010944464635884027 0.011017434669049697 0.011169776401778367 0.01157979081328973 0.012210227387573729 0.012808717869820718 0.013198690123047264 0.013188082485001746
0.001830463089623785 0.002042857551563084 0.0022188400222497096 0.0023714266537050058 0.0024905625154850353 0.002565642208959837 0.002594192095033686 0.002582017800854187 0.002528470898699511 0.002444876473740385 0.002355558601418418 0.002280695989663626 0.0022534087469758602 0.002358415582857787 0.002626765938376436 0.0031097883841256844 0.003896193849585833 0.005108074272407843 0.006794273026202565 0.008540863911912997 0.009674415609419038 0.010341888395301662 0.01071692815025725 0.01108642550014456 0.011650631832712812 0.012328338423539614 0.013000028114868637 0.013536503069369217 0.013832004746890551 0.01383226867711999 0.013587360984106345 0.013183354053692042 0.01269959183810755 0.012202187070300446 0.011787387250606325 0.011686650458900969 0.011899984288855883 0.01222050646356737 0.01250246109027755 0.012475302505048753
0.001388467665752707 0.0015204982707788875 0.0016294215278977859 0.001729590907170931 0.0018163432006884624 0.0018839326053501579 0.0019303867246611317 0.0019578525183548 0.0019719771068603268 0.0019807451570974482 0.0019930732344525847 0.002014667713860667 0.0021065943795744863 0.002338175954755299 0.002758294878271673 0.0034585642824081163 0.004603225334924182 0.006481697972854323 0.009550308094150797 0.012447817375145503 0.013356719522642873 0.014115333794925227 0.0147916551073389 0.015408070727029866 0.016283454636767128 0.017278355082588227 0.01815768834361232 0.018682456359232377 0.018690445636018224 0.01815676249331346 0.017182929946372244 0.01592897826702639 0.014597387405049239 0.01336033131540109 0.012296954365573503 0.011628566648768242 0.01138891402343949 0.011389275922258864 0.011559357466357239 0.011793455721576869
0.001078430479999411 0.0011614713025243524 0.0012295104135455208 0.001295874600450477 0.0013590114778692904 0.001415844871139606 0.001465195994380682 0.0015080551859835236 0.0015474873664468659 0.0015882969604442208 0.0016366723396102076 0.0017055044563966553 0.0018680382744708222 0.002173129064569248 0.0026847786113082047 0.003520184798139565 0.0048903421919423585 0.007167914859323979 0.010704945270490427 0.014052598345161158 0.01563578351497659 0.016944748772808046 0.01823301753080883 0.01948503994851516 0.020923376240365665 0.0225160723932445 0.023839288212406395 0.024437798890953183 0.02404053047398836 0.02270882309227934 0.02075946329673138 0.018558296233327734 0.01637574549049158 0.014357406894074847 0.01260164566794319 0.011320990748822478 0.010588192139626128 0.010167162350392087 0.009959977077184115 0.009836892595343856
0.0008614209683394131 0.0009140673597430175 0.0009565682163096173 0.0010005494701630308 0.0010464615928696811 0.0010926668249393885 0.0011386049032936507 0.001184969192921062 0.0012337602595717393 0.001288253914600681 0.0013529686507922029 0.0014487459184726048 0.0016434001437414254 0.0019803402928439077 0.0025322622517730893 0.003428187659067 0.004875803707596473 0.00707457911533708 0.00998182458106465 0.01302344979704907 0.01557081941016934 0.017826095069521958 0.02007338884798998 0.022410516183477856 0.02492867497071033 0.027557442849669142 0.02972548791663008 0.0305391753938871 0.029506503352447973 0.026938245699438774 0.023624659311539887 0.020263333356681974 0.01723128217554701 0.014648739111737126 0.012501298906798682 0.010745289703486203 0.009537712414930987 0.008682899011302042 0.00800883857490619 0.007319201972015327
0.0007104508898120607 0.0007438142482422063 0.0007700807123434021 0.000798823793116169 0.0008321165251324442 0.0008690667944483879 0.0009094988659416634 0.0009540567391566179 0.0010042826064643718 0.0010626795329314598 0.0011327891189034914 0.0012427344933268487 0.001449066762363266 0.001794298582952196 0.0023541412569881466 0.0032319856937381127 0.004536619153228515 0.006335816057897123 0.008628364527159225 0.011228567891582723 0.013921360567465318 0.016717407076375094 0.019772583336103763 0.023230318789669746 0.027297908912038742 0.03158985883174817 0.0352807190800716 0.03664544216040503 0.034625814321388365 0.030204240010558638 0.0251607590402231 0.020600027497327707 0.01686384464971881 0.013918366036924448 0.011614351823543485 0.009794271232035733 0.008367599251197207 0.007211969316966673 0.0062850520099508676 0.005459849890180345
0.0006072532079019452 0.0006280134444718441 0.0006438953623638011 0.0006618954263998223 0.0006858355085542834 0.0007151781716882035 0.0007499481008899934 0.0007907852449518984 0.0008390122783655233 0.0008967155810733517 0.0009668538831136656 0.001082078044657641 0.001288350488241738 0.0016283246220919023 0.0021503747831250297 0.0028986161246676266 0.0039233321590080045 0.005283871820995793 0.007002816851536192 0.009053305301074064 0.011413494613712905 0.014151852670654861 0.017444460323728584 0.021533543829207552 0.026868352925794734 0.03343806808593938 0.03980320290014775 0.042484899401676365 0.03876902481926881 0.031620700810456925 0.024728249943229818 0.019289786143621642 0.015253848816116591 0.012289719285460337 0.010087435296191759 0.008411842551462689 0.007064343578611664 0.00591298342034814 0.0049282726325680665 0.0041353533352160585
0.0005398465403041314 0.0005520102210233187 0.0005613134823924243 0.0005714038048995623 0.0005882483974066515 0.0006114945350160622 0.0006412431972661552 0.0006781225438515367 0.0007233376312410923 0.0007787470220822003 0.0008472402587332467 0.0009622190817248267 0.001163109223061475 0.0014719627400472477 0.0018916265445766793 0.0024528522556402426 0.0031936537509397187 0.0041505527236999325 0.005352773367955796 0.0068270597348223695 0.00862399998390694 0.010858469181345013 0.013744858836957731 0.017622468641588722 0.02316316127924994 0.031207968828680835 0.04162428006972526 0.04792092003246537 0.040544533815878886 0.029878890041399285 0.021866169240157857 0.016396053281238877 0.012669745355749565 0.010077402724045434 0.008220250076491045 0.006843151744187819 0.00573057537688117 0.00474403858274241 0.0039003016794266 0.003200921606684588
0.0005008763137092112 0.0005067836082072241 0.0005115083369596195 0.0005160479161047714 0.0005272728059294849 0.0005456447680461519 0.0005712600365169208 0.0006047214418244967 0.0006471720681660014 0.0007003650581069864 0.0007672026304618594 0.0008793584100529966 0.001056250836754731 0.001288487914826996 0.0015896298493948764 0.001977471127421017 0.0024718237259107813 0.0030937313625880197 0.0038666493046311235 0.004823221467507138 0.006020629371799943 0.007564332348958789 0.009639921815142649 0.012559864250745269 0.01691733547212099 0.02388979693120285 0.03539656682404489 0.05250524081979323 0.03525931688035819 0.023786355451965346 0.01684899343876326 0.012487528117370526 0.009633917179933555 0.007693755698015763 0.006323930721816785 0.005316081138561073 0.004481126812343809 0.0037405471400941987 0.0030918310849961514 0.002541018128093618
0.0004866391752214709 0.0004875239349614482 0.000488659710329423 0.0004896460117538479 0.0004960811926907555 0.0005104657450160985 0.0005328325122167677 0.0005637498428975894 0.0006043059892341614 0.0006545531701958693 0.000714506975823476 0.0008073404124206719 0.0009326819408035694 0.0010907374288382306 0.0012884591988612522 0.001533783982018754 0.0018356406130609548 0.0022045138610386128 0.0026544681846453356 0.003207785481790896 0.0039031145855945707 0.00480765368102325 0.006034462086571439 0.007767290578722701 0.010303392941967545 0.014188258171056027 0.019773769177188864 0.02407511675810242 0.020401503602668764 0.015067508862547747 0.01116310099166463 0.008521558222460266 0.006743607222214605 0.005514837244354 0.004638527491517637 0.0039777915499583354 0.0034094444437380816 0.0029083836110866653 0.0024599868231312055 0.0020630609023882997
0.00048653100776952353 0.00048653100776952353 0.00048653100776952353 0.00048653100776952353 0.0004888365611419576 0.0004990580931344855 0.0005171252408678856 0.0005428871365719627 0.0005763055149338544 0.00061733519089498 0.0006658064327097996 0.0007277741502577689 0.0008055759402105707 0.0009011640508764793 0.001014169438686555 0.0011466519829921406 0.0013029386266689615 0.0014887664281663313 0.001712521540072193 0.0019873649805727343 0.0023344196672440373 0.0027870207550861467 0.0033955458857901468 0.004230095682543682 0.005369691357363283 0.006900862601694204 0.008677066079006882 0.009788643218809312 0.009302833462206166 0.007877326963058645 0.0064380970599707205 0.005282518496366855 0.004413351303083765 0.00376879976989521 0.003290444010961212 0.002901687517372331 0.002555767823272491 0.002272197869978502 0.002070782359882925 0.0019055955696991767
0.00048653100776952353 0.00048653100776952353 0.00048653100776952353 0.00048653100776952353 0.00048667987835010706 0.0004920607742026145 0.0005047603819157687 0.0005243771722028678 0.0005506138806934171 0.0005831641251757296 0.0006187408955547969 0.0006473824133003035 0.0006794827169492606 0.0007158653312250462 0.0007579189910978743 0.0008072223292826858 0.0008657217800733372 0.0009360603787112595 0.0010221200706671209 0.0011298307161715906 0.001268264456137547 0.0014509281560651326 0.0016967737460652774 0.0020290964798361896 0.0024667168699317138 0.0029979204692529324 0.0035487948286356042 0.003924250613852267 0.00396880876026144 0.003727825317912595 0.0033698492751453235 0.0030150867146082837 0.0027110242511698985 0.002466206742231873 0.002267491493684662 0.0020901941443512676 0.0020093884407886642 0.0020055608732696337 0.002041628888949446 0.0020846609479830175
0.00048653100776952353 0.00048653100776952353 0.00048653100776952353 0.00048653100776952353 0.00048653100776952353 0.0004876521395900988 0.0004950043738602477 0.0005087032212801188 0.0005282426901937578 0.0005528404791032205 0.0005662717266969187 0.0005577129741437776 0.0005492300875437432 0.0005430436473282854 0.0005398984425984011 0.0005405057127617775 0.0005456397022991915 0.0005562777975747553 0.0005737962426792114 0.0006002335684978858 0.0006386281055962032 0.0006934028829557722 0.0007706386403594621 0.0008776713223166225 0.0010205475606328278 0.0011968966286565533 0.0013889677530238638 0.0015619448963566608 0.001666795679228832 0.0016987002306613555 0.0016824049954195217 0.0016426368406092405 0.0015980142206709284 0.001558201934065223 0.001542212712579747 0.0016148033700375123 0.0017725329737137345 0.0020049165665785487 0.002295325808358754 0.0025940786715610824
