_RESULTS/CROSS_VALIDATION_POSTPROCESSED/MHZ/IZ/1comp/1/MHZ_IZ_z_355_kriged_reverse_1comp_spherical_1.asc
ncols 100
nrows 81
xllcorner 5.5967107548124995
yllcorner 50.982328804812504
cellsize 0.00017565037499993607
nodata_value 1.7014100000000001E+038
[rows 60 to 79 of 81, columns 44 to 87 of 100]
5.563954230163527 5.5668552278558225 5.567080208195287 5.564492432666233 5.5592265778003584 5.552891795161769 5.54757817352856 5.543563851236038 5.541047386551833 5.538546532039275 5.535944855373506 5.534020963070853 5.532995423348764 5.533106943352087 5.535594775528979 5.540644997460356 5.5477879928605995 5.554335328970963 5.558572010121768 5.559171740450995 5.554756055617316 5.544487927013043 5.528791986124302 5.509554924536529 5.490041695524531 5.473886913238351 5.46338078023334 5.457955229976587 5.455877708601841 5.455776482971082 5.456970632747082 5.459706251721793 5.463833084002184 5.469192281342418 5.475679899826039 5.483231616966912 5.491811445282835 5.5014011301682055 5.510936802652035 5.51839198078792 5.523612708927157 5.526452473933667 5.526949647363779 5.526949647363779
5.5560090372675806 5.559867216267446 5.561118258712495 5.559777960979783 5.555991408990902 5.550518699662631 5.545859709958258 5.5424534955920635 5.5404821651132306 5.538776131453763 5.53654576188148 5.534628043692694 5.533396118419168 5.534033682636882 5.536839581568318 5.5417642529350335 5.547152629137982 5.55118612459676 5.553039967981714 5.551836997581405 5.546736449066011 5.537475290911663 5.524542247373175 5.509364136160992 5.493999155694651 5.480713205658716 5.47101131986723 5.464893602408704 5.461641621840407 5.460416765212939 5.460960635312557 5.463291512307522 5.467126498401433 5.472270814694371 5.478594430304774 5.486015228068442 5.494490716717482 5.504080059157893 5.512943916503646 5.5197722728682725 5.524416692630833 5.526719673690545 5.526949647363779 5.526949647363779
5.548119196973864 5.553023585946859 5.555285039859299 5.554906780992267 5.552170763793429 5.547529409655573 5.543165560383298 5.540015335087559 5.5381884285322815 5.53703384457288 5.535107098533971 5.53349462219179 5.533315714766101 5.534845840192092 5.538209915464858 5.542505370557128 5.546003190914118 5.5481393367322775 5.548322268939172 5.54599289360811 5.540631652736558 5.532254652752544 5.521392669694561 5.509023832327845 5.49654607117092 5.485588151862586 5.47696180919439 5.470871651492222 5.4670582628470115 5.465154507206377 5.465308151027301 5.467288852241825 5.470833432242591 5.475744272207563 5.481917860517285 5.489310231296708 5.497899652038672 5.5073312432009205 5.51533450082956 5.521377181723774 5.525293697464175 5.526914703118316 5.526949647363779 5.526949647363779
5.54021846211261 5.5462717905284356 5.549523299751558 5.54988371650027 5.5479177260984125 5.544118939339602 5.539624659202453 5.536355881223756 5.534378652923469 5.533459851537096 5.5325421617269965 5.532377240826944 5.533461509227682 5.536019677720114 5.539451083993422 5.542370600112243 5.544398875383028 5.545126729200269 5.544161555958643 5.5412102622035535 5.535977322571172 5.528493360005758 5.519160071392326 5.508726003385051 5.498431506368661 5.489176346827835 5.481540127981891 5.475755223964105 5.471760105306822 5.46973615279744 5.4697428671683825 5.471554583182018 5.474970979694717 5.479834732687513 5.486036288803788 5.4935103665039575 5.502227592636106 5.510931952021158 5.517937111113733 5.523057694492324 5.526112433678608 5.526949647363779 5.526949647363779 5.526949647363779
5.532061161941682 5.5394009848354 5.543720036265931 5.544367231344924 5.542986503542345 5.540006645854771 5.535716626759596 5.532041200899928 5.530058523876229 5.529937145785426 5.530593643092432 5.531873574906815 5.5342733277749625 5.537139852062632 5.539612462302423 5.541466720328014 5.542438324142498 5.542247428313645 5.540636718003899 5.537419607957487 5.5324030900658405 5.5256267574691655 5.517456579663099 5.508725102930445 5.500117623781369 5.492224136235492 5.4854797754407105 5.480110898104206 5.47634651242817 5.474551154128488 5.4746364101574265 5.4764603775349325 5.479877293475606 5.484761149783376 5.491017592456907 5.498586212150795 5.5071487748678205 5.514660548983867 5.5205582099161585 5.5246430022785775 5.526720585783724 5.526949647363779 5.526949647363779 5.526949647363779
5.523277452855478 5.531255337144236 5.536380521687864 5.5376240596284365 5.537117275232655 5.535285291214005 5.532419999055744 5.5292959853894335 5.527801293443853 5.5281660176134855 5.530115306501721 5.532710179178443 5.535244598037292 5.537444037799003 5.539167702783362 5.540240523963004 5.540466043286463 5.539647517395904 5.537617323376838 5.534269720688605 5.529461889589776 5.523308204471544 5.5163376387096115 5.508982178591365 5.501700660092919 5.49492248458225 5.488981852324694 5.484181955586004 5.481038988090215 5.479644835384383 5.479970444861026 5.481939155376541 5.485456084314484 5.490430633209355 5.496790239699485 5.504476674743432 5.51203884429495 5.518283079235925 5.522989310907805 5.525946155364858 5.526949647363779 5.526949647363779 5.526949647363779 5.526949647363779
5.515231745018897 5.522704809697341 5.528203986197218 5.531200084674163 5.532340090985274 5.53218525877964 5.531096429206954 5.529388002431716 5.528221413915194 5.528887011905869 5.530854019563481 5.533290755324668 5.535390123893092 5.537070379981743 5.5382211166300035 5.538710110781583 5.538395149499856 5.53714119721224 5.534842165744043 5.531441515454254 5.526979844046985 5.521649145092142 5.515700162743997 5.5094484496658715 5.50323614848084 5.497385776166144 5.492231816025421 5.488332618826122 5.485899954582412 5.485018333484839 5.4857046180135685 5.487929883007702 5.491641646224088 5.496782625755996 5.503303482924064 5.510450422809857 5.5166295722339465 5.521560125873037 5.525012931836649 5.5267690167991 5.526949647363779 5.526949647363779 5.526949647363779 5.526949647363779
5.51099914381592 5.517658064385323 5.523113400967387 5.527219100679894 5.529851588337702 5.53129354497204 5.531891953012829 5.531805899801974 5.530999827284004 5.530541779436834 5.53109844602961 5.532941000338462 5.534716090258278 5.536008114532536 5.536734353868927 5.536798394404858 5.536100323681406 5.534550175590558 5.5321641834350075 5.529046640204189 5.525136171830814 5.52052984262684 5.51543090839847 5.510084895079367 5.504753891864932 5.499777991359248 5.495677912917111 5.492701441138023 5.491013011249389 5.490712602888141 5.491845359320173 5.494416147669554 5.498405732065184 5.503785319954759 5.510121551222329 5.515871192871041 5.520662393528593 5.524251698085118 5.526407163765034 5.526949647363779 5.526949647363779 5.526949647363779 5.526949647363779 5.526949647363779
5.510870694496168 5.51682256656603 5.521947270172941 5.52614643882728 5.52944377041718 5.531806418351643 5.5331734572614995 5.533618924079385 5.533235629701324 5.532095553812331 5.531242704207761 5.531774249628914 5.533211688305299 5.534227888857326 5.534652266712248 5.534433586271731 5.533576606511176 5.532074048242586 5.5299418977744 5.527206566992601 5.523800809943749 5.519824986028317 5.515445757091828 5.510858574897232 5.506437714189618 5.502565455383134 5.499485543773837 5.497400962266514 5.49646633479826 5.496787318161281 5.498426040195688 5.501410750205371 5.505747262851187 5.511098932439607 5.516130524247396 5.520476109585417 5.523885944343846 5.526120372228653 5.5269488614553595 5.526949647363779 5.526949647363779 5.526949647363779 5.526949647363779 5.526949647363779
5.511970466476696 5.5173482779880985 5.5220653230653385 5.5260227846624 5.529191540633326 5.531583479620137 5.533215225005414 5.533994708151333 5.533909760811011 5.532998581102625 5.531560208468047 5.530704727974108 5.531023244446734 5.531898991113532 5.532270526712197 5.532080807798523 5.531324008913819 5.530009247586136 5.528167780215815 5.525804302607001 5.52286057581224 5.51943951970733 5.515743157966658 5.512096758508701 5.508735716282157 5.505887012373861 5.503759045159846 5.502530834046272 5.502345654573623 5.503309580491951 5.505494512038046 5.508944492804849 5.513243650062014 5.517365816522451 5.52103769075901 5.524014473008218 5.526057102739499 5.526932965954973 5.526949647363779 5.526949647363779 5.526949647363779 5.526949647363779 5.526949647363779 5.526949647363779
5.513470127130145 5.518270858834677 5.5225381520502985 5.526169453384265 5.529108582886839 5.531331633474032 5.532828985702629 5.533592148501202 5.533607546687178 5.5328393793619455 5.531718141764925 5.530629393307928 5.5297375401558915 5.529677265418549 5.530058683696103 5.52996924871861 5.529371780068501 5.528288985770016 5.52676157930355 5.524749174107551 5.522308904125998 5.519607573916717 5.516816666323833 5.514125161287391 5.511729676622307 5.509823688337521 5.508587349028886 5.5081793208371055 5.508731640051184 5.510348047351535 5.513079367738587 5.51624877258759 5.5193756445754865 5.52223643146015 5.524603078095682 5.526246875519687 5.5269408667240185 5.526949647363779 5.526949647363779 5.526949647363779 5.526949647363779 5.526949647363779 5.526949647363779 5.526949647363779
5.515250478144431 5.519478654601011 5.523270635783673 5.526521833800803 5.529161262852155 5.531143588171783 5.532438679825782 5.533022557456243 5.53287158517781 5.532041457226492 5.531110677001043 5.530220445717813 5.529396023776786 5.528659887120675 5.52815467214266 5.528100079104144 5.527737766939298 5.526988052511827 5.525908086595043 5.5244507240886165 5.522690223524757 5.520756901177116 5.518800463695988 5.516984027538005 5.515476684894234 5.514445477579952 5.514047797526571 5.5144251829160185 5.515697956645103 5.517576373987688 5.519674106983254 5.5218200942378655 5.52382508652344 5.525487470740943 5.526598040646075 5.526949647363779 5.526949647363779 5.526949647363779 5.526949647363779 5.526949647363779 5.526949647363779 5.526949647363779 5.526949647363779 5.526949647363779
5.5171911860885405 5.520860050433497 5.524165488409697 5.527003558711517 5.529295576805271 5.5309833901865595 5.532022986190247 5.532378331419644 5.5320166773244 5.531204270686576 5.530394244657875 5.529618758550533 5.528902884776798 5.5282693267432625 5.527738843580019 5.527330626556762 5.5270626108415675 5.5267467797185095 5.526150011084627 5.52524315754185 5.5241221866568 5.522903703823217 5.521719538639181 5.5207120288992595 5.5200283281869895 5.519814338698866 5.520125733934901 5.520810966463792 5.5217977060442305 5.522987136180433 5.524251988309478 5.525441537638001 5.526386673706107 5.526904596679228 5.526949647363779 5.526949647363779 5.526949647363779 5.526949647363779 5.526949647363779 5.526949647363779 5.526949647363779 5.526949647363779 5.526949647363779 5.526949647363779
5.519180409431105 5.5223094638686545 5.52512783797511 5.527534546185904 5.529447750542317 5.530801998916375 5.531544234073467 5.531629610210024 5.531074953096116 5.530378316381204 5.52968660957266 5.529026131545946 5.528421165247655 5.527894123838808 5.527465778935633 5.527155504804274 5.526981505460618 5.526949647363779 5.526949647363779 5.526782405762076 5.526358402004963 5.525819451878283 5.525287081916393 5.524858437434536 5.524602788249917 5.524558813598853 5.524733001925286 5.525099376408607 5.525600583361234 5.526150197911607 5.526635953260567 5.526923516173659 5.526949647363779 5.526949647363779 5.526949647363779 5.526949647363779 5.526949647363779 5.526949647363779 5.526949647363779 5.526949647363779 5.526949647363779 5.526949647363779 5.526949647363779 5.526949647363779
5.521117547350315 5.523729687901901 5.526067711099913 5.52803516653146 5.529550031514936 5.530543223917111 5.5309561370887685 5.530737838803884 5.530174524168858 5.529591499180483 5.529014295007863 5.5284673586376645 5.527973807857116 5.527555388971862 5.527232548888851 5.52702456104563 5.526949668019494 5.526949647363779 5.526949647363779 5.526949647363779 5.526949647363779 5.526949647363779 5.526926563087437 5.526858267792236 5.526801725929529 5.526791004284515 5.5268318082858165 5.526901279925198 5.526948800360472 5.526949647363779 5.526949647363779 5.526949647363779 5.526949647363779 5.526949647363779 5.526949647363779 5.526949647363779 5.526949647363779 5.526949647363779 5.526949647363779 5.526949647363779 5.526949647363779 5.526949647363779 5.526949647363779 5.526949647363779
5.522912984301176 5.525032240122782 5.526901051749227 5.52842838761278 5.529533931730316 5.5301474309009 5.5302072352516465 5.529806405899275 5.529344737411238 5.528868850548097 5.528401691546874 5.527965780763413 5.527582875084357 5.527273809579755 5.527058457892588 5.526955763443068 5.526949647363779 5.526949647363779 5.526949647363779 5.526949647363779 5.526949647363779 5.526949647363779 5.526949647363779 5.526949647363779 5.526949647363779 5.526949647363779 5.526949647363779 5.526949647363779 5.526949647363779 5.526949647363779 5.526949647363779 5.526949647363779 5.526949647363779 5.526949647363779 5.526949647363779 5.526949647363779 5.526949647363779 5.526949647363779 5.526949647363779 5.526949647363779 5.526949647363779 5.526949647363779 5.526949647363779 5.526949647363779
5.5244866895878335 5.52613671152015 5.527549815609632 5.528640736669466 5.529332001240325 5.5295538078253585 5.529315207129715 5.528975283824722 5.528607879318752 5.528233002731176 5.527871255642109 5.527543286186432 5.5272694221713135 5.527069450466056 5.526962504758316 5.526949647363779 5.526949647363779 5.526949647363779 5.526949647363779 5.526949647363779 5.526949647363779 5.526949647363779 5.526949647363779 5.526949647363779 5.526949647363779 5.526949647363779 5.526949647363779 5.526949647363779 5.526949647363779 5.526949647363779 5.526949647363779 5.526949647363779 5.526949647363779 5.526949647363779 5.526949647363779 5.526949647363779 5.526949647363779 5.526949647363779 5.526949647363779 5.526949647363779 5.526949647363779 5.526949647363779 5.526949647363779 5.526949647363779
5.5257665398252405 5.5269697030503835 5.527941548300035 5.528602558015973 5.528878712754612 5.528753970269902 5.528525718486707 5.5282637094701235 5.527984130708282 5.52770464358704 5.527443771900899 5.527220414220531 5.527053483670646 5.526961661412501 5.526949647363779 5.526949647363779 5.526949647363779 5.526949647363779 5.526949647363779 5.526949647363779 5.526949647363779 5.526949647363779 5.526949647363779 5.526949647363779 5.526949647363779 5.526949647363779 5.526949647363779 5.526949647363779 5.526949647363779 5.526949647363779 5.526949647363779 5.526949647363779 5.526949647363779 5.526949647363779 5.526949647363779 5.526949647363779 5.526949647363779 5.526949647363779 5.526949647363779 5.526949647363779 5.526949647363779 5.526949647363779 5.526949647363779 5.526949647363779
5.5266867322280335 5.5274636695183075 5.528008719621633 5.52824786644383 5.528181711685179 5.528047350525434 5.527879217070342 5.527689402484514 5.527492070730597 5.527302907394746 5.527138617770031 5.527016502991669 5.526954124752844 5.526949647363779 5.526949647363779 5.526949647363779 5.526949647363779 5.526949647363779 5.526949647363779 5.526949647363779 5.526949647363779 5.526949647363779 5.526949647363779 5.526949647363779 5.526949647363779 5.526949647363779 5.526949647363779 5.526949647363779 5.526949647363779 5.526949647363779 5.526949647363779 5.526949647363779 5.526949647363779 5.526949647363779 5.526949647363779 5.526949647363779 5.526949647363779 5.526949647363779 5.526949647363779 5.526949647363779 5.526949647363779 5.526949647363779 5.526949647363779 5.526949647363779
5.5271864140704565 5.52755582398929 5.527687976554007 5.527658976996099 5.527595785265859 5.527503863713026 5.527391403625809 5.527268964657525 5.5271490539551404 5.527045692065106 5.5269740020185125 5.526949647363779 5.526949647363779 5.526949647363779 5.526949647363779 5.526949647363779 5.526949647363779 5.526949647363779 5.526949647363779 5.526949647363779 5.526949647363779 5.526949647363779 5.526949647363779 5.526949647363779 5.526949647363779 5.526949647363779 5.526949647363779 5.526949647363779 5.526949647363779 5.526949647363779 5.526949647363779 5.526949647363779 5.526949647363779 5.526949647363779 5.526949647363779 5.526949647363779 5.526949647363779 5.526949647363779 5.526949647363779 5.526949647363779 5.526949647363779 5.526949647363779 5.526949647363779 5.526949647363779
