_RESULTS/CROSS_VALIDATION_POSTPROCESSED/Berg/TZ/3comp/4/Berg_TZ_z_0_kriged_reverse_3comp_spherical_4.asc
ncols 100
nrows 90
xllcorner  5.6208707817415728
yllcorner 50.959635321741573
cellsize 0.00013419651685393446
nodata_value 1.7014100000000001E+038
[rows 54 to 71 of 90, columns 41 to 81 of 100]
0.004761750728781551 0.008111314790795668 0.012733120183748795 0.018208019572534706 0.023255190752026193 0.026402216452366453 0.026178726199805463 0.016432952729597654 0.009603476818206284 0.005291989731403021 0.0028051168823185137 0.0015425353839312983 0.000843992382720657 0.0004519193098127691 0.00024041126492085581 0.00012877883141898354 7.03109425897858e-05 3.919835816165985e-05 2.230047297738561e-05 1.3678406020776997e-05 9.132822578263347e-06 6.649602295851168e-06 5.288569129188906e-06 4.605380225222279e-06 4.411117674605321e-06 4.669869660217292e-06 5.43018845114369e-06 7.019992784162557e-06 1.0108313855512096e-05 1.5553357678634847e-05 2.628769803952974e-05 4.882579973451734e-05 9.578778133570926e-05 0.0001906540707604788 0.0003717913547153414 0.0006912061353088623 0.0012007680565172428 0.0019216768960068499 0.0028348262835096835 0.003948898350073079 0.005199290480833686
0.0041152624440631645 0.007538408501613483 0.012693727673865876 0.019150188751375332 0.02583853918409091 0.03027346475192114 0.02838861958700713 0.02053717775448506 0.012874659446240194 0.007463633472300786 0.004136014575330173 0.002373852206038891 0.0013925365075016316 0.0007973004946485346 0.0004520742926940213 0.00025745626556061667 0.00014886362400290764 8.660758283804139e-05 5.095136915300321e-05 3.111183917282382e-05 2.0647244504086588e-05 1.4955519353111772e-05 1.18536515884503e-05 1.0314772249793375e-05 9.902319973835947e-06 1.0521424400794116e-05 1.2248425603926192e-05 1.5343992185727755e-05 2.0211240795191285e-05 2.8421315834919945e-05 4.416846081274719e-05 7.42490042778271e-05 0.00013112867288841623 0.00023588537174647195 0.0004199866580616218 0.00072230626652769 0.0011767350011256566 0.0017902172103792518 0.002581698211666046 0.003553760393334971 0.004657958214619168
0.0036702024154395335 0.007106256008603621 0.012401163798683853 0.019284496298426605 0.026597214449823093 0.031898913075728785 0.03143344458385437 0.025079984263945584 0.01699674245512908 0.010462070145444055 0.006113384962549824 0.0036823922205182474 0.002311528570669874 0.0014288190390803368 0.000871493734019339 0.0005322939449027007 0.00032503593456789523 0.00019857228251458534 0.00012261170172095322 7.73001445307894e-05 5.12049566602404e-05 3.700632783669568e-05 2.9282877671892345e-05 2.54600203468278e-05 2.443025890878475e-05 2.5656456276529454e-05 2.836329376837272e-05 3.274666490960127e-05 3.96759788441353e-05 5.2630338809142033e-05 7.595480023463969e-05 0.000117134043190849 0.00018871741018264453 0.00030997928728723024 0.0005069193580034267 0.0008078875371858563 0.0012320675483762096 0.0017911035243838387 0.0025179719494857204 0.003406629697059051 0.004419297021257231
0.003356946167604232 0.006673006593309954 0.011856382575319313 0.018763784496033345 0.026275035380188994 0.032180997774452595 0.033699113653947114 0.029566468828061045 0.022219541763644282 0.014763308904106135 0.009152753482890092 0.0058053772419971485 0.0038492321426452617 0.0025874886274033153 0.0017099571816905522 0.0011175558906420058 0.000721633260776705 0.0004654082694530231 0.00030298350891058045 0.00020118676051226282 0.00013769015160006192 9.954757419116299e-05 7.869049737100631e-05 6.758308468840868e-05 6.25015220390185e-05 6.154768490208127e-05 6.313601965154864e-05 6.748269095719168e-05 7.817474471535987e-05 9.826870590660087e-05 0.00013267348137907116 0.0001895614687441234 0.00028146748720820995 0.00042579376540020285 0.0006433159792621747 0.0009527613886266006 0.0013647097354417194 0.0019128376073414693 0.002614745072246137 0.0034642647645830083 0.004428924194740353
0.00316961973793061 0.006172187634421071 0.011070072422415507 0.01771985097626427 0.02516081267874029 0.03146763530532545 0.03448817327042909 0.03270238156142288 0.02684650477132657 0.019490127314946273 0.013311751745817554 0.009146684838411325 0.006448585880677579 0.004704780428976084 0.0033699639150435706 0.002346492769133208 0.0016095019462337309 0.0011001808341291953 0.0007570753094574103 0.0005289396173257254 0.0003779343450017389 0.00027787355464992835 0.0002126034286990113 0.00017394769031582464 0.00015211290478315124 0.00013995910678890256 0.0001340839395092732 0.00013837225345215355 0.00015409517575889497 0.00018412737562287142 0.0002339003020514474 0.00031195504367735784 0.0004302908961413302 0.0006037453782056042 0.0008472406601056295 0.0011704904932691145 0.0016008142299255034 0.0021656195294884315 0.0028748772355985386 0.0037213645336466135 0.004674349053511345
0.003141289308685247 0.005772712019322326 0.010056865564760082 0.01620663381532484 0.023306867231958482 0.02974057187339217 0.03360781346046088 0.033711943423938254 0.02978981439995625 0.023369811526408425 0.01752106834662639 0.013111543278647745 0.009969775453246734 0.007765791507715017 0.006054608514885807 0.004548530575531111 0.003332204486808314 0.0024087646521274105 0.001735757102766351 0.0012578072159884592 0.0009234238384889146 0.0006911500318068669 0.0005301371445444273 0.0004185347581346755 0.00034600070049670037 0.00030147023881160767 0.0002817718508055806 0.0002824115379160703 0.0003025960804518145 0.00034466186081385413 0.0004138656625870842 0.0005182816606301506 0.0006682639980862377 0.00087473124875681 0.0011455554549087252 0.0015030851496908547 0.001976964362987714 0.002583632210075441 0.0033296828274383032 0.004205354086643242 0.005178976845101298
0.003255806376825309 0.005630958468533496 0.009284201018083091 0.014400059145245427 0.02073557147765796 0.026927787270170533 0.0312070015077371 0.032350262884221305 0.030159408858545168 0.025488728388622196 0.020846362904464722 0.016907831850600224 0.013690490278850454 0.011143252511401403 0.009198463888931571 0.007467765664996763 0.005854353555888751 0.004484210630211849 0.0033904073634742774 0.002552686674901748 0.00192827411351572 0.0014705296869103363 0.0011379085303937877 0.0008987705042483584 0.0007429664859710951 0.0006416400051546922 0.0005869586227567658 0.0005712742317735286 0.0005895948972419049 0.0006417748120404042 0.0007312361326360031 0.0008638728958063282 0.001046465190359812 0.0012841127641078207 0.0015981907441236683 0.0020163365257087388 0.0025564370921367886 0.0032314339946207743 0.004043867161861284 0.004979968301795682 0.0060047709786391
0.003513711692013346 0.005715301159320955 0.008911800950184269 0.013154006774240279 0.018169668086244387 0.023256551000129185 0.02735252679721903 0.029084564509703478 0.02791578014291124 0.02520845189101552 0.022307457600870786 0.01925970004594506 0.01640471822783173 0.013923683117821831 0.011874096699436594 0.010224447327096861 0.008585926625660831 0.006976515809289888 0.005540944735369331 0.004339195783206668 0.0033753943451402275 0.0026267198272596328 0.0020884750677495944 0.0017219088064336526 0.00147366704133214 0.0013020259747175804 0.0011937506339883951 0.0011396922871343355 0.0011355307200689032 0.0011838718086167365 0.0012840056981279465 0.0014364907065183114 0.0016428751672628507 0.0019274882058441937 0.00231200381183628 0.002813133727030161 0.0034457661204850276 0.0042186639281855095 0.005125397559368725 0.0060981994243006505 0.007029498746301545
0.003930271684951692 0.006016008476904306 0.008873516386671946 0.012462851012301664 0.016491221116971787 0.020372271195649376 0.023324151631816708 0.024618806973378607 0.023997183940430232 0.022665321882707447 0.02097055902613353 0.019086414098892366 0.017051799299130012 0.015060361467301399 0.013249392121871963 0.011680174620634 0.01034590579922857 0.008922295564777841 0.007449447517309347 0.006111152374183347 0.004995481800853499 0.004116454384841408 0.003456721772482187 0.0029841518304944124 0.002631769906470133 0.002374779787038283 0.0022024753686774954 0.0021054783299940937 0.002076682762417966 0.00211115352788897 0.002205175724358012 0.0023639938533688877 0.002613901293624291 0.0029668699618074458 0.0034340955539402243 0.004022703747786254 0.004729144275631371 0.005530565466182458 0.006375819604657678 0.007179716677219095 0.007825837555500176
0.00453547501001719 0.006542200647108262 0.009135374728166197 0.01221201400728178 0.01547327835177732 0.01841100092872367 0.02037810630504196 0.020832955212174074 0.020199627606682174 0.01925584129693022 0.018093080223486657 0.016807331935505432 0.015485542156484977 0.01416846135792164 0.012851574549779539 0.011618125463604845 0.010524013236869573 0.0095955271782625 0.008627237582448407 0.007599481949691127 0.006634934682128509 0.005804546506855673 0.005140147696325241 0.004617848896639905 0.004187590994723322 0.003852470999585294 0.003609637554983354 0.003452794531891286 0.0033741515896503816 0.0033699167195171435 0.003459627813355245 0.003648611322285368 0.003940649231134385 0.0043389743710008895 0.004842787003020904 0.005442226523866114 0.0061121192105196955 0.0068057305819068095 0.0074510095893635525 0.007952915198961576 0.008205362343808281
0.005348826941405636 0.007279808010713798 0.0096176611687054 0.01220039131006092 0.01471070133524567 0.016705156507032127 0.017721013151016693 0.017630064902094043 0.01717884858087589 0.016500908005680853 0.015655257551814225 0.014706716516468786 0.013716881608307776 0.012738153521083337 0.011811116027107823 0.010964061277985033 0.01019316534123606 0.009516188530939853 0.008957243086043452 0.008451083613555588 0.00786913969949521 0.007298000766799513 0.0067937660578747325 0.006314248427669496 0.005877320083002208 0.005504495410417561 0.005205047590439903 0.004994453004051767 0.0048847656058156165 0.004877047327671385 0.0049713550451899804 0.005166833139899303 0.0054605785007657845 0.005845276528167019 0.006305707800340854 0.0068145335153225045 0.00732834060790284 0.007785690890487615 0.00810955790040757 0.008217790678038099 0.008217790678038099
0.006229187728516613 0.008011604299049433 0.01001597146118256 0.012048773367997319 0.013814726802432311 0.014965909154297768 0.015239357424885261 0.015109821057995068 0.014786705312161218 0.014297783325015955 0.013682119866898074 0.012983969933914902 0.012247092675472427 0.011510586680776865 0.010806635458952243 0.010159974204699319 0.009588597670720393 0.009105192449092832 0.008718888351411321 0.00843708414667704 0.008266752710846027 0.008115309449943407 0.007880351824427702 0.007574407297063771 0.007250687630613942 0.006950320539286061 0.006702400420523276 0.006525826794363782 0.006431633296880061 0.006424948509147988 0.00650611717807298 0.00667078143478558 0.006908909173042365 0.007202937892434206 0.007525457004938943 0.007837222394262978 0.008086737424352567 0.008212953366527434 0.008217790678038099 0.008217790678038099 0.008217790678038099
0.007097731423470352 0.008633071501906663 0.010229639425139934 0.011682060541103193 0.012742901974024338 0.01317323109040446 0.01322734390510243 0.013134619218586071 0.012902653086835312 0.012549844564084384 0.01210254731003177 0.011591409112654761 0.011047788151588113 0.01050092720063831 0.00997621387705708 0.009494526888180454 0.009072463226423454 0.008723172904372387 0.00845755884094396 0.008285681627774467 0.00821830646282341 0.008217790678038099 0.008217790678038099 0.008185493309359151 0.008082948937366887 0.007949986270929521 0.007820453844983385 0.00771924784554703 0.007662541020207603 0.007658448459734993 0.007707532726003159 0.007802843399062797 0.007929469882483844 0.008063868775789115 0.008173519342833405 0.008217790678038099 0.008217790678038099 0.008217790678038099 0.008217790678038099 0.008217790678038099 0.008217790678038099
0.007959590345156097 0.00906191424569911 0.010188777069420018 0.01105802955583949 0.011484070052292959 0.01162463417696698 0.011663286740326363 0.011597038880764158 0.011430997829955835 0.011177639515950962 0.01085511940798949 0.010485046888302775 0.010090222617929209 0.009692755923636494 0.009312805719783199 0.008968006686811693 0.008673511033072881 0.00844251555389473 0.008287145068787439 0.00821960601388466 0.008217790678038099 0.008217790678038099 0.008217790678038099 0.008217790678038099 0.008217790678038099 0.008217790678038099 0.008217790678038099 0.008215733106100033 0.008210580163588988 0.008210099983964013 0.00821490767790572 0.008217790678038099 0.008217790678038099 0.008217790678038099 0.008217790678038099 0.008217790678038099 0.008217790678038099 0.008217790678038099 0.008217790678038099 0.008217790678038099 0.008217790678038099
0.008742362806376776 0.00929942840928771 0.009842801809016009 0.010170889249190743 0.010335003532583875 0.010434419624980184 0.010461742109980207 0.010414909072787373 0.01029744700300484 0.010118037248390728 0.009889499036400589 0.009627423994372528 0.009348749173817478 0.009070525457457365 0.008809053608487752 0.008579461571442817 0.008395717481693902 0.00827103008602449 0.008218583436592342 0.008217790678038099 0.008217790678038099 0.008217790678038099 0.008217790678038099 0.008217790678038099 0.008217790678038099 0.008217790678038099 0.008217790678038099 0.008217790678038099 0.008217790678038099 0.008217790678038099 0.008217790678038099 0.008217790678038099 0.008217790678038099 0.008217790678038099 0.008217790678038099 0.008217790678038099 0.008217790678038099 0.008217790678038099 0.008217790678038099 0.008217790678038099 0.008217790678038099
0.009330834964646272 0.009294319001524944 0.009250253456098577 0.009358914520858429 0.009471681229575755 0.009540123180950558 0.009558946886153082 0.009526684890620463 0.009445849166537325 0.00932267000064647 0.009166479180132754 0.008988871275731674 0.008802812246254782 0.008621856264890747 0.008459591530637103 0.008329383976584039 0.008244443192408269 0.008217790678038099 0.008217790678038099 0.008217790678038099 0.008217790678038099 0.008217790678038099 0.008217790678038099 0.008217790678038099 0.008217790678038099 0.008217790678038099 0.008217790678038099 0.008217790678038099 0.008217790678038099 0.008217790678038099 0.008217790678038099 0.008217790678038099 0.008217790678038099 0.008217790678038099 0.008217790678038099 0.008217790678038099 0.008217790678038099 0.008217790678038099 0.008217790678038099 0.008217790678038099 0.008217790678038099
0.009605345089031509 0.009110527964554426 0.008837871787350135 0.008781522927797185 0.008852221005695327 0.008896643379345998 0.008908899419080143 0.00888790358249217 0.008835515743808219 0.008756384306958137 0.008657574414715217 0.008548060123889227 0.00843818364765489 0.008339185517015974 0.008262892110360567 0.008221621759710484 0.008217790678038099 0.008217790678038099 0.008217790678038099 0.008217790678038099 0.008217790678038099 0.008217790678038099 0.008217790678038099 0.008217790678038099 0.008217790678038099 0.008217790678038099 0.008217790678038099 0.008217790678038099 0.008217790678038099 0.008217790678038099 0.008217790678038099 0.008217790678038099 0.008217790678038099 0.008217790678038099 0.008217790678038099 0.008217790678038099 0.008217790678038099 0.008217790678038099 0.008217790678038099 0.008217790678038099 0.008217790678038099
0.009849655370061805 0.009130828519920416 0.008672765696884412 0.0084534501336997 0.008448614605817271 0.008473658113820405 0.008480634602242165 0.008468700313695184 0.008439302238283814 0.008396086441656642 0.008344681543106294 0.008292405949712678 0.008247964647935839 0.008221206021094314 0.008217790678038099 0.008217790678038099 0.008217790678038099 0.008217790678038099 0.008217790678038099 0.008217790678038099 0.008217790678038099 0.008217790678038099 0.008217790678038099 0.008217790678038099 0.008217790678038099 0.008217790678038099 0.008217790678038099 0.008217790678038099 0.008217790678038099 0.008217790678038099 0.008217790678038099 0.008217790678038099 0.008217790678038099 0.008217790678038099 0.008217790678038099 0.008217790678038099 0.008217790678038099 0.008217790678038099 0.008217790678038099 0.008217790678038099 0.008217790678038099
