_RESULTS/CROSS_VALIDATION_POSTPROCESSED/Berg/TZ/3comp/4/Berg_TZ_z_90_kriged_reverse_3comp_spherical_4.asc
ncols 100
nrows 90
xllcorner  5.6208707817415728
yllcorner 50.959635321741573
cellsize 0.00013419651685393446
nodata_value 1.7014100000000001E+038
[rows 57 to 75 of 90, columns 0 to 42 of 100]
1.836099011649035 1.8425979784366942 1.8460485156086937 1.8463496654992178 1.8435568391159471 1.8378344525781773 1.8294207577292518 1.818610112753714 1.8057487166583575 1.7912363011032149 1.7755271160267885 1.7591263930223608 1.7425815434601089 1.7274387705398373 1.717159693425207 1.7072897826841313 1.6968091980226911 1.685969849879395 1.673346597536663 1.6579635615413015 1.6397954919556725 1.618792603754825 1.594659064458932 1.5655898093308842 1.5311605245023745 1.4914852427481327 1.446969411335548 1.3984513807954349 1.3478025511178315 1.2974788513811424 1.250212174045122 1.211540862368091 1.1878350106679278 1.1822513830624004 1.1923076026583541 1.2125798058785684 1.2383322179413085 1.2666228335591443 1.2959253747713744 1.3255621524690033 1.3553141391499561 1.3852046594393872 1.4136530147320552
1.8005950710739915 1.8052323913753308 1.807454028247641 1.8071247129227246 1.8042470253345753 1.7989330965922523 1.7913793059469187 1.7818488467473323 1.7706619866922715 1.7581909810137037 1.7448561355972538 1.731120584413378 1.7174829291484277 1.7044682611706643 1.693678784106385 1.684339761372004 1.6746015853828546 1.6642558395002547 1.651646530756792 1.6366599138028928 1.6193435955894175 1.5995134469937893 1.57566933446905 1.547494631025254 1.5150810471835459 1.4787315691468979 1.439040109895836 1.397005623897893 1.3542073172209699 1.313269094049838 1.27647046479164 1.247171647044944 1.2288168655118439 1.2230659368930112 1.22899276527356 1.2439406913182007 1.2650221922549827 1.2900018298690519 1.317451236897468 1.3465843900429544 1.377053257016827 1.4073106964963797 1.4350481454012636
1.7696037301886502 1.7724397798449043 1.7734349952686186 1.7724414293750763 1.7694303508006684 1.7644752411346716 1.757734165885556 1.749435091992406 1.7398651486591765 1.7293629542508353 1.7183124238769412 1.7071367155184494 1.6962916898540563 1.686259011763968 1.6775395387698073 1.6691403472387158 1.660414402893506 1.6502319418625233 1.6379908366103861 1.6237929339510377 1.6073448047122258 1.587473970224356 1.5640642988920028 1.5371871062317835 1.5070669972319581 1.4741304992217954 1.4390678745687442 1.4029102905834099 1.367115680498882 1.3336328157910577 1.3044584019989605 1.2816631837931336 1.267290449336361 1.262355894923673 1.2665383959469179 1.2784993962126627 1.296539846341813 1.3191311941263166 1.3451467801934145 1.3738776985346017 1.4035356723546661 1.4318637016306255 1.458359694016798
1.7436910132663106 1.7448049326646595 1.7446014091626887 1.7429304706604574 1.7397450558949967 1.7350906250858384 1.7290929607711274 1.721946570496282 1.7139048472743172 1.7052720348249344 1.6963964493966608 1.6876643427180746 1.679494060423952 1.672330523308543 1.6666403582706317 1.6620084960819805 1.6542905163010264 1.6443710151385713 1.6327761912569894 1.618795760760831 1.6019263755714317 1.5821358492155329 1.5594782933927012 1.5341207187176418 1.5063742323509652 1.4767304732711881 1.4459150877295819 1.4149048964879887 1.3849410067469812 1.357585994041067 1.3343308502891658 1.3163282090023691 1.3051280355061226 1.3014349666019494 1.305195371578084 1.3157377361133937 1.3320823213296824 1.3532434782492506 1.378382248120647 1.405201818911616 1.4319712091706314 1.4579609784623895 1.4826168030342215
1.723301782254542 1.7227921800370922 1.721426338493344 1.7190756770034148 1.7156824056234772 1.711271660919344 1.7059430027731317 1.6998615058187998 1.6932494375569607 1.6863788972234277 1.6795653737587852 1.6731620352295393 1.6675546254841551 1.6631570036449477 1.660407513624469 1.659296040820781 1.6553435828036736 1.6466791491604398 1.6344545246051754 1.6198251533018995 1.6027663349010661 1.5833186803369301 1.5617747011893297 1.5385147063603333 1.5137028652829532 1.4876931958869015 1.4610625056615967 1.434629312832968 1.409452667036804 1.386793447198512 1.3679522783828602 1.353553542143335 1.344546036646068 1.34186019938991 1.345793236128926 1.3559527259907116 1.3716184478048699 1.3917741632774394 1.4141691273488135 1.4377091647127516 1.4615467819819574 1.4849692114612738 1.5073919031682717
1.7065569234822817 1.705949838746278 1.7041601635150627 1.701284724552082 1.6976555966414613 1.6934363500255345 1.6887055599064689 1.6836034085556673 1.6783249278377141 1.6731136977874677 1.668256176192391 1.6640766967999627 1.6609331545084909 1.6592134448070555 1.6590115054723618 1.6590115054723618 1.6577444305987634 1.6517444151380578 1.641265025280194 1.6268568049151726 1.6103556034955928 1.5925896359442204 1.5734462539465925 1.5529396173680452 1.531235005971105 1.5086707302691518 1.4857739277987734 1.4632645593714364 1.4420396732638001 1.423128848895723 1.4076146497949147 1.3961497996934855 1.3891442617712817 1.3872641849107281 1.39091021624464 1.4001734177304337 1.4138698987175125 1.4310050727909336 1.4502340808348633 1.4707033987606233 1.4916499353943133 1.5123955968816667 1.5323498728312233
1.6920954328204618 1.6916172367348485 1.690208997254113 1.6879481475344997 1.6849586277581374 1.6814040568871207 1.6774796294569825 1.673403747194014 1.6694102379762068 1.665741750004179 1.6626446248767877 1.6603653121927704 1.6591482186378297 1.6590115054723618 1.6590115054723618 1.6590115054723618 1.6589488729012232 1.6557994138283891 1.648663385083227 1.6387767261303094 1.6263880415174705 1.6117535884563654 1.595234842884811 1.577507259160561 1.5588270416200283 1.5394959290187047 1.519977719867095 1.5008948994270694 1.483008173017622 1.4671749080043068 1.454286269723388 1.4451202211165308 1.439827912968996 1.4384502587334762 1.4409535188700286 1.4472472482345649 1.4570846859576976 1.4701295123782465 1.486038509329908 1.5036362146299178 1.5217693590441794 1.539803014796446 1.5571579502998647
1.6800618651852937 1.6797000559865933 1.6786369658390004 1.6769384416851736 1.674710512034316 1.6720943599203644 1.669260246575214 1.6664010846629096 1.66372628551688 1.6614563500368176 1.6598184888001903 1.6590433851688051 1.6590115054723618 1.6590115054723618 1.6590115054723618 1.6590115054723618 1.6590291188572373 1.6594619364833463 1.657494451024303 1.6527739597153503 1.645475700281896 1.6358134814886054 1.624050084508606 1.610507759036798 1.5955777771879336 1.5797272100998287 1.5635002416851413 1.5475107038026332 1.532422578213866 1.518916560145149 1.5076438579076665 1.4991729524618789 1.4936946377009164 1.491063746140229 1.4914510306532804 1.4948789805814373 1.5012421283526671 1.510348532949137 1.5219609516893196 1.5358304685694097 1.5512425079102519 1.5665865797673988 1.5812541944074185
1.6705982746031052 1.6703426922848332 1.6695951652805703 1.668412498058059 1.6668866243879432 1.6651408608431137 1.663325310486845 1.6616119066421071 1.6601895546044207 1.659259738816207 1.6590115054723618 1.6590115054723618 1.6590115054723618 1.6590115054723618 1.6590115054723618 1.659094234080754 1.660679883907137 1.664012371290173 1.6673625448201823 1.6680034445230987 1.665994835277168 1.6614961935921295 1.6547100573241553 1.64589279146075 1.635364473651137 1.623515939629502 1.6108103458325782 1.5977763535581686 1.5849906115060104 1.573048901689621 1.5625280513564543 1.5539438646649406 1.547705789254784 1.54370493792024 1.5419314834218136 1.542506074121904 1.545439845844106 1.550661226252251 1.5580445799410887 1.5674356119105453 1.5786706237809627 1.5912010866461965 1.6031283555117812
1.663847995003221 1.6636903724655805 1.663234276059723 1.6625293833652646 1.661656445069999 1.6607244644034922 1.6598671946608774 1.659239302474853 1.6590115054723618 1.6590115054723618 1.6590115054723618 1.6590115054723618 1.6590115054723618 1.6590115054723618 1.6590891260066547 1.6608796469277285 1.6647724279296048 1.6704059977707544 1.6774075877115535 1.683593451165583 1.6870702344945037 1.6879324489551186 1.6863087031314141 1.6823733188511727 1.6763579814185012 1.6685614359216148 1.6593544534248703 1.6491770258973522 1.638525429323624 1.6279286026962974 1.6179159255261726 1.6089811173759985 1.6015485771281348 1.5959098103225482 1.5918809723773437 1.589547372907414 1.5890259091072167 1.5903512779974538 1.5934960220509116 1.5983900428265956 1.604936933978249 1.6130257942779958 1.6220368126855054
1.6599589671256605 1.6598925954299883 1.6597083120041378 1.6594501339154384 1.6591898814313684 1.6590250370372022 1.6590115054723618 1.6590115054723618 1.6590115054723618 1.6590115054723618 1.6590115054723618 1.6590115054723618 1.6590115054723618 1.6590226902326168 1.6606329755863367 1.6647277905807654 1.6709524770144228 1.6789388317712484 1.6883005796448833 1.6986268743344943 1.707776103147087 1.7141988314438434 1.7179371700244188 1.7190675799568935 1.7177154340740168 1.7140695868686895 1.7083938969606582 1.7010318965524227 1.692401177666197 1.6829759002199483 1.6732587739943487 1.6637468693393682 1.654897412708285 1.6470995837763465 1.640602869098403 1.6352622940813004 1.6312148040040548 1.6285951555378906 1.6274663447876168 1.6278353376937913 1.6296676474099947 1.632899120234705 1.6374441431792002
1.6590115054723618 1.6590115054723618 1.6590115054723618 1.6590115054723618 1.6590115054723618 1.6590115054723618 1.6590115054723618 1.6590115054723618 1.6590115054723618 1.6590115054723618 1.6590115054723618 1.6590115054723618 1.6590115054723618 1.6600368500794223 1.663888751231915 1.6702784048646038 1.678852335347798 1.6892379427981632 1.7010373116584445 1.7138223379001523 1.727132133492478 1.7393045395296582 1.7486142105561202 1.7550181000151912 1.75851581485674 1.7591650529609786 1.757103105473732 1.752563254330907 1.745880294169162 1.737481038650968 1.7278594612547655 1.717540615889276 1.7070406122652888 1.696830364284828 1.6873087806633071 1.6787523567833134 1.6710864559152216 1.6644578219604376 1.6590155069995949 1.6548381315785015 1.6519481444814532 1.6503243460523744 1.6499115840698464
1.6590115054723618 1.6590115054723618 1.6590115054723618 1.6590115054723618 1.6590115054723618 1.6590115054723618 1.6590115054723618 1.6590115054723618 1.6590115054723618 1.6590115054723618 1.6590115054723618 1.6590115054723618 1.6593569862314588 1.6624545875604313 1.6685000269942938 1.677160366988596 1.6880866326588257 1.7009053815881439 1.7152104811142745 1.7305557387676145 1.7464494634235304 1.7623526053238272 1.7772697281820091 1.7891727111724827 1.797739806053329 1.8028714926734333 1.8045516370606554 1.8028814050560276 1.7981019052309575 1.790596393106441 1.7808681345847406 1.769497900919656 1.7570914117200247 1.7442287226430542 1.73142463920895 1.7191042236246492 1.7075884864115911 1.6968961817167307 1.6871175431843994 1.6783978792869358 1.6708112610296815 1.6643748211934963 1.6590604052027587
1.6590115054723618 1.6590115054723618 1.6590115054723618 1.6590115054723618 1.6590115054723618 1.6590115054723618 1.6590115054723618 1.6590115054723618 1.6590115054723618 1.6590115054723618 1.6590115054723618 1.6590115211134175 1.6607991846213417 1.6659342546482894 1.674105052787938 1.6849902976030389 1.6982496642379923 1.7135136937265032 1.7303732582212386 1.74836910294028 1.7669825236737966 1.7856290598782398 1.8036581842112431 1.8203631573164827 1.8342470677473162 1.8440898855744414 1.8496852784741342 1.850969144616838 1.84806921341497 1.8413259598398992 1.8312734033502742 1.8185833766534936 1.8039902608946137 1.7882170728348037 1.7719181026600521 1.7556439468080525 1.7398272921805333 1.7247841312933758 1.710670790868551 1.6974592189848834 1.685251864165712 1.6741131302459584 1.6650912751996927
1.6590115054723618 1.6590115054723618 1.6590115054723618 1.6590115054723618 1.6590115054723618 1.6590115054723618 1.6590115054723618 1.6590115054723618 1.6590115054723618 1.6590115054723618 1.6590115054723618 1.6594463732048068 1.6630738647378203 1.6701362826252155 1.6803381117775 1.6933733585081212 1.7089150991896795 1.72660380723306 1.7460344183351197 1.7667423725650004 1.7881894378919632 1.8097511326845621 1.8307275228413806 1.850497301381158 1.868093473306986 1.8824739578881873 1.8923737840271022 1.8967294193328568 1.895512419672879 1.8890730431049239 1.8781109434884842 1.8635886451127566 1.8464946110219513 1.8275472824869132 1.8075535988618903 1.7871998937095563 1.767025279371805 1.7474268167676745 1.7286753327893682 1.7109707994815957 1.6951060813549272 1.6815896738117837 1.670800902368132
1.6590115054723618 1.6590115054723618 1.6590115054723618 1.6590115054723618 1.6590115054723618 1.6590115054723618 1.6590115054723618 1.6590115054723618 1.6590115054723618 1.6590115054723618 1.6590115054723618 1.660553411390933 1.6658743749286875 1.67472664717267 1.6868332233056842 1.7019068763911929 1.719638986868088 1.7396865812763094 1.7616572156982362 1.7851004683611333 1.8099581298399419 1.8356580492376313 1.8611557064353552 1.8852914355229649 1.9068118848461206 1.924430457899667 1.9369413705387313 1.9433864515637298 1.9432386137303863 1.936519505284109 1.9237252780675946 1.905990480074421 1.8847044347266089 1.8612630057021042 1.836950192291368 1.8124508877761156 1.7880324395627627 1.7644546717088416 1.7422788357959504 1.7219738264543107 1.703939289812571 1.6885233915420135 1.6760382168712138
1.6590115054723618 1.6590115054723618 1.6590115054723618 1.6590115054723618 1.6590115054723618 1.6590115054723618 1.6590115054723618 1.6590115054723618 1.6590115054723618 1.6590115054723618 1.659113021223976 1.6620662743080772 1.6689086843102587 1.6793823831826569 1.6932305029016053 1.7101873718766005 1.729967040941902 1.752252294517895 1.7773839276092263 1.8052572965755294 1.8350192588925582 1.8656907519322214 1.8961408538800788 1.9250690721502735 1.9510092081055215 1.9723792606665007 1.9876120421534766 1.995390897709868 1.9949533775839257 1.9863269491297026 1.9703416748684155 1.9484069924142735 1.922198193923861 1.8934014355500148 1.8635686279603134 1.8340621914464637 1.8060529593388612 1.7797758753670019 1.7551290756263425 1.7325646915156316 1.7124609123715617 1.6951429329315937 1.6809000720395948
1.6590115054723618 1.6590115054723618 1.6590115054723618 1.6590115054723618 1.6590115054723618 1.6590115054723618 1.6590115054723618 1.6590115054723618 1.6590115054723618 1.6590115054723618 1.659544028260167 1.6637406537627413 1.671905479257989 1.6837991040008455 1.699185272964248 1.7178213482703473 1.7397317562096313 1.7658140982798622 1.7955765833592776 1.8282689286739096 1.8630268658818054 1.8988368793592156 1.9344981840572393 1.9685853719484776 1.9994227506259776 2.025099067083763 2.0435837319821566 2.053032176825217 2.0522939397296645 2.0413806524237663 2.0214995005014047 1.9946125509415003 1.9628983779262408 1.9284050750054058 1.8929110452674007 1.8579060940778318 1.824623201577486 1.7940857190023967 1.766914351507862 1.7422832032260032 1.7203111544175147 1.7012949994967557 1.6854981135652973
1.6590115054723618 1.6590115054723618 1.6590115054723618 1.6590115054723618 1.6590115054723618 1.6590115054723618 1.6590115054723618 1.6590115054723618 1.6590115054723618 1.6590115054723618 1.6601381895223284 1.6653599608645708 1.674621416302233 1.6877002127002823 1.7043796619660756 1.7251447559415534 1.7510012972871736 1.7814010493774064 1.8156934733409489 1.8531363486793782 1.8928606927605582 1.9338305417134674 1.9747961154197862 2.014239396163679 2.050314459248168 2.0807992937717743 2.1031269617343193 2.1146877454293302 2.1136509777619565 2.099982206515282 2.0755387277795045 2.0431034948741122 2.00546409703797 1.9650271181160095 1.9237599532685132 1.8832430783880896 1.8447444599829326 1.8092901592222452 1.777725357278974 1.7506881359582025 1.7271139024283386 1.7066560337838543 1.6895511615511727
