_RESULTS/CROSS_VALIDATION_POSTPROCESSED_CLR/MHZ/IZ/9comp/3/MHZ_IZ_z_0_kriged_reverse_9comp_spherical_3.asc
ncols 100
nrows 81
xllcorner 5.5967107548124995
yllcorner 50.982328804812504
cellsize 0.00017565037499993607
nodata_value 1.7014100000000001E+038
[rows 57 to 75 of 81, columns 0 to 42 of 100]
-1.4258781221773988 -0.8339508932511794 -0.24836725348696564 0.2879323403689229 0.6939687199057234 0.8845013041271974 0.8394196281506892 0.5935394578787117 0.22085482452323468 -0.20848106307047765 -0.6638168406712124 -1.1269642465099645 -1.5870564515179924 -2.0365462208550515 -2.467596331972583 -2.868909858404099 -3.224213424399583 -3.5127449033505496 -3.713744975218453 -3.8389205346402315 -3.8599349344458624 -3.735434024056677 -3.4581737441922478 -3.069099060847787 -2.64481210676395 -2.5108687668868037 -2.4750622788051277 -2.3752592311810603 -2.2006588453546554 -1.9528308828133385 -1.6422932102500076 -1.3348189139128337 -1.0802101175587264 -0.898096944043921 -0.8120282499390088 -0.8347606057491088 -1.0343615141096016 -1.457333090330171 -2.0514440709545263 -2.7087919427747154 -3.362877186102971 -3.9738747446821763 -4.521726342214007
-1.7518154747970884 -1.2180696073937263 -0.6994486890371601 -0.23062762155630967 0.14458788066728978 0.3586023060442951 0.3929985677727599 0.26529604736676493 0.02273271974750468 -0.2774025188783318 -0.6093685230076646 -0.956589641013541 -1.3100239557872912 -1.6657391381118547 -2.0207771749897403 -2.367551331147479 -2.689990169398112 -2.9639909798208164 -3.1883196808145438 -3.368849913042389 -3.4694574111460685 -3.4416418017827723 -3.276227074382606 -3.043894549171773 -2.8242883148396216 -2.7092561373024657 -2.6605164916219914 -2.5914263456839683 -2.465114237894352 -2.2713629722490065 -2.0109272019494013 -1.713018944545202 -1.4589160323201424 -1.2813859162281043 -1.1854923324230722 -1.1883665804868757 -1.3320809624459837 -1.6365440784555898 -2.0800778154210704 -2.5989601340628723 -3.1339004114587947 -3.646596922980544 -4.117207208322235
-2.121387660441379 -1.6386009397521142 -1.1740301459221891 -0.7548728148934094 -0.40788720317737504 -0.165611983733152 -0.06422423350727602 -0.09476411266627416 -0.2260693471551205 -0.40864176170500066 -0.6216316415240835 -0.8517167897945876 -1.093402468662573 -1.3492267869027925 -1.625776937006389 -1.9228132189586349 -2.223331570287019 -2.50595772516687 -2.7795117235490787 -3.022262708875459 -3.2072121143534718 -3.2794055937327315 -3.23832673207069 -3.154863373634203 -3.072527449967814 -3.024855680915915 -3.0010860192850366 -2.962706954613943 -2.8790831645234363 -2.7347783235902274 -2.5257646916325056 -2.2594517693198717 -1.9980299777374873 -1.7999401975096445 -1.6603299827779092 -1.607990818822457 -1.6720586997183315 -1.8662348244949358 -2.180076537141475 -2.578335795639763 -3.005307601989991 -3.425294594461715 -3.8228225334141337
-2.5171890322688326 -2.08096784756123 -1.6603841658835594 -1.2766298175703232 -0.9494560656312672 -0.6936487176393724 -0.5329636454926963 -0.48092479603233595 -0.5168508724850858 -0.5957369336174629 -0.6985170021149818 -0.8142529208032938 -0.9403752083826333 -1.087646954849287 -1.2810100612780895 -1.5379098488807807 -1.8354979734785517 -2.1582295315022777 -2.4870565180425412 -2.7928785699622747 -3.0570464996062063 -3.2226013878151525 -3.3054200426019364 -3.350594447611027 -3.382125096051979 -3.415355705538965 -3.4460299698686816 -3.45474898773766 -3.4202067159073537 -3.327042551652243 -3.167953232224811 -2.944509294173393 -2.6834491004234353 -2.4292105473059036 -2.2206349845913067 -2.086398646005668 -2.0538854727644127 -2.1386323997032015 -2.3366905437558994 -2.6255943465309266 -2.959048866359343 -3.295948801144931 -3.628336947676198
-2.9243146334914614 -2.5307207058717713 -2.1482849929039416 -1.7937548134078862 -1.4819518742994076 -1.2236780743000208 -1.024100228596203 -0.9000629371188316 -0.8531331954531138 -0.8435829585480743 -0.8496224550101861 -0.8605575859055872 -0.8722402047777349 -0.8975652367135263 -0.9896253866682256 -1.2187450132209472 -1.5486225063584635 -1.9287337096283017 -2.312596827125493 -2.6749451481246838 -3.0027144719677348 -3.2585038973825133 -3.455272126912956 -3.613789216110813 -3.748670492040604 -3.8680970026272448 -3.969527722498376 -4.04100384201696 -4.066492160741933 -4.030937532741435 -3.923739252047927 -3.7398408711386057 -3.4701314165415043 -3.1609487465941646 -2.860268065817782 -2.6201435019185246 -2.4746175958102836 -2.4476699388489536 -2.5405931909782313 -2.731202903401799 -2.9833650640905702 -3.2491825830811396 -3.5255387450487685
-3.330750624923588 -2.9768428358580157 -2.6289052228540393 -2.300486780260861 -2.0031929355057336 -1.7453945620916436 -1.5312434651517401 -1.3603962212951446 -1.2423818615009372 -1.1618329481257001 -1.0895002120498782 -1.0140416706036657 -0.9258876785991781 -0.82224914771116 -0.7517430739180417 -0.9926334443759028 -1.4032818485946361 -1.8363962268111367 -2.2608182772779473 -2.6634202580807087 -3.0346808653164925 -3.3757127013787653 -3.6740023015904977 -3.9338815772860656 -4.165058906819518 -4.372435900366362 -4.5539065259100315 -4.700410229358063 -4.7978838680864415 -4.82991149680714 -4.778784338663165 -4.611486683277557 -4.326539829574358 -3.9678018669672634 -3.577576676559888 -3.2077994945993455 -2.92883224850235 -2.78612730040432 -2.7867983329991954 -2.897140684396889 -3.0737667998006644 -3.2812893217980057 -3.5091516238093345
-3.726376210451984 -3.4102555738391986 -3.094851688398424 -2.791441958950935 -2.5095209809467223 -2.255981042927172 -2.0345201779085595 -1.8454652951317652 -1.6860137077636095 -1.5512343780458373 -1.423129661412876 -1.2903164179202165 -1.1439037532213971 -0.977882363468046 -0.8228422343095154 -1.0485349565745246 -1.4656400072960487 -1.9008285292981206 -2.332782105388152 -2.7506704020334762 -3.1564997845385623 -3.56272830285563 -3.949726084223644 -4.300154239265685 -4.620937972335937 -4.9154305676401835 -5.1818531840847575 -5.412572079576087 -5.594004906817241 -5.702186937618717 -5.694590055495847 -5.543059029443794 -5.241012341413798 -4.828247957884225 -4.343003258972138 -3.8446543376214177 -3.409933803657772 -3.1454428304830824 -3.0782189957275303 -3.1309266527166337 -3.2418994488760444 -3.3927550786115135 -3.576583258935518
-4.102195104590571 -3.8228283658500763 -3.5391754379066094 -3.260316165309035 -2.9920617111141454 -2.741753925243365 -2.5145244714983055 -2.3126764245124165 -2.1359176148582186 -1.9814909020653104 -1.8270450452730418 -1.670284424220474 -1.5156250673592524 -1.3775919703485595 -1.3172627897704476 -1.4368723672849972 -1.7355110791506139 -2.1124832999391647 -2.5157286548943567 -2.9258422045608765 -3.3657861843857875 -3.8156697645788213 -4.2697239669768985 -4.700011383567598 -5.102811280675329 -5.4808978332384966 -5.833267833135003 -6.153634173582239 -6.417732960173019 -6.5943361160126885 -6.645346122971409 -6.524903467565611 -6.2089615708214945 -5.734692977714277 -5.149948538597073 -4.511197415151302 -3.8938033826453076 -3.515832871739359 -3.444308581948141 -3.455866858824564 -3.504296602738935 -3.5958687065147563 -3.726446216571029
-4.449807921326134 -4.204673594803052 -3.9444285474780356 -3.67979049472149 -3.4202664420497793 -3.173474979336561 -2.944899512869856 -2.7378639185944995 -2.5537927684965935 -2.3925243565620966 -2.2478908058933027 -2.1018990599216454 -1.9628914181069792 -1.857958171494666 -1.825345423882831 -1.9039374719137179 -2.121785882408484 -2.4279437057408897 -2.7824423349908183 -3.1902550207172915 -3.650648993222404 -4.12969427550307 -4.622012435113675 -5.119001397751439 -5.594740193669505 -6.049438464285618 -6.475921042572282 -6.864556064263125 -7.201900428617806 -7.463496585867571 -7.6036027638948855 -7.544773007184472 -7.221999297448839 -6.674784419615238 -5.992198153616172 -5.250833920311936 -4.50174556569381 -4.021473226793493 -3.93596895594824 -3.888008461661115 -3.8717951022889596 -3.8993084297295195 -3.9661101643316825
-4.751155616906953 -4.527200064754093 -4.284750609233489 -4.03428371497779 -3.785010291509235 -3.54460880948048 -3.3189838907320754 -3.1122895908732473 -2.9273483140392633 -2.766174032974177 -2.630981686343949 -2.5125368722284285 -2.4083364278335773 -2.335119491026042 -2.3124289656816477 -2.36675879764342 -2.5358279304266316 -2.791450556153389 -3.123399975732133 -3.528528965247251 -3.99700919044563 -4.4931935766471955 -5.00818213697949 -5.537373987514816 -6.064690945890393 -6.567038897043487 -7.042441673185911 -7.487221701670983 -7.894268921012147 -8.24900379528546 -8.514819527455712 -8.581447160152107 -8.255458153412599 -7.597035251539522 -6.82280173182883 -6.041032856901697 -5.331124804984348 -4.822628656298165 -4.5431593915573565 -4.377778068076586 -4.28624665205627 -4.250370560617392 -4.259918435038015
-4.98262514670512 -4.779166548638311 -4.554304489310446 -4.318228947048922 -4.080055525587103 -3.8476315961874783 -3.6274331706173903 -3.4246015973204553 -3.2431690634681103 -3.086517771352393 -2.9580977821853804 -2.861359321439841 -2.7865676801121766 -2.7382950479670467 -2.72610913364492 -2.771388729249579 -2.9137431124123534 -3.1573227317908845 -3.4928352030997747 -3.9021480955778305 -4.368667606447927 -4.8652776168152645 -5.381421190295911 -5.91236095079686 -6.453491071599507 -6.988610658757731 -7.498415016468676 -7.981506710191195 -8.435940594636506 -8.858818077423074 -9.244389189742876 -9.558188625554536 -9.201851246027765 -8.364371428318288 -7.5314550737253185 -6.749030430619518 -6.0624716779859416 -5.521884522204703 -5.135277167441827 -4.875844068656246 -4.70768216670313 -4.605766304859401 -4.556829187894379
-5.136742838222732 -4.95341130685684 -4.74584387243523 -4.524146599326737 -4.297547709583202 -4.074237654029396 -3.861268944575067 -3.6645508306230132 -3.4889720642470325 -3.3386706510005593 -3.2174270219296712 -3.129058361281476 -3.0754957919253116 -3.0457300928186837 -3.040506381263168 -3.081057997678636 -3.230218577405325 -3.482112463253827 -3.822101472989571 -4.235042420043945 -4.705937589603129 -5.198738401560178 -5.707214708996788 -6.229744443151868 -6.761075047705143 -7.295749392113996 -7.821106932409716 -8.31740621674102 -8.78116332344177 -9.207075742019319 -9.58030697087179 -9.82310577937613 -9.521228201417998 -8.786328576406968 -8.01151962443742 -7.27586345335259 -6.617918606679938 -6.064688982364417 -5.633887942072074 -5.3176003167638735 -5.09178847919319 -4.936294806318055 -4.836884840721641
-5.208021294619371 -5.044356674494491 -4.8536547638038305 -4.646063563069796 -4.431033423400817 -4.217164151442524 -4.01207507616736 -3.8223216071231114 -3.6533828885641677 -3.509732908338228 -3.394969370302552 -3.3119025229911925 -3.26241628133551 -3.2455470739610703 -3.2604658387598073 -3.3270333776712757 -3.4934154483980975 -3.754582536501129 -4.098472643245928 -4.511987067879397 -4.98208338908337 -5.478780680451712 -5.975553321057211 -6.480653746741934 -6.991345318617517 -7.501057775381953 -8.002242073972447 -8.484120689583339 -8.921893839962513 -9.294803095891572 -9.56204935857702 -9.636679286373194 -9.398890140026547 -8.879984547598065 -8.243732052945115 -7.5942832116790076 -6.984015537372255 -6.4514254953847905 -6.0149738876759 -5.670875476105975 -5.407236949417294 -5.210800414143119 -5.070116239483536
-5.19147720455917 -5.046916881545895 -4.872415969787547 -4.678249167119834 -4.474171324582631 -4.2692562950943085 -4.071715205007455 -3.8887080404171397 -3.7261742882115714 -3.588710976121175 -3.47950530139225 -3.401682702047045 -3.364300577217003 -3.3711738527574355 -3.4226667334256593 -3.517248912371254 -3.699690109953999 -3.969468042261263 -4.3158496931912245 -4.726986959324101 -5.1906257879592825 -5.686094954959968 -6.177741903106788 -6.659502182527134 -7.140704736497314 -7.614884276096346 -8.072484323625615 -8.501054811152486 -8.882828438417647 -9.187525626986107 -9.364773984794436 -9.375822358975677 -9.177969233621639 -8.78700292777012 -8.276889763112493 -7.7215379509135476 -7.1819695467486 -6.693713773906529 -6.2725564311079065 -5.922166709945982 -5.638648187085945 -5.414766461557353 -5.242691854571751
-5.104359180038126 -4.96590648120435 -4.800584144833373 -4.616252702986422 -4.421165829382016 -4.223857967210169 -4.032935848571472 -3.8567712773546186 -3.7031275046828727 -3.578787388270288 -3.4892587032200177 -3.43858946153766 -3.4292541206794693 -3.4620309522384987 -3.5358308738624036 -3.6512567443162602 -3.847745979291021 -4.124593331497799 -4.471500871968704 -4.8773242205037155 -5.3303194747788005 -5.816520747249658 -6.300154869433951 -6.763547495647856 -7.209020511995628 -7.640809099024748 -8.047828223985917 -8.41579030691178 -8.72539358995791 -8.949961357068279 -9.064610002981032 -9.051924377970337 -8.885881389024835 -8.57515971850843 -8.161995607036472 -7.702874049651294 -7.240172396360633 -6.803328276374532 -6.409898986483987 -6.067862296919676 -5.77849322868543 -5.539146486455703 -5.346964478530084
-4.9974788009778806 -4.857809338135733 -4.691782314098382 -4.507704946070376 -4.314447719090864 -4.121328635603678 -3.9378405211610836 -3.773190667863604 -3.6356880696888694 -3.532108263378757 -3.467223591010552 -3.4436331606206982 -3.461874424712856 -3.5206669232036325 -3.617134265364762 -3.7471508157298947 -3.942263535278685 -4.220044376960404 -4.565211146015729 -4.9628440359680965 -5.401521530011001 -5.8692942206019385 -6.341067708801847 -6.787042262144073 -7.198180310870471 -7.584271633947195 -7.938577374428888 -8.246489515946289 -8.489657871624722 -8.64809909949034 -8.718325544788426 -8.683541923824315 -8.533631875354812 -8.280783701016418 -7.949813173814787 -7.572493342270273 -7.179361228124263 -6.794965490771337 -6.4366343054838095 -6.115167377230026 -5.836372464598013 -5.602781874981401 -5.415122342946075
-4.879743868875201 -4.733485606244024 -4.566309422124036 -4.381320235258418 -4.187992313945512 -3.9965316315758925 -3.817580125292075 -3.6615901678690483 -3.5378702036318477 -3.4535176723405145 -3.412648363055833 -3.416264159580892 -3.462741439328707 -3.5485869251995066 -3.669087094655657 -3.8186968635933867 -4.009339698912017 -4.274797709176024 -4.60471678722728 -4.986338472610446 -5.40644511711471 -5.850261801851746 -6.302109613012876 -6.727916741129264 -7.11062534262225 -7.450561817873128 -7.753206003303886 -8.00482391461103 -8.18942157110127 -8.305476569171175 -8.348867431099736 -8.309002797066555 -8.182129590999713 -7.974803268076078 -7.703250875813262 -7.389336417367685 -7.05570676756827 -6.722295401705917 -6.404709451582265 -6.114054515712428 -5.857587006757519 -5.639701252074851 -5.462913963460547
-4.76234059039126 -4.597197381304921 -4.425738980920785 -4.238511088261427 -4.042801487536057 -3.8497750330285703 -3.671563606530547 -3.520518370801403 -3.407760422767286 -3.3413143207054055 -3.3247035057276615 -3.356878150300249 -3.4334315216088114 -3.5482053394330775 -3.6944649728821384 -3.865437045589366 -4.0585439419579314 -4.309874959429121 -4.619797956156572 -4.975957854326474 -5.365629001215208 -5.775686833362431 -6.192554952953852 -6.593893004425038 -6.9486414290556855 -7.247638590715287 -7.502706494506274 -7.705761170473351 -7.854863410503567 -7.950831353999437 -7.984247598601792 -7.94862795152329 -7.842726914668567 -7.671937144044687 -7.4478766359491875 -7.186270272216152 -6.904165050573328 -6.617567706158366 -6.340020916931395 -6.0820965432760525 -5.851540307516475 -5.653769430551979 -5.4924827675991885
-4.650231908668229 -4.465033605074733 -4.2745934029160795 -4.081858778862718 -3.881285488414108 -3.682832462509119 -3.5004450982146347 -3.3493334446831193 -3.2438935575947365 -3.1942619205519542 -3.2033924976831605 -3.267094841004959 -3.376892679924337 -3.5231943360572453 -3.6970586857049783 -3.8906181654112437 -4.096857783386051 -4.332206295091097 -4.619916781751709 -4.948361290934992 -5.305318445929139 -5.678154543087606 -6.053755355113347 -6.418364922709597 -6.743999164091649 -7.008322362694898 -7.220543007672295 -7.390775728345883 -7.520980874167844 -7.603576392896463 -7.6321776566223605 -7.602953883682589 -7.515904854733494 -7.375548523447394 -7.190632639849047 -6.972923718915626 -6.735538469122818 -6.491374135595186 -6.2519954791718355 -6.027069723416963 -5.824261392048722 -5.649429249624074 -5.506970845266745
