_RESULTS/CROSS_VALIDATION_POSTPROCESSED/Berg/IZ/4comp/1/Berg_IZ_z_355_kriged_reverse_4comp_spherical_1.asc
ncols 100
nrows 90
xllcorner  5.6208707817415728
yllcorner 50.959635321741573
cellsize 0.00013419651685393446
nodata_value 1.7014100000000001E+038
[rows 19 to 37 of 90, columns 43 to 85 of 100]
0.5918139714862406 0.5905910654326275 0.588452379592146 0.5856826437583682 0.5810541662221382 0.5735298120329417 0.5634224754412159 0.5510558790171892 0.5367678077449476 0.5209031642349305 0.5038047655747769 0.4858059244102767 0.4672259645952492 0.4483686630288892 0.42952376378836193 0.410970755673657 0.3929927451416483 0.3759083947414432 0.36011614885887455 0.3460103942131721 0.33468019689611506 0.3281616240584164 0.3286048863652845 0.3358295347489322 0.3475804976700207 0.3619251843720603 0.37776498320479296 0.39447566896504666 0.41164536078190245 0.4289523352347394 0.44611110152610983 0.46284844364782696 0.47888898053572687 0.4939030027158873 0.5075944008438761 0.519689344690156 0.5299255990100453 0.538058529886089 0.5438667183568726 0.5471564903741735 0.5477768575160336 0.5472524028571709 0.5467326005565767
0.5960989216492172 0.5944671384736713 0.5917776342734556 0.5884627931902457 0.5831068707699221 0.5749115689883242 0.5641755451711287 0.5512115695037043 0.5363492356190089 0.519926172247444 0.5022774074338067 0.4837268822189606 0.46458185813738306 0.44512975965069124 0.4256350154720446 0.40634193207450453 0.3874815004314473 0.36928347633705577 0.3520077789179555 0.33583413951287466 0.32152903362827195 0.31183428939198815 0.31256403939086647 0.3230811585682657 0.33769519875762394 0.3540157791935905 0.37123365899533267 0.38895733252894465 0.4069135259116708 0.42486159593912737 0.4425648945774503 0.4597806600785251 0.47622829134904193 0.49159336423551075 0.505602727379542 0.517987222582319 0.5284873595913723 0.5368600508277731 0.542884992824407 0.5463701530582372 0.5471559671526782 0.5465324569375462 0.5456716973109484
0.6002629358173539 0.5979122741878432 0.5944974308835536 0.5906123086873857 0.5847250636674235 0.576087170477022 0.5649651913718832 0.5516534481957471 0.5364703106432502 0.5197455962859945 0.5018078622928248 0.4829747037608757 0.4635460089728663 0.44379798719247415 0.4239830305005191 0.4043278364028174 0.3850324298528318 0.36627065486508237 0.3481925645490806 0.33074896960233796 0.3139407779374448 0.2983959145214361 0.30009032477497466 0.3159074261808076 0.3328046963166512 0.3503110962744851 0.36825425784861154 0.3864754265880824 0.40480263064413746 0.42304559835304517 0.4409952723854871 0.4584214375808908 0.47502342240480144 0.4905190079224213 0.5046391983368698 0.5171167724171525 0.527693173834294 0.5361255940502926 0.5421938315312086 0.545706595824959 0.5465069230570953 0.545684200343361 0.5443614251803541
0.6039169693077772 0.6002742643545391 0.5961442345235195 0.5918533421633936 0.5857386163086837 0.5769527745568794 0.565730409743302 0.5523498776822573 0.5371208358992096 0.5203681003718867 0.5024173626065165 0.48358385369794205 0.46416592725072886 0.4444417127100463 0.4246664618798491 0.405071779944184 0.3858668380262281 0.36724327637917326 0.34938943091288793 0.3323709834993278 0.31648785842024796 0.30392675537654795 0.3050204969337033 0.3182912550520242 0.33435997663515693 0.35147166592480816 0.36918151119752624 0.3872452787197073 0.40545618334392636 0.4236072317366223 0.4414803907498272 0.45882473722090544 0.4753313682521588 0.49072948080837125 0.5047481995540474 0.5171188402270528 0.5275815560098982 0.5358922729226395 0.54182964601174 0.5452019376431989 0.5461194110809019 0.545521927898124 0.5443730617687689
0.604201097848027 0.6004248135356027 0.5962441132975903 0.59194722514706 0.586010488617751 0.5774206905870838 0.566410180580353 0.5532553086357628 0.5382645378328357 0.5217624252603651 0.5040757639977143 0.4855237939880446 0.46641197217350056 0.44702894439500196 0.4276463197288726 0.40852183382650753 0.38990827655587684 0.37207600128716195 0.3553912357417688 0.34020619149171133 0.32741372797031415 0.31951665867567003 0.3200710247431167 0.3287432932161631 0.3419130832214326 0.3572957923332601 0.3739004293596115 0.3911982820787511 0.40882894249968044 0.4265142823455044 0.44399589150489854 0.4609751272742964 0.47714118512342835 0.4922168694019605 0.5059245682364544 0.5179909985790969 0.5281529891049278 0.5361638039282834 0.5418275527860802 0.5455473346956644 0.5470650157536233 0.5467960565390266 0.5458899248238871
0.6007205286459473 0.5982688899149965 0.5947629702778671 0.5908494094838761 0.5854983879105055 0.5774477184935266 0.5669578886092556 0.5543178993271436 0.5398423762971511 0.5238609239321623 0.5067065540632579 0.48870692173861063 0.4701792976473086 0.45142916550907086 0.4327544596750739 0.4145538639719897 0.3971344401041894 0.3807798033997681 0.3659017385384122 0.35296961726725073 0.34290679531317825 0.3373348717248297 0.3376959264937438 0.34387744287674465 0.354343096268447 0.3675212876550418 0.3823664785788079 0.3982447576654252 0.4147531971107692 0.43160552886561904 0.44841545438910924 0.4647778255008068 0.48037561381985466 0.49491697657939765 0.5081144850536553 0.5196882451415986 0.5293704938349043 0.5369938408003109 0.5431002019671812 0.547547090775421 0.5493347248517926 0.5494865584075656 0.5489089960426685
0.5966144608188401 0.5949223138793389 0.59215024711821 0.5887795164338608 0.5842636797222509 0.577040718942679 0.5673447062255669 0.5554822346131161 0.5417776211193249 0.5265677924884334 0.5101937332017551 0.49299338539976445 0.47529944101945354 0.45762014105964 0.44031568220434003 0.4236058118097824 0.40775591502356784 0.3931078398838271 0.38012537288638976 0.36923084652140914 0.361157415194449 0.3568988683540407 0.3571577730535705 0.3618842450855797 0.3703143527193834 0.38145464689873926 0.39444824623906555 0.4086130428502573 0.4234865140721787 0.4387864273546747 0.4542868750743932 0.46972233891682597 0.4846071112776142 0.4985300203197084 0.5111531086980126 0.5221249772866899 0.5312456350195671 0.5392159113927613 0.5459314835829361 0.5508693911409293 0.5528865892798117 0.5535688559956092 0.5534276495359015
0.5923596528739039 0.5910964503702228 0.5888896954521905 0.5860460001335889 0.582408387463812 0.5762273523354879 0.5675473633463911 0.5566868885343573 0.543977348039877 0.529761450230998 0.514387079636066 0.49829630720359214 0.48212688550920135 0.4661112929717787 0.45046233252875095 0.43542404974854243 0.4212882329413437 0.4084168697611966 0.3972532325742318 0.388093298781918 0.38149574649551643 0.3780944841132452 0.3782849619202847 0.38204090972709315 0.3888116381669453 0.3978521571630267 0.408594317175473 0.4205608511184101 0.4333825045659858 0.44677760105131803 0.46050699206930745 0.47430968625777026 0.4879924008530826 0.5012227877086609 0.5133525371017089 0.5240350824126098 0.5338194927957302 0.5426734120719449 0.5500763373547618 0.5552739534601502 0.5576620034843359 0.5590050075301768 0.5594352434547413
0.5880763025735275 0.587084967843818 0.5852949662319004 0.5829026172073438 0.5800126039264594 0.5750260561044704 0.5675342422833412 0.5578584137215153 0.5463315903393308 0.5332982652999646 0.5193535906190937 0.5051360127127215 0.4908384336739448 0.4766631240255383 0.4628336951766585 0.4496045893506907 0.43727308230998424 0.4261922959816666 0.4167312254084665 0.40906315771155427 0.4036293784892165 0.40085688158326865 0.4008126788607341 0.4032733462411835 0.40807616741091113 0.41488781502685423 0.42331842420557886 0.4330019503496237 0.44362885304362254 0.4549468925249427 0.4667251303164819 0.47870986146279554 0.49071479108090305 0.5025573091929975 0.5139681268254538 0.5248491239367514 0.535527255402636 0.545499713453668 0.5542120146973856 0.5602847887253434 0.5635780286068325 0.5657328068573121 0.566900375118107
0.5838343811662584 0.5830320509267958 0.5815561120150932 0.579537422670721 0.5771206578962182 0.5734273726455612 0.5672541013281159 0.5589064221895569 0.5487133744629505 0.537361780890056 0.5255241147750144 0.5133790865658382 0.5011158539073655 0.48893865207405435 0.47707197184217714 0.4657561635011077 0.45524181625372034 0.4458974399157454 0.4380001248247479 0.43167116538314354 0.4272076036108167 0.4244248548152536 0.42347514889190124 0.424460381137985 0.42736320454492827 0.43199883058117605 0.4381165108835803 0.4454580482820515 0.4537878913609062 0.4629013835174226 0.4725944141835455 0.4826319695957241 0.4928404657814243 0.5030433692260886 0.5133267560084905 0.5246118433756528 0.5360842668191133 0.5470946970209619 0.5570063872848627 0.5642509183078852 0.5696324990027705 0.5735521385039938 0.5757538366446834
0.579687353047999 0.5790255624140654 0.5777943668948843 0.5760849585892168 0.5740059151891473 0.5713876713399776 0.5666311092897048 0.559721538374929 0.5513182777605413 0.5422334500213791 0.5326396245884907 0.5227095451669443 0.5125450119307106 0.5021988433584013 0.49200034358796074 0.4822890877699746 0.47340489172288264 0.46568709556603194 0.45922869204871275 0.4539786510578622 0.4496331208777383 0.44650437083132327 0.44483086719846354 0.4447017783475745 0.44606317184208527 0.44874772810035 0.4525547250872509 0.4574927198605344 0.4634396829613061 0.47024886791672615 0.4777574042496911 0.48575629863800557 0.4940890721415659 0.5026034371171095 0.5121733503628555 0.5231984580093404 0.5352598762934948 0.5472254493048366 0.558242320190795 0.5670670544249834 0.5747562157752472 0.5810688615243093 0.5855707671023692
0.5756802622149015 0.5751282747650102 0.5740939776623261 0.5726435589816835 0.5708599437439805 0.56883200639037 0.5655655900244406 0.5603990417272681 0.5543457466444867 0.5476228873132337 0.5402153034513218 0.5320110201696349 0.5233449359108708 0.5145593303207529 0.5059865406255342 0.4979483503245235 0.4907559515070824 0.48465589658246555 0.47932029732985043 0.4742453566184429 0.4697705550102651 0.46620239606871394 0.4637497360955839 0.4625147927178967 0.46249818739539955 0.4636146261272789 0.46571706583673705 0.46862601325423525 0.4721833867993611 0.4766064628075853 0.48185674225958897 0.48775819075004573 0.4941730620203042 0.5012803486317102 0.5102127738068264 0.5208410494916575 0.5328613162819253 0.545648708784326 0.5577165748951214 0.5686904537440012 0.5788587695933228 0.5877885784966594 0.595001396712087
0.5718528261777812 0.5713899016954084 0.5705184321899313 0.5692881835497953 0.567763802820552 0.5660175685650933 0.5640045250053888 0.5611482975915205 0.5574541576255532 0.5525189581701736 0.5465057208244665 0.5397661030134728 0.5326467477665902 0.5254834229749962 0.5185965797885161 0.512288119426801 0.5068387502523156 0.5020350513161372 0.4969830343182824 0.49196081712594075 0.4872874878253144 0.483189509849558 0.4798137291293411 0.47731373442962133 0.47577191335689595 0.47520488137755834 0.47557300627369786 0.47678837796349466 0.4787189824174325 0.4811886216728135 0.4842616154140702 0.4881703771433446 0.4927672746437209 0.4988322024891774 0.5070733467334319 0.5172530152261418 0.5290584973285526 0.5421321019627614 0.555669651988988 0.5690440921033001 0.58182813238736 0.5935670366749699 0.6037501863155104
0.5682410453813415 0.5678525018352423 0.5671188511382776 0.5660786591063858 0.5647833664112726 0.5632923497841968 0.5622158011782399 0.5614816492772716 0.5591878888577201 0.555554228693006 0.5509309381927753 0.5456690078889721 0.540112717992343 0.534592391984802 0.5294178008598396 0.524872213250131 0.5210076495607376 0.5166388930756409 0.5118073801306414 0.5067162976850279 0.5015793857250205 0.4966596080109874 0.4921744204507554 0.48829926102096666 0.48516907603456505 0.48287767477560756 0.48147548914285215 0.4809661628639587 0.4813018825545498 0.48237736278658433 0.48401842236861903 0.4860870814870344 0.48916165036705217 0.49452550220649316 0.502283590875086 0.5120972433558014 0.5236487662125563 0.5367956329344014 0.552229990978261 0.5680545436266686 0.5835413754323562 0.5982284392490178 0.611590067752947
0.5648782107157657 0.56455325651364 0.5639385684622327 0.5630648157951134 0.5619737260257983 0.5608518247897815 0.5603985998765298 0.5600028522495494 0.558895438180246 0.5565321246818833 0.5532653087483596 0.549447755892132 0.5454245088224352 0.5415243474856205 0.5380509929876118 0.5352568848628416 0.5321015503377404 0.5280144553992313 0.5231245416616995 0.5177128204359082 0.5120222271738972 0.5062649701210029 0.5006404110972222 0.4953456839311655 0.4905744737088775 0.4865054888665283 0.48328632884205963 0.4810178882297986 0.4797410914231702 0.4794253043686286 0.47995757890432156 0.4810871435258176 0.4830210747149689 0.4876890567461386 0.4950310122879083 0.5046879000120246 0.5162671117211319 0.5303641582801574 0.5473962635732554 0.5656630173040493 0.5838755023946534 0.6015745065588014 0.6182406963517424
0.5617956034580913 0.5615260655631361 0.5610157922781994 0.5602897222051878 0.5593823060820204 0.5585844271387892 0.5577828859316617 0.5570356729901862 0.5564629976063347 0.5553017443024664 0.5533157756408915 0.5508629787337957 0.5482940783467936 0.5459429479889408 0.544115589699026 0.5424560832298875 0.5395105979114708 0.5354026948659285 0.5304120755904458 0.5247448050272335 0.5185567820320399 0.511991761917055 0.5052209874177643 0.4984658176917191 0.4919917201212003 0.48607889618805733 0.48098607758322953 0.4769207276606653 0.47401838258063783 0.4723271629076209 0.4717938259742058 0.47222868626452186 0.4740168354940514 0.47814301456795644 0.4851011296387995 0.4946096859742664 0.5069511568499063 0.5226319155432394 0.5413655800702981 0.5618391411003095 0.5827226154425007 0.6033995307566914 0.6233792363039916
0.5590230121403474 0.5588025495417581 0.5583852465402692 0.5577917775293272 0.5569255144758987 0.5557082793277602 0.5544472125123857 0.5532759190503921 0.5523336970098648 0.5517538457831013 0.5509341365588634 0.5497210153626125 0.5484766732730826 0.5475488146038882 0.5471120245564799 0.5455909405286363 0.5426350050988954 0.5385605844144656 0.5335753600260499 0.5277840423722341 0.521224602873854 0.513936602424211 0.506040721379263 0.49778630117563233 0.489535626133935 0.4816996868586174 0.47466902650925924 0.4687680951755959 0.4642321033978455 0.46119207542809737 0.4596579185502257 0.4594944146192902 0.46137837119123437 0.46575862972279464 0.4724430203418239 0.4824444552345941 0.49613659933662796 0.5133400727488786 0.5338625745226016 0.5565637903886467 0.580011716091329 0.6035165285563213 0.6266680903142318
0.5565891302706334 0.5564127258851063 0.5560792415845389 0.5555784343706617 0.5540964784234792 0.5523321583207477 0.5505484141637312 0.5488793422722879 0.5474677203736977 0.5464650460544882 0.5460310058150308 0.5458883036202052 0.5457866875037876 0.5460242187856286 0.5459639022312538 0.5443093329662836 0.5413564206411303 0.5373956439858171 0.5325692145051149 0.5268641767377606 0.5201522565167924 0.5123009374007333 0.5033333072183397 0.4935349410982878 0.48341526707543153 0.4735657251977691 0.4645335068403578 0.4567649119751956 0.4505945323970518 0.44624028100121915 0.4437831601225679 0.44315057295823995 0.4451842889654232 0.45007169311926454 0.4578048919860811 0.4690088740642706 0.48403766111372826 0.5026923350920214 0.5248283562231467 0.5495985480906018 0.5756984480291051 0.6017946385842365 0.6278057881172193
0.5545218724194197 0.5543854925966734 0.5541284082174189 0.5531859127119481 0.550978086895795 0.5486188681694548 0.5462532618942237 0.5440143768111692 0.5420465124379156 0.5405062870091909 0.5395636517080411 0.5394025428032914 0.5400449906731329 0.5407692390497946 0.5404506690856347 0.5385879520026899 0.5356185022867781 0.5318400073948867 0.5273572932810375 0.5220380662585907 0.5155227918686914 0.5073782763859702 0.49742602435968797 0.48601076804151344 0.47389934350215773 0.46194557805789227 0.4508702686946098 0.4412257833438318 0.43343291633363534 0.42780153754284556 0.4245032524422464 0.42353762921181404 0.42590765078506737 0.432197002051503 0.4419082061340302 0.4546033930370683 0.4709663034432625 0.49099423735063974 0.5145400428542929 0.5411453395020299 0.5695440593260074 0.5981870762313639 0.6265967362665983
