_RESULTS/REVERSE_NEW/MHZ/GZ/5comp/MHZ_GZ_z_180_kriged_reverse_5comp_test3.asc
ncols 100
nrows 74
xllcorner 5.5967023332191781
yllcorner 50.982320383219182
cellsize 0.00019249356164376555
nodata_value 1.7014100000000001E+038
[rows 38 to 56 of 74, columns 0 to 43 of 100]
43.2255977312973 43.16979248036618 43.17717709958807 43.23389182242662 43.3205928293348 43.421847891728326 43.53010168800227 43.644963414570775 43.77031298909191 43.9111079657937 44.071232767425215 44.253076164644625 44.458552254092076 44.69048610916222 44.95301347487295 45.25003817071878 45.58179944498162 45.940573376866304 46.307367283513216 46.65208400586732 46.93809108405706 47.129077809177254 47.195027294244504 47.11578402879264 46.88285603858473 46.50055297521016 45.98647577391105 45.37081723898745 44.69439644194648 44.00452774919834 43.34554521666115 42.743015495738256 42.18870183680632 41.6333882291572 40.98380150572091 40.101898072077155 38.84627847097992 37.25745743824931 35.841487846006736 35.457620802987734 36.58583436915567 38.77978759536067 41.054197815174234 42.76359021558481
43.10716867420381 43.059252082595656 43.08247682423722 43.15796347014292 43.261747222343374 43.37670051794383 43.496292038895 43.62285967640864 43.76374860639753 43.927109686274456 44.11872215602657 44.340699890291205 44.59202384151594 44.87015361149979 45.17252939698428 45.496603396785396 45.83766321394936 46.185170710752736 46.51990798426912 46.81453292804302 47.038109326289096 47.16230784656902 47.166171999777816 47.03816424956226 46.776471584775834 46.389032414368415 45.89360983313859 45.31724945061988 44.69412442477182 44.06007065820667 43.4419621082451 42.84311139179222 42.22766796192388 41.496724228856095 40.42740939495687 38.555521893444556 35.2176590606348 30.445566076949536 26.075023676160924 24.421190981370675 26.48667218602424 31.673828451508406 37.48215323584166 41.41588333393755
42.96221663432078 42.94548213483531 43.014307721405046 43.13704913896945 43.28082700449545 43.42605310552568 43.56756298109282 43.710670590493386 43.86635328510259 44.046334893189304 44.25898577335076 44.50703900310089 44.78750584042567 45.093519229506654 45.41695726206799 45.74993974789102 46.08379778395112 46.40603787447577 46.69782366268701 46.93472782206325 47.09123259809164 47.14650172942697 47.088178752750395 46.9129905073251 46.62547262328761 46.236789718674764 45.76436841211195 45.231469159193296 44.66481802675178 44.088295350591366 43.51248643496232 42.92231529735081 42.259961331986204 41.37816388685143 39.89203751815107 36.87632871003403 31.10943312797164 23.55501646509009 17.975803621735402 16.519392821002437 19.583685925466114 27.004238976733973 35.58162467001327 40.945336214108266
42.82388569816125 42.87088223495301 43.01667726479374 43.20878850144963 43.4056861310269 43.58819727632116 43.7539900507154 43.91151806605727 44.075298753895304 44.260865192534176 44.479819419808535 44.73636468419603 45.026453008666415 45.3398835559601 45.66411626055658 45.987195555387764 46.29770308757814 46.58210393126127 46.822311305733386 46.99653364681192 47.08390770882233 47.07017287922221 46.95079031572987 46.73020165995917 46.418927211071285 46.031133282095524 45.583786980427504 45.09621439920301 44.58754338582659 44.070456114967214 43.54272164928141 42.97837359841883 42.31186258689163 41.38443668586907 39.769020000291874 36.441203565306 30.271759330346033 22.896761122260745 18.283555390872774 18.250860499137463 23.09811335912781 31.443324144613456 38.578318813745064 42.11580406512657
42.7670161030735 42.90823461901976 43.144915150862886 43.40680377945275 43.65267872471857 43.86772696833625 44.052148647388485 44.21631686332846 44.3774551287117 44.55467424283813 44.76312227372651 45.00916803722666 45.2886184455878 45.588996592390146 45.89452036074751 46.19037525286335 46.46346796673253 46.6999122656607 46.88248594826854 46.991556972998914 47.01003547276251 46.9292337970245 46.75154010630056 46.48844983742823 46.15608438665678 45.771516267093894 45.35133450337149 44.91100229963313 44.462457379554586 44.00941567855546 43.54238529326213 43.0340597633037 42.430330855720335 41.61919056185936 40.33842351120556 38.05416806475422 34.34570695605215 30.346477267278143 28.67743626899833 30.80019823964591 35.512988906054325 39.809097610207246 42.27941076766099 43.51316656456733
42.875566921438526 43.1151703731274 43.42507078854852 43.73651215730331 44.016772441441226 44.25358900776618 44.446733237345846 44.6067712021669 44.75265974753543 44.90663991823029 45.08756970663473 45.304717062165096 45.554806059559596 45.824204873725606 46.09490302477754 46.35004860788448 46.575428276932016 46.75702237181284 46.87833531795834 46.921464085690126 46.8724781237233 46.7275601820209 46.49531870817679 46.19371505285765 45.84414141662228 45.46650961606048 45.0770266630376 44.687348445600804 44.303197615044105 43.922283091863896 43.53244074011885 43.1110332360965 42.62569723274232 42.03244156135995 41.27142607765029 40.30337734643417 39.28937689787502 38.78209089321536 39.31420097322416 40.649406486622574 42.07073003213327 43.20845270403018 44.04513214634952 44.610433896540655
43.17128083652382 43.48110684192971 43.83287627586367 44.173026409290664 44.473560249251555 44.72020103535915 44.91091987955035 45.055861519451454 45.17480662103428 45.29236289287052 45.43106009737634 45.60383025501564 45.80951688906706 46.0344855004877 46.259260750583536 46.46522625434287 46.636918136053104 46.75984466916873 46.81790496513269 46.79472915572245 46.67945371623499 46.47299821711626 46.18993960014457 45.85443587124846 45.49298457552194 45.12816699369134 44.77544853640975 44.44243244278213 44.12907232945834 43.82790603105697 43.52499848382674 43.203777237957496 42.85193414356107 42.47078479196352 42.091812679574474 41.800378049057656 41.73070270707737 41.983652888712264 42.53708388745699 43.27678235975993 44.072548953159746 44.803772676982476 45.37208720658201 45.71291827018559
43.594958915569464 43.944861139257654 44.319620547735084 44.67536717134846 44.98332091846876 45.2277440977946 45.406309358441916 45.52853088900654 45.61346959485862 45.68660961297408 45.773653512684966 45.89177175173007 46.04311274957044 46.21519830338137 46.3877043928116 46.54014988361072 46.65521296448387 46.717255191217056 46.71024135581742 46.61949972928151 46.43771509308333 46.171033777404205 45.840350852381576 45.47626881413852 45.11044938244469 44.76765431772273 44.461364817897895 44.19335269358392 43.955754797819296 43.73448370948549 43.51438391762547 43.285740466152355 43.05124267061764 42.83707115947461 42.705887873230516 42.74158314621994 42.99619813951111 43.465403230351676 44.10763788954967 44.84892809635802 45.58593256050643 46.21069697946245 46.635214690489626 46.80416850461163
44.0712755964565 44.446957986046584 44.83486863661123 45.19383180012382 45.49583559498486 45.72768814205708 45.88879253561011 45.98714723364289 46.03855593275698 46.06710741944495 46.10061289623666 46.160559191398114 46.25320108943768 46.36819748078639 46.48497457457271 46.58112141984769 46.63691858714726 46.63507582274796 46.5596096002988 46.398126003603956 46.147790456673334 45.820980993446895 45.445898067872434 45.060423756864644 44.701466742236164 44.3944573884108 44.14754519181639 43.952358802270254 43.79000345418169 43.639551777323895 43.48557574918436 43.322711327623665 43.16504833730511 43.07132366896948 43.144227065323385 43.44558647810601 43.94680083867807 44.59742880113321 45.3515659513422 46.13636787898089 46.85424693953774 47.40844996264973 47.72259032221982 47.75213371828437
44.546669840362746 44.93890211689376 45.32889194107172 45.67778461317339 45.96226099773858 46.17549506331283 46.3199696898817 46.40046929899246 46.42651809605246 46.41836593257784 46.404494178412136 46.40998731828702 46.44509428132387 46.502006888325184 46.560456609592876 46.59645938511031 46.588041417890366 46.51649020552349 46.366466559941266 46.12881879560853 45.806379868805095 45.4191462187535 45.00422418864965 44.60798468047065 44.27191865124331 44.018431087165915 43.84450269579956 43.726667844350025 43.63344461376143 43.53679270096916 43.415433706339584 43.25690927997206 43.09586831649223 43.08158731788907 43.381500157361735 43.95775509991489 44.66505923724346 45.44876138033053 46.2823947742461 47.09597360353554 47.79523422487759 48.291664880835576 48.51899444348886 48.44252745321196
44.979686020208106 45.377951260482995 45.75914323273139 46.088264570086714 46.34944290098543 46.54427369316888 46.67827800931209 46.7512962357518 46.76472715029468 46.73353683899508 46.68530834536361 46.64690199403142 46.63105722460913 46.63187926130835 46.62971414691253 46.59989825049804 46.51935974600333 46.36924454868146 46.13617161848857 45.815473683656016 45.41690939224354 44.96973155956157 44.521934874904986 44.12925979706961 43.83532879326452 43.65349873782935 43.56321076695374 43.52286723206269 43.4877148984943 43.41704315309059 43.26476906952427 42.99267634510381 42.70831759122773 42.77438489544343 43.393881734402925 44.27139696276946 45.137998481697004 46.00000021447298 46.87022849072522 47.684369799056256 48.35267878813717 48.794933557808335 48.95439958586104 48.80507546945513
45.33656523599246 45.731523931676136 46.09791100201627 46.40569720308136 46.64672203373949 46.82965977223844 46.961417131344334 47.03691302776327 47.050735692846686 47.0129115406298 46.948343511328744 46.882547846483725 46.82778576883614 46.778361820077514 46.71513566056284 46.61400363589723 46.452809698358294 46.21475529699857 45.89030206353412 45.48061710927665 45.00351276517451 44.49901639744788 44.02758997564143 43.65385919202995 43.41920117312849 43.321489012751485 43.318539518223695 43.35032633644575 43.357863436993526 43.27792623489859 43.01761751792218 42.51496495354574 42.04573727299042 42.25873068465567 43.26598081182093 44.41659172581333 45.37784388008832 46.259251162054795 47.117656724936616 47.89805888050292 48.517750967865545 48.90506685162628 49.01201453494562 48.82038500195863
45.59453365395378 45.97993202614707 46.33172166786673 46.624980844741984 46.85654044087021 47.037627422144375 47.17452413333934 47.260004270570526 47.28616198745283 47.25956132787534 47.20020817850056 47.12824088577586 47.05166569258484 46.96270339558536 46.842350111657844 46.66837114744609 46.421882297679815 46.09072343035914 45.671268024099085 45.171730994780575 44.61860355514103 44.06315280679994 43.5780376848304 43.23419861432544 43.06601066855616 43.05223435618422 43.12948171355778 43.222479624164976 43.26051575653489 43.16045409962772 42.80019134419469 42.1444263420225 41.63159375123712 42.01335752302153 43.23155416278049 44.471147840314174 45.428431966935115 46.267382908446756 47.064561620737535 47.77536089170512 48.326521058452194 48.65521530421281 48.72154041953088 48.51436338007537
45.742907162860924 46.11423554606924 46.45416724757783 46.74208284550882 46.97596367267132 47.16508399354452 47.31433759073612 47.418130257716896 47.47029404362929 47.474868350129384 47.44452221700959 47.39020574707823 47.312320445433265 47.19907326246669 47.03134589864603 46.78999648156319 46.46157021600926 46.04088896619151 45.53203276404538 44.95103692953683 44.332651075384355 43.737576356256895 43.247183877782014 42.93428538514559 42.82360270875638 42.87667253117052 43.01480639657759 43.15481720962313 43.224517427789415 43.14729722092487 42.833720175490114 42.31275952990024 41.99529664303384 42.42398977893184 43.46868785019639 44.5151349392369 45.35002724340505 46.086164785380205 46.776726911591304 47.38423410351818 47.84692813814736 48.111742211264705 48.14668435490365 47.94669428308242
45.782623843164274 46.13438926358739 46.4623560085179 46.74934869605229 46.99242081543316 47.1974074869555 47.36843180407575 47.50345600149382 47.59921244861476 47.65654276598899 47.67870072512868 47.66504093894373 47.60652629654452 47.486507896601054 47.28593450133173 46.98978843419634 46.59160772441119 46.09483667660535 45.512441578215714 44.86840312451629 44.20402025659652 43.58504286845606 43.094983897720674 42.80330221996827 42.72582284908745 42.814269283807135 42.984645785131136 43.1551396201867 43.263629790302275 43.26272981217517 43.12412872296851 42.90895370512448 42.85298755772233 43.1976758578761 43.86180417456946 44.56697975962173 45.1985182944989 45.78348015547778 46.33150572883672 46.80838676194629 47.165482414901724 47.36121614591139 47.371880533188445 47.19704271889343
45.72598388973265 46.05079839473099 46.36208182010016 46.64603685268066 46.899337369742774 47.125757581580125 47.3295922227889 47.51161946503209 47.66950968374261 47.798977928728355 47.89259961378114 47.9375734750319 47.915430263776784 47.805039199317 47.58796716948467 47.2539461754984 46.80416533854963 46.25130945399232 45.61758484977902 44.93442835498058 44.24723284744921 43.62128556119165 43.13477240776298 42.84913941130583 42.774251733856325 42.861601295390365 43.032401632963015 43.21347504321709 43.35600205289887 43.43700370337383 43.460854298426 43.47419510828872 43.56739482068704 43.81019783321663 44.178418797666055 44.594887390569745 45.01392995330513 45.42300553328823 45.80639632843647 46.13479747394401 46.37425105709271 46.4968322790098 46.48794483819736 46.35023341149156
45.59550367471106 45.88579708031407 46.173547576398015 46.44897575863613 46.71018469730354 46.961038903699375 47.20643997884873 47.447873767301985 47.680887206734766 47.89410467449278 48.06921649105124 48.18229023910824 48.20684949783606 48.118459506242736 47.89991670784974 47.54572376206002 47.06431762014392 46.477036348427376 45.814687339800706 45.11517708036618 44.42573243915612 43.80677819514831 43.32564539566949 43.03275087933408 42.93476201354022 42.990435534675434 43.13391453709773 43.30455877433151 43.46376874233424 43.597089693484925 43.71002845315842 43.82268002010368 43.96000850998393 44.13666591573605 44.3488714516753 44.58227335467511 44.82263783158711 45.05682086834859 45.26930990539409 45.44209928394794 45.558115557416116 45.60523345576312 45.5790113875414 45.48397464300274
45.420180939352136 45.67061771414531 45.92911309827668 46.190588626832685 46.45607189248423 46.73090156914264 47.02039260826502 47.32472847854085 47.6350325700221 47.931960750494405 48.18729450287206 48.36804507664451 48.441835490303696 48.38232197960002 48.17393193606433 47.81538932844781 47.32110543036384 46.71942519701687 46.04811999554279 45.35009012243864 44.672783020494144 44.06964976771133 43.59501349777491 43.287392658019435 43.15168243066875 43.15727564165745 43.25491307641322 43.39818030520289 43.55589342660173 43.71300071859714 43.865222928284545 44.0128398395226 44.15632372031899 44.294480705942966 44.42447134721876 44.542301923560466 44.64299795938674 44.72101358843434 44.771599752976286 44.792775587256465 44.78660126730553 44.758596292763315 44.715491215519464 44.66310291733757
45.229674941421166 45.438460250683626 45.66466646175169 45.90812139646307 46.17332773912689 46.46741302988502 46.7955626188478 47.15545831078789 47.53304194139303 47.90166073660808 48.225242049393096 48.46432472104298 48.58278463752272 48.55354879243543 48.362772821595925 48.01252423919609 47.52151131485805 46.922874259400835 46.259023227303935 45.57590642406835 44.91999213651198 44.33750123972604 43.87041869110801 43.54637379545671 43.36896589026975 43.3181814849038 43.36157422302141 43.46737795819375 43.611286498805605 43.77584336676583 43.946769877486055 44.11070593188209 44.25555210937056 44.3716599909953 44.451998103910064 44.49134989592745 44.48608702191855 44.4357403185211 44.345948959075585 44.23074900670813 44.11173768481175 44.01295405855979 43.953106481764145 43.93944248634691
