_RESULTS/CROSS_VALIDATION_POSTPROCESSED_80-20/MHZ/GZ/4comp/5/MHZ_GZ_z_710_kriged_reverse_4comp_spherical_5.asc
ncols 100
nrows 74
xllcorner 5.5967023332191781
yllcorner 50.982320383219182
cellsize 0.00019249356164376555
nodata_value 1.7014100000000001E+038
[rows 54 to 71 of 74, columns 0 to 39 of 100]
0.00011878971261560348 5.2515687893718775e-05 2.234807388723296e-05 9.687214604698675e-06 4.533275827825141e-06 2.426017956637563e-06 1.5264719399148183e-06 1.120166603536147e-06 9.640441348185625e-07 9.599857352397776e-07 1.0979805901288352e-06 1.4617963594088947e-06 2.349990876070281e-06 4.773552923589371e-06 1.2286435346755242e-05 3.608910215393405e-05 0.00011239756308597809 0.0003477689463624838 0.0010419424124792072 0.0026398678756550244 0.005461293460883269 0.009561029201357719 0.013450296729640782 0.01470644319322003 0.012670889652236778 0.008882650291862014 0.005187582285578027 0.002571344829915407 0.0011317821580828027 0.00047402493669476475 0.00020809074762347284 0.00010025540929255831 5.702648851428751e-05 4.0840064477714124e-05 3.783376842070258e-05 4.4541339214758875e-05 6.660699058382951e-05 0.00012377873181896316 0.0002712218837022116 0.0006561761146420556
0.00014000873619720775 6.657579776589216e-05 3.058721938695794e-05 1.4174038439971479e-05 6.902509615346537e-06 3.647047220809314e-06 2.1563369599403996e-06 1.4341058722432186e-06 1.0860540550338813e-06 9.348065698599559e-07 9.092803266013168e-07 1.0153271278993233e-06 1.3791276210091467e-06 2.53126574058543e-06 6.337146008336316e-06 1.9200576748651204e-05 6.251080240237371e-05 0.00019860077068309642 0.0005799723488716899 0.0014488809930792229 0.0030649939894728992 0.005521482424749858 0.008202640635738917 0.009863680460825423 0.009621964657601373 0.007730265925280435 0.0052036889585759145 0.0030046927586010303 0.0015616653365757003 0.0007649464493150743 0.0003862958549134204 0.00021223119791346465 0.00013395729742025268 0.00010166542072685977 9.497485360062812e-05 0.00010892690666469289 0.00015177605572784056 0.0002616200691399699 0.000533575373069512 0.0012107018924292668
0.0001782480837449035 9.07054830847385e-05 4.456941264193368e-05 2.186797158251978e-05 1.1050086562881985e-05 5.889207828745865e-06 3.359123180691043e-06 2.085013960055311e-06 1.4270434355715903e-06 1.0862770112982261e-06 9.104285941647178e-07 8.42406408330544e-07 9.04637086877523e-07 1.3634693173901552e-06 3.52209383185089e-06 1.1636302049857695e-05 3.9536827790456253e-05 0.0001268127445550744 0.00036601541533233105 0.0009158846525889536 0.001988668955154384 0.00371653749073339 0.005857259700289093 0.0076910374565163685 0.008403667646145604 0.007693511643563622 0.0059632725222616275 0.004013370304150111 0.002436642030999452 0.001360830488132385 0.0007733524989271353 0.0004711824960181934 0.0003219637076360879 0.0002562599021213668 0.00024310130981132554 0.0002764326428178071 0.00037363098860652966 0.0006050081506394574 0.001155770927553576 0.002404540527331235
0.00024147282897153642 0.00013114507449221304 6.862074223384927e-05 3.554385132248896e-05 1.867834732173567e-05 1.0152398277844714e-05 5.7784614356940865e-06 3.4626176783643043e-06 2.2169645632255157e-06 1.550491043601509e-06 1.1727759498778378e-06 9.463446229400381e-07 7.821673437487398e-07 7.437596471701075e-07 2.559439165986857e-06 9.017589202829296e-06 3.0255877815227063e-05 9.357047374849353e-05 0.0002589345842292065 0.0006672042922442493 0.0015199255043117819 0.0029438273349048348 0.004905272201164358 0.006980744730462442 0.008464296701478522 0.008764706406484834 0.007785030561270641 0.006054875380157665 0.004180037946637317 0.0026166717541591562 0.0016389792146598505 0.0010811010512247886 0.0007837559802296898 0.0006474368643156599 0.0006241547801494465 0.0007096537824112274 0.0009509888288154106 0.0014762437876194797 0.002554579260651312 0.004793857360764486
0.0003438920664390583 0.00019922202497450818 0.00011091504681364276 6.071562478241352e-05 3.3372068393758205e-05 1.8751674535573224e-05 1.0887779713735486e-05 6.57134668351419e-06 4.134712498063015e-06 2.7799841165206936e-06 2.0205961856081474e-06 1.5491480798366603e-06 1.2898190761206836e-06 1.4887185993032694e-06 3.3552373761132124e-06 9.785521295900342e-06 2.8959040493482403e-05 8.096278493325032e-05 0.00021209385052454072 0.0005418395725738862 0.0013021581534434093 0.002702071084314995 0.004795521006539183 0.007328811650091549 0.009762900683364904 0.011339790552649135 0.011401497576019985 0.010029236055629602 0.007777103383441763 0.005371531459993537 0.0036285290683638477 0.00253058626789762 0.001910263664455007 0.0016207279694010247 0.001584136072790473 0.0018018173717974355 0.002350286657741866 0.0034254488719865617 0.0053739830963584 0.009134524748726088
0.0005093380309126104 0.0003150773565834134 0.00018767889980719538 0.00010984482338850144 6.417752133195926e-05 3.7937978973820825e-05 2.29350302701683e-05 1.4296554422311197e-05 9.249978445521496e-06 6.2094321819401625e-06 4.414737755941674e-06 3.4099705054121912e-06 3.057718285375166e-06 3.6258382469195446e-06 6.218316008940057e-06 1.382753608430806e-05 3.358522535673961e-05 8.179544582352816e-05 0.0002025307241407227 0.0004995211169697225 0.001200893446186546 0.0026534339022440895 0.005106116208969622 0.008574069425017804 0.01258653697950735 0.016129688647818385 0.01804469663191914 0.017894155914226377 0.015536147003356789 0.011668774184617096 0.008276705176766805 0.005946425730447507 0.004585478518411666 0.003923368899253829 0.003790353002222921 0.0041586540805639985 0.005158644040062463 0.007008071853448639 0.01021195675380973 0.015710384557921644
0.0007798311789221062 0.0005227691605575303 0.0003374347765461461 0.00021293362533553496 0.00013324040264263017 8.373624275099137e-05 5.3351086384281894e-05 3.448124760765433e-05 2.2705681689171637e-05 1.5352691781560846e-05 1.0993798289675892e-05 8.669022306625952e-06 7.905247571331552e-06 8.847775237692153e-06 1.2663753816516585e-05 2.230672465322051e-05 4.424287651573982e-05 9.656441926367173e-05 0.0002218144576917171 0.000518276478177755 0.001201781609530824 0.002708211071220021 0.005541780902835044 0.010002838564833723 0.015958766696860922 0.022581838701641866 0.028388288537223125 0.03214319090093746 0.03184619047649756 0.025681724689995092 0.018221294970910604 0.012940186568291458 0.009869947579948512 0.008323291213565346 0.007856294514784002 0.008328147444167343 0.009757122102356245 0.012316365901217359 0.016510842717373065 0.02307486428664699
0.0012397363596255498 0.0009062632043649198 0.00063512795779039 0.00043221304854893335 0.0002887678081121317 0.00019117377102723435 0.0001263965123776189 8.406693456167374e-05 5.6710293010808105e-05 3.924595399587571e-05 2.8408867888727624e-05 2.2467750056186872e-05 2.011248648564488e-05 2.0927159545501876e-05 2.5982437288282177e-05 3.818388312678242e-05 6.592644307126512e-05 0.00012832580824781938 0.00027021518918866834 0.0005892730062851851 0.0012924641634447231 0.002791047198513635 0.005818112612264646 0.011041848775238026 0.018742090710638357 0.028568813490575436 0.03932327415576644 0.05000051647179194 0.05906259723500272 0.05070366295182345 0.03360349038368203 0.023438427064061296 0.017816268753604876 0.014931735490957962 0.013871393245058409 0.01421314111254368 0.01567821690458068 0.018380937451119073 0.022543442357982703 0.02828149551372271
0.0018806432981777227 0.001505023017852138 0.001145476299876547 0.0008388808086993984 0.0005972619594105101 0.00041719590406466214 0.0002883130235746469 0.00019879583067872845 0.00013809599866570737 9.785020027989539e-05 7.188672760878446e-05 5.607344213322019e-05 4.814257845083556e-05 4.6128511808483964e-05 5.1170591096496565e-05 6.801047755195735e-05 0.00010528081722432065 0.00018343695509099813 0.0003483394683592244 0.0007007723828755687 0.0014387386188689014 0.002937673222080753 0.005859960091991867 0.01124247070977595 0.019825305323991134 0.031531572667347296 0.04535690120641757 0.05974874108821895 0.07227763371578652 0.06570323463229055 0.046476014827423244 0.03381901621919799 0.026399407175774763 0.022376959755479202 0.020646900407198587 0.02037336487378223 0.02128394649036862 0.023274621323800572 0.026212623128039885 0.02972494158617619
0.0026038694057427232 0.0022871352123821783 0.0018965371144026746 0.00150057362397978 0.0011437418809721004 0.0008471199920100945 0.000614767760451377 0.00044093052715986494 0.00031562921850084225 0.00022815830343511726 0.0001688983001383925 0.00013002409889099195 0.00010626222310663632 9.67456110829361e-05 0.00010140104352536207 0.00012423996291727717 0.00017453569162537754 0.0002743181853866963 0.00047029713850239494 0.0008590891535863878 0.0016349222951827047 0.0031277627199894713 0.005882994607899862 0.010705344315537014 0.0185724844649992 0.02989426062819559 0.04303864286364099 0.05475211377622243 0.06122073502972851 0.058531619603741286 0.04855080556731158 0.038904167008379224 0.03210506967610881 0.02795450779859435 0.025564628502149505 0.024484133397863695 0.024420324705352776 0.02510834316360369 0.02622107499091602 0.027268314113360174
0.003219824862841571 0.0031110112734738576 0.0028180824950306406 0.002416480622945707 0.001978493968531577 0.0015589112583274025 0.0011910660907775178 0.0008894666133146612 0.0006550876159981603 0.00048080306006736354 0.00035802142924967127 0.00027773444696880433 0.00022883081984125306 0.00020349599616936297 0.0002019262038344598 0.00022949192621157002 0.0002948949440092186 0.0004207638611288171 0.0006534375983698814 0.001082797301683279 0.0018793271737886535 0.003341651386312077 0.005872831102867092 0.01000988967164926 0.01626981824318401 0.024765624299084583 0.034522238321696326 0.04223112326937761 0.046443059418078546 0.04638243550054931 0.0424015453824387 0.037168168905448044 0.032565389344117936 0.0289581095657845 0.026404476177804035 0.024750448648693923 0.023768961405858446 0.0231963179259955 0.022722308471841302 0.02198674172544632
0.0036760200319505124 0.0038113827584392093 0.0037259886233013072 0.0034476861323542557 0.0030324650328110553 0.002548302891010722 0.0020591657054370325 0.0016136002371695576 0.0012398866292022213 0.0009473190538493586 0.0007314917894784932 0.000580824583313885 0.00048206264400843947 0.0004237221392271151 0.0004012184962525883 0.00042431798625498676 0.0005012527919298969 0.0006524651214383503 0.0009209629412988359 0.0013861377447213312 0.0021878828552071143 0.0035641887761437645 0.005819449580489957 0.009224035479369098 0.01393743980410096 0.019684568467922835 0.02539713279281794 0.02957084280708502 0.0323414852305256 0.033477651374269154 0.03264504949518398 0.030427418793353884 0.02770698079867853 0.025125331274685185 0.022940872035564674 0.021174554074213 0.019726523888015435 0.01844372357190503 0.01729263934999572 0.01621777223682019
0.0041310311068154856 0.0045698414488621495 0.004777785705701475 0.004733042455657471 0.004457256362788463 0.004004739839124479 0.0034483894334227825 0.0028635105743130673 0.0023134112066898927 0.0018400760626692263 0.0014620394284937043 0.0011789537542950487 0.0009795575751619689 0.0008491580703198408 0.0007767846064870038 0.000775521815749954 0.000848690416787731 0.001011769319091332 0.0013023285617762507 0.0017841265277944876 0.002562755245575385 0.003802431532944828 0.00572481653395862 0.008411230741318394 0.011783818737134449 0.015437266793076531 0.01856324604051682 0.021038485399426984 0.02259266868742985 0.023249592397022713 0.022952622071778696 0.02188325915860008 0.0203875454988586 0.018776023423128074 0.017242446884684688 0.015873795799093048 0.014686615389999358 0.013658289246615376 0.01274807092374803 0.011911653972369296
0.004615621581290359 0.005333879496382602 0.005977612354016804 0.006354985206540556 0.006422779401525701 0.006181654033094804 0.005676534363124084 0.004989371340707845 0.004222845924970375 0.003476126860397817 0.0028215428774301544 0.0022942190256212635 0.001897700714382211 0.0016175709301414424 0.0014338378910259317 0.0013562719091881237 0.0013925237939335063 0.0015424405117604085 0.001827074252166567 0.002289957252579272 0.003000948982251138 0.004060684330001972 0.005595848768999695 0.007617864848303952 0.009899247608049357 0.012050062433350424 0.01391205484725172 0.015449480915378724 0.01633093166334129 0.016505047168666916 0.01622229980428689 0.015550636704077778 0.014631496768908282 0.013612585598035302 0.012603448384795074 0.01166618418113281 0.010824741182052284 0.010078492356669584 0.009414089239003153 0.008814697932319185
0.005143710784854044 0.006071559758870555 0.0071853491464085335 0.008213036907092098 0.008928566865586749 0.009227870936314195 0.009053454701679437 0.008422591076170681 0.007446002747745209 0.006306279224088248 0.005190509982562444 0.004225519916818741 0.003461125887102012 0.002892772757948949 0.0024915107316794563 0.0022395671070016276 0.0021609313786590204 0.0022336996678537072 0.002454963494711676 0.0028418425384701814 0.003427514796124755 0.00425616683401862 0.005372630536055974 0.0067593312595138465 0.008133876032256938 0.009384117907567149 0.010563608550682583 0.011502179388812215 0.012026485349809407 0.01203073927986074 0.011716787627582919 0.011220475817946387 0.010599630403542813 0.009922046622881769 0.009244469291356828 0.008604277797335512 0.008020455013966633 0.007498621901553223 0.007036766784484343 0.006630311286269085
0.0056850953411735055 0.006847002373474041 0.008296528673540091 0.010044108138943198 0.011769482165465481 0.013104941883139142 0.013787622315097338 0.013603731940361937 0.012534543352524965 0.010850012560511994 0.008977635647529835 0.0072612920698974254 0.0058595051696354915 0.004791093756804284 0.004010826974031607 0.003458759604854956 0.0031427932656603796 0.003040737258888866 0.0031115753039598873 0.0033388635142556013 0.0037197016436301203 0.00425519173988158 0.004939437877236738 0.00573640011840407 0.006548316830216976 0.00737209974544653 0.008125256331727568 0.008708388606795979 0.00902814524044598 0.00902708331434122 0.008723562058817007 0.008310214385342487 0.007848414075287972 0.007367453834230517 0.006894588640260142 0.006449913230213494 0.006045476184880713 0.005686873007274006 0.0053757793237541466 0.005112546252989822
0.006195708515514796 0.00759880010046147 0.009404825907707857 0.011678442548357686 0.014433784658151918 0.017372974731775417 0.019728273121364187 0.020765259976764594 0.01992150679449041 0.017463375984609664 0.014362163262579374 0.011444666054852514 0.009059224670402863 0.007240056453690934 0.0058998977641738105 0.004928973144113738 0.004247698002696134 0.003860795031092785 0.0036933433442667913 0.0036893104319600098 0.003812940346327896 0.0040358737363350725 0.004333549863232613 0.004783917659573411 0.005334293530223487 0.005878180435438953 0.006363243044088602 0.006731163014507235 0.006930174887593718 0.006929517107545223 0.006729294573559939 0.00637638909849267 0.006002300312364985 0.005636018789573537 0.005288768730862187 0.004969887524543354 0.004685796121429069 0.004440344228334618 0.004235871900730424 0.004074533788682255
0.006620916785185416 0.00824079766541707 0.010383637465719209 0.013185296998059273 0.016768491784903833 0.021147594434811425 0.025955351197982885 0.02955246362717707 0.02956336328598355 0.025819965856162194 0.02077731550604361 0.016190463873636263 0.012553441635827892 0.009824055269502264 0.007820682718810189 0.006359406969979257 0.005290553922053308 0.004540514401873818 0.004079542519430533 0.003811657623744103 0.003672160606707831 0.003653406655145584 0.003778832172964345 0.0040522977784305135 0.004422189489701946 0.004781317319141219 0.005095740215188634 0.005330627682642596 0.005456413281777906 0.0054559989792946776 0.005329442549668795 0.005093941132215038 0.004785122621354086 0.004485767836618221 0.004215208835740583 0.003976253208440181 0.003771390518861256 0.0036027007892682084 0.003472279995673014 0.0033829692978529177
