_RESULTS/CROSS_VALIDATION_POSTPROCESSED_80-20/MHZ/GZ/4comp/5/MHZ_GZ_z_125_kriged_reverse_4comp_spherical_5.asc
ncols 100
nrows 74
xllcorner 5.5967023332191781
yllcorner 50.982320383219182
cellsize 0.00019249356164376555
nodata_value 1.7014100000000001E+038
[rows 40 to 59 of 74, columns 43 to 85 of 100]
19.96057793114986 19.74486618489619 19.46304038425307 19.11333705164685 18.719656690275222 18.29049774934195 17.83631405739004 17.40815600094891 17.08833359827916 16.95772801314928 17.000346081351253 17.163232277039636 17.400504810333842 17.680077502263412 18.01642088497917 18.401037237423022 18.81944216720171 19.243645375507253 19.663408417046423 20.096023726632055 20.578788886587077 21.074302871885394 21.474275929895803 21.644780124241905 21.525412381187916 21.264728530977052 21.018908663711127 20.823634490723183 20.687756341519766 20.614333059792333 20.604786342163365 20.668276670518182 21.07337470342999 21.643105240400796 22.19246506582647 22.682772242742722 23.103395806651804 23.44758932406208 23.693342010301098 23.812967576149912 23.774817979059478 23.593746646272773 23.30341029350916
20.036882814880975 19.80894715199059 19.511597790315925 19.15416871447972 18.741475397902377 18.27472661104196 17.75155018561132 17.221964914057615 16.822612118348268 16.732131932475106 16.890600045104325 17.158097661919264 17.468642362136702 17.799446618017676 18.14301402633874 18.517065789287194 18.927933451722133 19.35366198575185 19.786889897390335 20.23931476095438 20.7249657386119 21.22022976514304 21.653488003122366 21.85746682237423 21.607374115676357 21.250415964488315 20.927428231297483 20.67702549756108 20.50488644892171 20.416781789687278 20.428394257724985 20.571327248519555 20.89664394505813 21.33232943103134 21.75992216421741 22.137369417379933 22.457290409218558 22.716503745249096 22.898519226083465 22.986076529870765 22.952306612350025 22.80847522829747 22.578878542601263
20.17265629379933 19.944125812155704 19.649790105640815 19.302685862910934 18.89612033966115 18.416050406291507 17.842847464043565 17.191499407859723 16.588434936823273 16.627255746991874 16.954466076254473 17.307633807209463 17.66858497373359 18.036369529203398 18.41146023476698 18.794732947671775 19.191147523387766 19.60603030617633 20.03112000666366 20.470454476261672 20.92625606256969 21.38437774793531 21.777582177237477 21.945599543225676 21.671695318823346 21.297563834026768 20.931091265401687 20.644998958368795 20.448069038101195 20.351115136150376 20.36821152494944 20.49413798485525 20.718526248170456 21.007696601991768 21.31320911068908 21.583984711891834 21.814275113010854 21.997122055977297 22.121537878684823 22.176021554122652 22.13678154482164 22.013871246276803 21.826780874742074
20.359360654816573 20.143936773085123 19.879882308695468 19.569049063483025 19.201410379205512 18.75313528649355 18.198401389999407 17.54352296726833 16.92652309091435 16.96932191292145 17.29636952556073 17.648794396281545 18.012566879324023 18.38715607076835 18.772628783021798 19.168945490766244 19.576548800593795 19.987229382320894 20.388178900874575 20.788844149449066 21.18696914191078 21.563389220140593 21.839215061881458 21.90496846156518 21.710518724717474 21.387534958109693 21.028912081063737 20.723660187645237 20.510726000340572 20.393045840790098 20.361400471515136 20.403153673402564 20.522214250885604 20.689739853395206 20.870094405816698 21.03858220534202 21.187729035311694 21.301500120309978 21.37281848004446 21.39222682029285 21.339023868753696 21.224036805458812 21.064768577746488
20.58591581241486 20.40351805481321 20.18986856311673 19.94370194823135 19.65167145355664 19.286862380847065 18.823105876915157 18.294127591897542 17.86744133847837 17.757471394077996 17.906557290125633 18.170048241004924 18.48768909522182 18.83829868193123 19.212280257741497 19.60380988905856 20.008641515308685 20.418473813685615 20.811402927676987 21.181912765078348 21.521887232322516 21.813869240471856 22.00121221163874 22.011888925767742 21.832293568346067 21.54811764829362 21.218744283875658 20.888512515791664 20.631689123888638 20.460846845422886 20.355367409802145 20.30995462715437 20.32380932109527 20.384963397848445 20.45591376217638 20.52369068444378 20.588762738430617 20.6385228253615 20.661060712457306 20.643044053890307 20.568438442991233 20.450227203423694 20.3061879929389
20.855149350544345 20.718825470841644 20.566764965106955 20.40218637321238 20.21563123747658 19.975844399823778 19.62897378988643 19.19658387625443 18.8147417144055 18.62680478988021 18.64372339590602 18.803787618420255 19.053742438514963 19.361719113761627 19.70868270004659 20.081726429187533 20.470683738887843 20.865324652360837 21.239025382302124 21.576483390914582 21.86616606357988 22.092273260341706 22.217437557134378 22.18445696327902 21.994161815092266 21.722256102257646 21.407325478414528 21.074792288012905 20.770591417072534 20.539124622457255 20.357936212588505 20.2280181062589 20.14568583241921 20.10455723620754 20.08256150325983 20.06784507005978 20.054611013590737 20.03380172845633 20.000727168423825 19.937806178554787 19.834293919721407 19.70247596714194 19.561781137258286
21.15232448186615 21.062352169362267 20.972652417150552 20.892252675956556 20.82423377437894 20.74726356112962 20.531361159707497 20.107471973479 19.704547194759225 19.458148536605485 19.391587900044215 19.471534131032893 19.658488371386028 19.920676437884786 20.234612263801957 20.58212200731842 20.947741809391438 21.31704798990797 21.66619966157766 21.96766406313739 22.208522815575552 22.376333349287552 22.446557296268736 22.37029500257176 22.161398286339452 21.890426572826062 21.581941426918235 21.256540102562134 20.933309981223275 20.636103757652926 20.380659999103383 20.17036513840746 20.00071768405066 19.86646532419349 19.765940897054886 19.68265898581669 19.603345883199825 19.521579122623915 19.433124713555706 19.31572048826368 19.167908968955906 19.0051962833643 18.851363147094656
21.441470419219566 21.390567432900948 21.34954903155556 21.331263573531096 21.35081419166704 21.42954254349157 21.430428283974496 20.873229906846177 20.453489302267727 20.18542182070062 20.07897026061702 20.111112192172 20.253022659167137 20.477489735492433 20.76093854509609 21.08263358352285 21.42333477727936 21.764377428290242 22.0852389798371 22.351807488265436 22.54660039162973 22.660526632580442 22.67718866840212 22.5542651942179 22.325245672448645 22.048158468527916 21.739556884917558 21.416524717728286 21.094933761821917 20.761281522951013 20.43465833185723 20.14901168803536 19.900521649927004 19.686782515101818 19.519923122951976 19.380390228490032 19.24667076372544 19.114022926425513 18.974111362955657 18.804250318650432 18.60866479773574 18.403487959709892 18.21883431179411
21.702278809225454 21.678352173309058 21.66430080970706 21.66913414691746 21.697686386350597 21.735600620855912 21.65302401724777 21.331311351333387 21.00503817721911 20.770162839489632 20.66457570779419 20.680511182684715 20.798700171174143 20.99863551521471 21.25950831297157 21.56029737587238 21.879381866074382 22.195034007977345 22.48524570307645 22.720718628327514 22.87222289168252 22.93363055418426 22.89435061410233 22.72176004713988 22.474227618881727 22.186756888995 21.87371117322374 21.549585375744858 21.22634901983171 20.884441758956864 20.52723729545314 20.17476444020648 19.856086994438083 19.58292362821862 19.359260659413753 19.173274700589392 18.996446017493763 18.82362700698138 18.63630932639958 18.419762377138063 18.177659132511376 17.922103325057655 17.684142293654265
21.923932475536596 21.914572076436976 21.907708244137925 21.905838897233625 21.90187265196817 21.878445052008086 21.78780652697772 21.596722303923507 21.381581666222317 21.216499160669073 21.133253588399732 21.155619881705025 21.26817893278653 21.456515166894754 21.70431549318225 21.992035291841553 22.295857190793704 22.592181767780424 22.857504202289906 23.062904204450852 23.17352783822112 23.18046734370809 23.07948567981208 22.86262201690759 22.59528533146476 22.295535553622987 21.976126290145704 21.649363718879655 21.32387326604304 20.9767518558428 20.61220044360933 20.242591875628868 19.88627644740159 19.566544816843027 19.29730652484 19.072943502932116 18.864011797384016 18.658401403257766 18.432131620740286 18.1800583143307 17.90239840714617 17.602939936882898 17.29468364094621
22.102138523688375 22.098187544360908 22.087088560126368 22.068204602309113 22.033356278551192 21.98398501291025 21.90554623267181 21.781695911951388 21.645135124233374 21.539106087177753 21.49243598611769 21.526213718884474 21.643906587606278 21.828346664870104 22.068329809386185 22.35036406010987 22.646755327706312 22.93133437783307 23.186375787772633 23.368037983019594 23.43555557365132 23.380823339323847 23.209979084624074 22.96063939958001 22.674121457446503 22.362961489977497 22.037880604402716 21.70909462378219 21.383125559265352 21.035208977996223 20.6686847788152 20.304519650850423 19.957578259922222 19.634284146723587 19.34283657278638 19.08999693378714 18.859225338082936 18.623867682278963 18.37125223921285 18.099470436776517 17.808336965977475 17.499794822891175 17.179998008614458
22.236694624069585 22.23296555447586 22.213571623457206 22.17845124683597 22.123770505432212 22.06530383132132 21.99972070433552 21.915315317432118 21.829529433348878 21.767456652126974 21.74380200196733 21.774182215772413 21.878775244949512 22.048068034773234 22.272276981908256 22.54323784208133 22.835264736465152 23.123860056146167 23.402365640779447 23.60529337262347 23.631506567461248 23.502817447528233 23.270989823776624 22.99677857137114 22.69598169264982 22.377766854727696 22.05047489498054 21.72242806237849 21.39947437211343 21.057539546415143 20.706251330447177 20.360418454819104 20.029797952938257 19.72061966584585 19.441253342058772 19.198288477446805 18.96495781478493 18.71629854332432 18.453750052986777 18.179697729906678 17.89832601012888 17.618823482011525 17.36649411371019
22.32889641479566 22.323102956117474 22.295189598312334 22.247695710402997 22.18148725615852 22.12014184559384 22.063686417625775 22.00277134766085 21.937442502134903 21.879333304545778 21.849131325200304 21.86292690455915 21.935859554675822 22.082921244708587 22.284074599501857 22.52981318608946 22.806330196534564 23.10185043093206 23.406677222114354 23.68825610084488 23.659503225194385 23.457428009815292 23.223716529464628 22.951788288856484 22.647744634372653 22.330503535736952 22.006972268837625 21.684287511612666 21.373537747623036 21.05661475361482 20.731402837424582 20.41050233462443 20.103074805333375 19.81551540981753 19.556492888273134 19.328536129381092 19.0989608594686 18.85521710712411 18.600658544442176 18.3401136997368 18.081579059569545 17.839773125356267 17.648313777397235
22.37998130580872 22.3712902946751 22.335885863614287 22.279753057512565 22.20697882546024 22.144233610557695 22.0880298177857 22.01333361545255 21.930837986663004 21.85755235600066 21.81013118473844 21.8026296755877 21.84542094764074 21.948493225652346 22.112743256372173 22.32557594596854 22.57454695630809 22.84656751351759 23.122438370344355 23.343671247021504 23.342321013448263 23.1983472995792 23.00586437159703 22.779204327364464 22.516325543906245 22.21577276682065 21.907682412718422 21.606355710840226 21.320791251334192 21.036842928792044 20.744061118075933 20.45461685779672 20.17689483804486 19.917921969192303 19.682630030467678 19.464739638094684 19.244546311548955 19.012087955841952 18.772134194751207 18.531251623702914 18.30004088649278 18.0997028703517 17.95437721621332
22.3903780170935 22.37839517638619 22.336575759863813 22.274688422681752 22.198378411112024 22.124751165982065 22.0326748289497 21.924657037810587 21.813505346714336 21.71355462983604 21.638889334700135 21.6019523700359 21.612618024605705 21.67762543971984 21.79524015343148 21.95924823334225 22.161171023085245 22.384228981486842 22.598485405006702 22.75068343152926 22.808466985081104 22.760771358481385 22.642707919005105 22.47877633892329 22.277579880946405 22.04220866178447 21.773858439656028 21.50163702381979 21.244482436324585 20.998489436854946 20.744277825881827 20.492387824732113 20.250317299705276 20.020511473592908 19.801853658321324 19.59921123737839 19.39263236817202 19.17546401037031 18.953655825229472 18.738365114595233 18.541790443579867 18.378282920707868 18.26441738220775
22.359450975354616 22.343681448440908 22.29619443205218 22.230635883216994 22.144587070811344 22.027825496462697 21.8910286175034 21.742410509482895 21.593889530803338 21.458178025907497 21.347748752008837 21.273980801646474 21.24640905614228 21.27203443294374 21.352099664444072 21.469912668041804 21.6195213932632 21.78945954967103 21.955871727117508 22.108980382604766 22.212747230895527 22.237322429147806 22.197284000608768 22.107462880388585 21.97652557156589 21.80893945476917 21.60722602477229 21.375325524382912 21.149166757057156 20.94244271316995 20.73239103233197 20.522495729654583 20.311431747916508 20.10392547138023 19.90670786577555 19.723854170366696 19.535287282686607 19.34008363706174 19.14560635067333 18.960540956247762 18.795100934805564 18.66084121862443 18.569574828298094
22.286889869113022 22.2647517016192 22.212005930171976 22.139446753582906 22.01865711516223 21.853029930991593 21.66758863007197 21.473231402492658 21.28112584682974 21.102885371198205 20.950007675039323 20.833352274939823 20.76251647234658 20.745061937076855 20.78481753499312 20.867027808457173 20.9795086584287 21.120948451716536 21.289503024306473 21.465178130739034 21.601318753841824 21.68394093880772 21.714393813575867 21.698063105943714 21.639943696403844 21.543607054375254 21.41156563492464 21.24577674841528 21.05439457525673 20.879593171164636 20.709599528071106 20.531217554362744 20.34884312782328 20.16987869986232 20.001771187822552 19.845841340993296 19.68167477663243 19.512384690977935 19.345075893518796 19.187728457707237 19.049126149914073 18.938443867774055 18.864301060919562
22.207821803081874 22.149375834197752 22.079531126937614 21.976751416891783 21.818368128102378 21.603983713399924 21.368157472073023 21.12531948484491 20.88584531274677 20.660535918851654 20.46037063979396 20.29620369959786 20.178236903835273 20.115179655379308 20.112964268312297 20.1679252886409 20.27670598984451 20.43445118777976 20.62991512947562 20.825487387680795 20.99598755987534 21.130673014390613 21.225033128673445 21.278466773530326 21.291923556661054 21.26690286291546 21.204276171257998 21.1044762553418 20.96754717497797 20.812325205149936 20.673717569404708 20.528552010915135 20.379044038284945 20.233002184961492 20.0980919653274 19.968686095848177 19.82915275727995 19.685247808817717 19.543608247443267 19.411371219954162 19.295982713456556 19.204767274523473 19.144207629607415
22.129131078046015 22.03200316327511 21.92014763720918 21.760878014839886 21.55059052308749 21.28766480343728 21.000520269048195 20.70885372127703 20.420549455848683 20.145677177449127 19.895041235635432 19.680869337403376 19.5170150240498 19.41720861150607 19.39378544831654 19.444757171894924 19.562488096610366 19.742803167626306 19.957215769554345 20.17895529869278 20.391052789697163 20.57998705625997 20.736801607979633 20.856557508818874 20.93702530792689 20.97744967388607 20.97771100836785 20.937852555622747 20.857839507930287 20.73913779950824 20.623536901828007 20.514768954210176 20.401382175950072 20.29128388412768 20.19145678874428 20.086309421281484 19.97114008089057 19.85170233107087 19.734078163992113 19.624571336979418 19.529484350376418 19.45474332660021 19.405373248205578
22.02477772160682 21.903685002054697 21.747943292637547 21.538574894437904 21.27471698579154 20.962709335877822 20.618363904024566 20.271795047429105 19.932009868699115 19.60813364995788 19.31122424629841 19.054449438144577 18.85294378443493 18.72301324249958 18.680326244049912 18.726948086022247 18.85624043654421 19.04782919882554 19.2802597457505 19.53415510520261 19.790261003531246 20.032305005830516 20.24827455593114 20.430311738508465 20.573828185955275 20.67643205652569 20.737016033484135 20.7551112264791 20.730474434599998 20.66274506246362 20.567289388051794 20.48901503984463 20.414234015745677 20.342385347354167 20.274332464039936 20.19299788729263 20.101627914320062 20.005577472799022 19.910362021729348 19.821526651604334 19.744432529449043 19.68395151970485 19.644087257039374
