_KRIGING/CROSS_VALIDATION_CLASSIC_80-20/MHZ/IZ/train_2/MHZ_IZ_2_train_z_90.asc
ncols 100
nrows 81
xllcorner 5.5967107548124995
yllcorner 50.982328804812504
cellsize 0.00017565037499993607
nodata_value 1.7014100000000001E+038
[rows 0 to 18 of 81, columns 0 to 41 of 100]
0.59354441142855696 0.55115224354150472 0.52100869800813976 0.50536868144395652 0.50526972620918487 0.52021615515036979 0.54801901201305403 0.58484123779444397 0.62547207513471859 0.66382112816937544 0.69358598851887299 0.70901423072004854 0.70565737596980094 0.68100641097021286 0.6349084937545223 0.56969219471202448 0.48997017196678205 0.40213681467425511 0.31362565642943918 0.23202878363766044 0.16420128473730977 0.11547440563136235 0.089081801962129115 0.085868200904731795 0.10430580556715374 0.14079903286686979 0.1902202783007565 0.24659390440563 0.30383514541227175 0.35645459923333334 0.40015441501237337 0.43226470296255337 0.45199335735279689 0.46048539475542183 0.46070639043701689 0.45717741037483461 0.45559595149680143 0.46237957733345636 0.48416733205696383 0.52730994533032338 0.59737466033642961 0.69868558472606013
0.56384818482290233 0.52248308199409121 0.49539743507703748 0.48514003948850293 0.4929128249509972 0.51821500548950128 0.55865600438672691 0.60999223881505615 0.66641535750696279 0.72108310653183538 0.76684415885157742 0.79707190562308605 0.8064964546111909 0.79191470991245294 0.7526685924020361 0.690810851489155 0.61092242031052935 0.51959762030234857 0.42466462692294227 0.33424932824423992 0.25581375888318836 0.19530177806740867 0.15650487058091778 0.14072420764367455 0.14675872133947121 0.17120153377418323 0.20898667936755877 0.25410053141889732 0.30036043847425986 0.34216629439102009 0.37514599757910172 0.39663839459485828 0.40598249200292169 0.40460536471074515 0.39592054339230465 0.38506243561671682 0.37849042990345783 0.38349944035257166 0.40767287821802733 0.45831068698069832 0.54186056527481175 0.66337631473651382
0.54569730785692483 0.50683082528179069 0.48421366292828016 0.48064940200853579 0.49747561811263308 0.53417167784733832 0.58814661144778346 0.65476725473521424 0.72765768090705618 0.7992620381144947 0.86162012696042944 0.90726579887897196 0.93013014441188202 0.92632073149919536 0.89465831928060469 0.83688321506645325 0.75749045337750365 0.66320856044428689 0.5621911545334658 0.46303430422265934 0.37375767354375566 0.30088986691835318 0.24877831382800442 0.21920602280129065 0.21134923681746653 0.22206044030424388 0.24641868826456181 0.2784599599772617 0.31198704627062301 0.34136087055165809 0.36218994924557257 0.37185723208167498 0.36984890143676619 0.35787371775454735 0.33978140288780379 0.32130303116022396 0.30964530402633528 0.31297454522330426 0.33982632193101403 0.39847406760645687 0.4962864363205588 0.63909997997779056
0.54002549154953472 0.50504487054779135 0.48812866855536841 0.49227954998018963 0.51892987121314282 0.5675187779931411 0.63525861913996662 0.71715522961869682 0.80631614488103887 0.89453988363737158 0.97313420601631628 1.0338695221714 1.0699434542111086 1.0768206094171986 1.0528216454443426 0.99936746559175604 0.92083340398222935 0.82402649254757987 0.71735619876392354 0.60981518296662462 0.50991350806265545 0.42471296721786478 0.35908802461189493 0.31530096842863242 0.29292917453604461 0.28913117760340057 0.2991941886181716 0.31727506259893923 0.33723244197586044 0.35344938461017239 0.36156001866553689 0.35901592429592 0.34545308261339025 0.32284422829359893 0.29544153579059651 0.26952943533626228 0.25301681967652345 0.25490254408594759 0.28464895406185309 0.3514964986887017 0.46374986470608126 0.62806426172251384
0.54673245448365149 0.51681120847969753 0.50652475641175376 0.51900532568199986 0.55572911681428516 0.61607017117879115 0.69705051776456839 0.79335452538782947 0.89764396743331465 1.0011678902475309 1.0946142848198206 1.169106897456212 1.2172186915775767 1.233860485166326 1.2169131039139593 1.1675038425106721 1.0898785303120602 0.99088072552772422 0.87910900144351112 0.76387136242801412 0.65408410134766493 0.55726634897335925 0.47876141433511987 0.42127657792710538 0.38478240045308121 0.36676036367725728 0.36274257677959987 0.36705572998744784 0.3736664090012608 0.37702577651663194 0.37282523387933153 0.35859625931165018 0.33411226076333367 0.30157390383393812 0.2655792741156795 0.23289511630178361 0.21205508636879933 0.2128160157455945 0.24550461890305342 0.32028621168735916 0.44638550538251798 0.63128931168970637
0.56458430114458069 0.5405643594757098 0.53742854951766839 0.55835953262881899 0.60481934379205204 0.67608897798638379 0.7690088964495766 0.87799056336434711 0.99533716164337382 1.1118682885566717 1.2177951300160255 1.3037476528123684 1.3618223903731448 1.3865056590216931 1.3753366634130446 1.3292078213406626 1.2522510992378983 1.1513206846724322 1.0351431645173252 0.9132556972234539 0.79488183884919505 0.68789908316956472 0.59803207294998051 0.52836574317938767 0.47922163197318157 0.44838788101884208 0.43164792625746073 0.42352092638090866 0.41811150073479453 0.40996676741020088 0.39485169911505735 0.37037471479400963 0.33641933195001072 0.29536062488787962 0.25206455281616846 0.21368271575214792 0.18926463057729248 0.18921476962421635 0.22462339591231761 0.30650005943311065 0.44493826249537916 0.64824131775251437
0.59121712634409407 0.57351775341059896 0.57757802009420034 0.60654752310078341 0.66181262363738413 0.7425317070907308 0.84537384183789432 0.96453178909014203 1.0920481584123487 1.2184497743541522 1.3336364854953671 1.4279250907251186 1.4931155533191744 1.5234325758009359 1.5162051447745335 1.4721797430365515 1.395414859357863 1.2927665787535532 1.1730365017938331 1.0459030646721899 0.92078681267642126 0.80580469371938557 0.70694831404601588 0.62758134209860861 0.56830021208046089 0.52714965066804342 0.50013919082427172 0.48197504349893083 0.46690627137157559 0.44958446540246555 0.42584871917827838 0.39336789936701144 0.35209522400875704 0.30451210038432686 0.2556565476172723 0.21294521963714153 0.18580699717905369 0.18515097062024366 0.22269348229318475 0.31016923197673474 0.45845218257762399 0.67661533982836941
0.62324372081166091 0.61180988422244942 0.62261700648678209 0.65869948056692917 0.72130665090868573 0.80944414130459419 0.9196192873444321 1.0458610315414876 1.1800525587409771 1.3125713386653788 1.4331825404254777 1.5320863579217554 1.6009864087214711 1.6340324018633914 1.6284999381030185 1.5851035096009212 1.507890761897801 1.403728199964758 1.2814498252551607 1.1507897297270389 1.0212487970859292 0.9010498408577593 0.7963151871904367 0.71056099541894768 0.64455190444469268 0.59650755648734222 0.56260793945623033 0.53771344121355547 0.51620064449836167 0.49281537565365408 0.46345692136347372 0.42582691292735475 0.3798984218740874 0.32818155812625738 0.2757789687945793 0.23023712920663786 0.20120726749222428 0.19993391627986745 0.23859064417299236 0.32948311001832242 0.48414126442014638 0.7123276416490204
0.65645071845417335 0.65074917678623245 0.66739475274649285 0.70923145919131547 0.77731367645618865 0.87046377749555714 0.98503341831372493 1.1149367972306314 1.2519923432437905 1.3865662065085929 1.508462960705081 1.6079643516679938 1.6768843921744092 1.7094958465751096 1.7031932863896864 1.6587912433242304 1.5804077486068251 1.4749450619166118 1.3512397887155159 1.219003038704453 1.0876993220266633 0.96551618613540968 0.8585557929566624 0.77033995314899195 0.70167000062976637 0.65083188015447202 0.61409350905358051 0.58641175449358263 0.56225260932394538 0.5364293104770067 0.50487566787289129 0.46529100338019969 0.41761418407761608 0.36430365479746596 0.31041596099847213 0.26348620903753539 0.23322047157754144 0.23101320934371317 0.26930369948339683 0.36078601437052626 0.5174894994662903 0.7497534312218761
0.68606498104820834 0.6851308691957273 0.70633742260788812 0.75227492522549377 0.82375055561134614 0.91937178685069865 1.035332740680452 1.165468324594481 1.3016093878498929 1.4342298363813222 1.5533299279504988 1.6494569194035136 1.714733280148399 1.7437508038854879 1.7342000241489708 1.6871380051163087 1.6068489607218077 1.5003126146428056 1.3763540256315372 1.2445951907595119 1.1143549453784041 0.99364549517081036 0.88839223852180316 0.80196375772236939 0.73504942306310184 0.68587241017921741 0.65068440341048717 0.62446041994410695 0.60170008587743407 0.57724401557602734 0.54702696585218014 0.50870835193890851 0.46214092999273848 0.40965649856127706 0.35616137034964213 0.30904352689038317 0.27789822698614697 0.27408047925911672 0.31009273738455301 0.39881637976389317 0.55259836331057621 0.78221248457164172
0.70706505541466791 0.70959611292174818 0.73385551628801815 0.78213189058953547 0.85493971016542092 0.95063669214227742 1.0652442685621817 1.1925311699116385 1.3243886441931683 1.4514844226859549 1.5641374346600077 1.6533143465078646 1.7116203524059723 1.734146873347497 1.7190514347885819 1.6677793330165938 1.5848877355391715 1.4774919745657029 1.3544104600396578 1.2251286332227969 1.0987259830834009 0.98290979233927744 0.88327623067251648 0.80287927968248096 0.74213923735121134 0.69907449865678906 0.66980096261451905 0.64921795758225442 0.63178965431041589 0.61233490817501035 0.58675239846229477 0.55262692913895817 0.50968227755344697 0.46006269959269408 0.40843734987679248 0.36192909406848395 0.32987213693732742 0.32340285556654025 0.35488692491361373 0.43718536266909025 0.5827650088517804 0.8026678775059124
0.71451609622343637 0.71900680419634744 0.74475544044628472 0.79371837995426409 0.86607815680524458 0.95990143337551836 1.0710023250469729 1.1930651407866757 1.3180488019617196 1.43685455419303 1.5401952792630893 1.619566399373888 1.6681927384974293 1.6818188528487892 1.6592252440337982 1.60238843034197 1.516253786078241 1.4081477291254241 1.286909945396314 1.1618670934591784 1.041789671854715 0.93397046718899934 0.84353797647717721 0.77307732035838705 0.72258298045243652 0.68972132882804782 0.67034404049296181 0.65917082074519751 0.65055262041428186 0.63923261655565777 0.62103749788464702 0.59345101603659811 0.556040833914213 0.51072524247701823 0.46187677252853765 0.41626498332655071 0.38284166288039168 0.37236982810387098 0.39689515627640348 0.46905706427549876 0.60123919321595043 0.80456830694152237
0.70391292135845995 0.70881730044494728 0.73463275424380325 0.78297018234258642 0.85364524099062888 0.94438161908502705 1.0507255845267687 1.1662188855615547 1.2828444029007982 1.3917187153156549 1.4839642276571916 1.5516581691629523 1.5887338399506281 1.5917064186798364 1.5601137336613111 1.4965999428770007 1.4066213821468161 1.2978101895088872 1.1790826212411611 1.059615946112785 0.94783394974057555 0.85053412276183982 0.77226189865661909 0.71499515500207023 0.6781542643257551 0.65890824822591376 0.65271334427087646 0.65400076130600027 0.65692622556790947 0.65610261144483795 0.64725398249698241 0.62774959615757575 0.59699535432211526 0.55667477864764858 0.51084052306989169 0.46586084361337476 0.43022446289243255 0.41420359459460099 0.42937056985848598 0.48796088612732402 0.60207725940177603 0.78273819669395917
0.67152276561144075 0.67543263735953063 0.70023489153713869 0.74719720145167601 0.81573444677223994 0.90316014308952253 1.0046602860933995 1.1135288994326697 1.2216701543628832 1.3203315127851873 1.4009924068888184 1.4563008237411359 1.4809325662521959 1.4722496185561664 1.4306563773083965 1.3595930161926317 1.2651576736684549 1.1554045397090547 1.0394133692526855 0.92625870961974088 0.82401848168685488 0.73895007344796715 0.67493089911999016 0.63321627292640359 0.61251931658905157 0.60937431248754936 0.61871333414556851 0.63456980085921255 0.65082186986314283 0.66190027835382936 0.6634044831249265 0.65259239026049387 0.62872812565451042 0.5932862782525129 0.55001874839138754 0.5048921419930007 0.46590092952229756 0.44275620611105382 0.4464439858106718 0.48864293624347044 0.58099200106225557 0.73420626987451743
0.61472334549509389 0.61654824202510594 0.6397881102530375 0.68538147970469898 0.75230545184182718 0.83737638864051467 0.93529100153481559 1.0389386908902112 1.139978752404994 1.2296346221464234 1.2996185379290301 1.3430711287628105 1.3553877734642186 1.3348109448210128 1.2826955475871247 1.2033989330402319 1.1038017873620727 0.99252111263133391 0.87892225333796181 0.77206515931878916 0.67972597156816705 0.60761813935045283 0.55890165217884424 0.53402209033866954 0.53087224484093809 0.54522681354254654 0.5713716621292465 0.6028364256385238 0.63314222022744626 0.65649132892911488 0.66834759613374206 0.66587936520075297 0.64825660685582098 0.61680765964996975 0.57504786165354271 0.52859292868342533 0.48496579438330101 0.45329876673795555 0.44392545370970715 0.46785133908421772 0.53609078840750479 0.65886441403134088
0.53233030814660454 0.53146540452676516 0.55328373496751337 0.59841556188248857 0.66535566187103912 0.75031293274921784 0.84732675062162455 0.94867200110760519 1.0455333578718649 1.1288858327450364 1.1904803420215784 1.2238073977244792 1.2249048423195641 1.1928896974781698 1.1301288130960745 1.0420132669157378 0.93635929659112305 0.82251403245562604 0.71028763615422841 0.608856968870087 0.52578571835156607 0.46628272000154813 0.43277913581624039 0.42485453254155592 0.43949134900340503 0.47159555148131893 0.51469459494099634 0.56171459784519839 0.60574558983477755 0.64072254293407915 0.66197483815611713 0.66662203910103324 0.65381478567855067 0.62483366160501042 0.58306537725408958 0.53387541350965628 0.48439113324844629 0.44320135463093546 0.41996964292312255 0.42495138140591904 0.46840154835531578 0.55986377883117655
0.42490005675796227 0.42136890988077214 0.44271138667883425 0.48927122658775912 0.55900475375437197 0.64737802203645101 0.74756672276766112 0.85097149470299571 0.94801431346103671 1.0291347110274089 1.0858660084742504 1.1118491759733335 1.103640742816983 1.0611932191824001 0.98792942743028733 0.89038960414167911 0.77749272136371006 0.65951045940554687 0.54689368576261665 0.44910999450954969 0.37364396881191764 0.32528135779736933 0.30575071734489467 0.31374060350240762 0.34525734173967748 0.39424661729432475 0.45337745609906921 0.51488141435997725 0.57135089110252968 0.61642343511480779 0.64530737368949331 0.65513192292666778 0.64512752266807361 0.61665696995133013 0.5731245707860223 0.51979008193994225 0.46350855742014485 0.41240843855583043 0.37551037561511502 0.36228042262544147 0.38210573865013175 0.44368138915567501
0.29498077074765161 0.28953989669791669 0.31221371025418365 0.36307586437327843 0.43947366069939997 0.53597077466531606 0.64463934356868469 0.75570451419574558 0.85849034509449618 0.94256423500972575 0.99893726077387457 1.0211580498349613 1.0061431041294147 0.95461755966641293 0.87109321369548931 0.76337706502144653 0.6416725592937732 0.51739540468924738 0.401865942957912 0.30505392292437283 0.23453735074000925 0.194798348663767 0.18692354253013233 0.20871499967037743 0.25516113245128813 0.31917437489738132 0.39247935566323011 0.46653289914444407 0.53337258842472302 0.58631803345810851 0.62048141943125168 0.63307487437683629 0.62352696351109882 0.59343679047904929 0.54640154177249778 0.48775315082565995 0.4242340841352813 0.36363312408417658 0.31439131172621371 0.28517773403219815 0.28442667205100625 0.31982427337862762
0.14726997285540677 0.14146241427448492 0.16812273653298182 0.22705993775238675 0.31492634755237192 0.42520385465084265 0.54859707658782619 0.67382684653511526 0.78875426631867229 0.88170756170004905 0.94284195589549247 0.96534550775595951 0.94631607884304036 0.88717582764072878 0.79355401487332899 0.67464608950575788 0.54213402677885492 0.4088165444616999 0.28713734003720803 0.18780855877323455 0.11870469152778029 0.084154084123016171 0.084690817755002756 0.11726092263567645 0.17581564172411723 0.25218021457019435 0.33706469262895122 0.42108413495038366 0.49567539090176449 0.55382989300545205 0.59059876959708502 0.6033612235891227 0.59187463659582418 0.55814292855496628 0.50614831238672353 0.44149223210927091 0.37098605793740447 0.302223025651702 0.24315158865940445 0.2016582859046161 0.18515717959155231 0.20017522634778051
