_RESULTS/CROSS_VALIDATION_POSTPROCESSED_CLR/MHZ/GZ/6comp/3/MHZ_GZ_z_355_kriged_reverse_6comp_spherical_3.asc
ncols 100
nrows 74
xllcorner 5.5967023332191781
yllcorner 50.982320383219182
cellsize 0.00019249356164376555
nodata_value 1.7014100000000001E+038
[rows 19 to 37 of 74, columns 0 to 43 of 100]
2.1012036374216114 2.136867059535873 2.207646279807945 2.301738366759303 2.409154160298515 2.5234479505505334 2.635844964480591 2.7364410766590943 2.8157777937363027 2.8660656460588894 2.8806955388159263 2.8525998063700544 2.7851694633484327 2.693977443497944 2.593916398831536 2.493089137258591 2.4005911927127905 2.324123925984822 2.27123282595443 2.255657804739316 2.279755772047135 2.340216236981804 2.4321506677808555 2.5458776971682187 2.650325023205728 2.7440657418521877 2.828812045171658 2.904462908297492 2.9691875342266103 3.0227883018677786 3.067026957022074 3.10291165970222 3.129923108317644 3.150111118588596 3.1636083470454097 3.167699214300238 3.162756558131772 3.145442295461558 3.1147488848716396 3.083629934640337 3.0515166348354525 3.010374766525454 2.9560303697866686 2.8877343002239133
2.0485887044682993 2.098328489989206 2.186577569951582 2.3007001974684895 2.4340011400632995 2.5785497897081764 2.7226007562605643 2.8528445948591505 2.956309314089443 3.014595580112628 3.020180793477216 2.973898191074057 2.8807915588416027 2.750009380141552 2.595923920096879 2.4403326528706257 2.2984130059155525 2.184339625466608 2.105153238910277 2.071178456027879 2.0827638576631413 2.1360874109737216 2.225188840677472 2.3463231166918597 2.479087953112728 2.5959064414688773 2.6928075488503063 2.778985903251943 2.8568863672683236 2.927297723347969 2.9896053639475126 3.041309437336784 3.0792339765089274 3.1082382334007606 3.1342357217287797 3.1547854125375565 3.168161746161692 3.1633564913557923 3.13678772720428 3.0968821203100303 3.0529963319433207 2.9989435885794786 2.928476969291032 2.8410196478646235
1.9985748143882764 2.0591042415025544 2.1625814607975054 2.2990599422463824 2.4642698130900245 2.647546492266073 2.831865425680125 2.99679390383609 3.1149136168971157 3.1746826072665546 3.1713766157294185 3.1056519628574017 2.9839739586367027 2.816858808708659 2.6180538457904565 2.4050872666149057 2.2042746155602404 2.0478730797711404 1.9496825869752965 1.905444777621626 1.9102761680317286 1.9590260167254114 2.04646662847956 2.1685221549221385 2.316547417475259 2.4562970609529104 2.576488975499772 2.67463257427757 2.7615349949000314 2.8419332292897197 2.909412587338812 2.9665740014104065 3.014856496216704 3.0543164786535555 3.09335180469502 3.130032064792817 3.160143663385327 3.1703595031442333 3.15854084070077 3.123954151277385 3.070864799981095 3.0060351864165766 2.9222086431964227 2.8190531212193997
1.9486834830940898 2.014742250981311 2.128303871491203 2.286204213428839 2.488805459490336 2.7215756886337905 2.9557697170850026 3.1512627966671056 3.287586411478298 3.3527723120207584 3.341581296291017 3.2549103501738292 3.101198399906994 2.893463492419932 2.647494711123503 2.381033755584491 2.1189509842275798 1.9149438433727068 1.8126067557780172 1.7700642421290698 1.7728325231595816 1.8174455005239372 1.9010926037367188 2.017569344737341 2.1660047241415037 2.3258597278691044 2.4688152397751155 2.588923998683354 2.680975557034543 2.755241864582545 2.8196796706854874 2.8816279246583005 2.93796325012435 2.9877464289867266 3.0399330498336883 3.0927388787312293 3.139029982304054 3.1652821231053574 3.1695820002571677 3.1505455051278775 3.1061438829971544 3.0369269797935003 2.94520859550097 2.831385428745223
1.9029664032282225 1.9679105566465172 2.082349770390053 2.256741853808262 2.5038368166153138 2.796953655020681 3.0776309399269937 3.3119039494075357 3.4770940443081644 3.555651687576023 3.537667537052107 3.4273137876670763 3.2370065304826507 2.9850629615374022 2.691358279751559 2.3738653199376962 2.047568089438374 1.7639460933938804 1.7110484894734972 1.6841463102056338 1.6934782229565928 1.7372590880888172 1.8143141946262524 1.923551937965612 2.0635385134739215 2.2256219985804018 2.37173911389771 2.494476058828848 2.591577093297879 2.6622093576871433 2.7270024150531045 2.79255771820949 2.855263652345895 2.914111431186647 2.9783862803054326 3.0464733803426256 3.1089714775921564 3.1528534733004827 3.175832720665184 3.1756236749911495 3.148381631540181 3.088321578131203 2.992441994265309 2.864514471973984
1.8699842345973785 1.9292243899953334 2.0300884069446545 2.2042262951813787 2.5098238394966144 2.868771903149511 3.2039569919142465 3.4839015271713967 3.6849047874170022 3.783862773971963 3.763936012081282 3.6255559548836973 3.3910970422558653 3.090385742294484 2.751580606560151 2.399070905965989 2.0650453526727843 1.8148731614858475 1.7083988181870762 1.668274709761672 1.6720818119694614 1.7092748307467187 1.7778889591932943 1.8781646529395353 2.0074925150631744 2.1626099987009653 2.307170443899009 2.4254589578823573 2.5158817228575474 2.580666674064783 2.6348116101386836 2.6997409716112486 2.7677389874720486 2.8354345834033676 2.9120745192656643 2.9957277298261458 3.075534810309359 3.138799682302997 3.181792696820847 3.1957168086506704 3.177860691975086 3.1261543214240204 3.0391806509230443 2.911826472183785
1.8615495562162971 1.922367911176521 2.008318985138538 2.1225628639219085 2.527787213510013 2.953685301762066 3.3367192844055342 3.6616254094948597 3.9051043800523955 4.033095329569095 4.012517161939344 3.8403742294607897 3.5512751517752728 3.1956500445702427 2.8154652748434548 2.453483839034704 2.139587045546417 1.9067047418258398 1.7703279854646334 1.7052684545064736 1.6932448940243192 1.7228555290680387 1.7849366165439502 1.8766552971292523 1.9956781945798854 2.139455676635023 2.279024015142995 2.3892067947519315 2.4693078664553765 2.52779563615376 2.5720610862951196 2.6149805945436007 2.6752785868492936 2.7511922227638856 2.840336613410104 2.939784468672592 3.038280088490859 3.1188665288864343 3.17215943916593 3.196757275704905 3.190660554578581 3.150432720882108 3.0731177909805334 2.9560951604590047
1.8842232571380753 1.96698813169598 2.0890558252141997 2.284908077241353 2.6473544867652676 3.067925793156264 3.4699481931742104 3.8308584776713106 4.12474234825409 4.300516957474918 4.281768446650547 4.052210653332162 3.6897323898683303 3.2759537682739492 2.8746955918804353 2.5127715393051933 2.210689306857432 1.9855379204044135 1.8430302929919922 1.7637497125770811 1.7432308201546 1.7697259772340046 1.830868880843592 1.918032755538529 2.028263745266961 2.159245601128276 2.2896228230597577 2.387493375532972 2.4539171505308834 2.5022842679896122 2.536814453051805 2.559910279209065 2.5973129930065517 2.662542137540674 2.762559493081584 2.877876372766918 2.9899179317434905 3.078316008113258 3.142091093849167 3.179757596367787 3.188648276964312 3.1638225974354794 3.099517973158474 2.991865910310273
1.9260105956698472 2.0410027258162775 2.2183523154120297 2.470325022205561 2.800612588573352 3.183601768656076 3.577252052118904 3.956997007054401 4.303163746889393 4.567613361718813 4.567582248857519 4.2228676422802796 3.7696572114675866 3.318610581246193 2.9014426398193116 2.5404595457688637 2.250075013073918 2.03928637273855 1.9027706752083584 1.8257450370648103 1.8103531300270177 1.843135332685573 1.9098009067639763 1.999813824345221 2.1057652256319024 2.224483760133013 2.340636663323704 2.4213953300545272 2.4703454041989685 2.5030133079312185 2.5226146893766823 2.5299391536636877 2.542136693838851 2.5892972374583385 2.6801786719482563 2.8028704971029503 2.919921265866446 3.016693705400591 3.091971955407604 3.1445275649658413 3.171663954250017 3.167181466592944 3.121051339785935 3.0235787520102826
1.96664187933079 2.1093156605045897 2.3209845332262606 2.58858434510128 2.902069571890938 3.25280307309087 3.620766144023865 3.9892719098051512 4.348148998950059 4.6917989719793365 4.759746023925487 4.243152900483013 3.7485327880579535 3.2875360147042363 2.8707175467614827 2.517240569072746 2.2424945688990663 2.0536708817289417 1.9381842326432848 1.8828621612464251 1.8885039658000777 1.9395497462370865 2.0198099409539187 2.1177862879048788 2.226424169012027 2.3357606205922328 2.432576596484794 2.491277907112538 2.517740563652307 2.5284358879140525 2.5272220229800264 2.516484593532108 2.505043881370499 2.5337156583343368 2.6059202521603106 2.7088339771767904 2.829885109755117 2.934865909043743 3.0212868855443435 3.0888581055542033 3.136190688806982 3.157651726680399 3.1383430587076457 3.0533001235791812
1.9912421099935806 2.1502009961345605 2.3740408764475944 2.639532932253776 2.9342058951092787 3.2513144683912483 3.5781105993878786 3.898761227977647 4.19199950079757 4.404706563862646 4.3641662061062085 4.0225204350240436 3.5936522012611647 3.166797062225827 2.772440239237899 2.4350157387441635 2.1810998296590967 2.021239927946347 1.942335892086871 1.9317280504216916 1.9778255970202872 2.0601077718758525 2.1621829674452533 2.271697745161222 2.3806767293889224 2.4810346285906233 2.5595194418996043 2.5912784106169213 2.5883214624689654 2.57003849754212 2.542375411834633 2.5097463792930905 2.4797197142926253 2.4900413154551413 2.535030861712872 2.6120449519832993 2.7223877517239417 2.8341995927826225 2.929345323702883 3.0088236056905253 3.073824818847082 3.123203236184512 3.1437594726673774 3.075917468952613
1.9888252197176588 2.1526237166181192 2.374117673499127 2.6267474351847926 2.8991115599840107 3.178815029990235 3.4543562887702413 3.70723894240834 3.9071901015995403 3.999612620247223 3.922956488953472 3.6826387972358594 3.344610730936502 2.9749368359731863 2.614633368437354 2.2967435946605765 2.0633103449947323 1.9392138988014689 1.9165317559049577 1.9749906789874838 2.0834789251739867 2.211264840076603 2.3404654711480832 2.4598213239980606 2.563765079379347 2.6514080984786395 2.707240007567156 2.7086681797683685 2.6711584231490195 2.6165968411597715 2.5549409097370175 2.495089080996436 2.450252699011821 2.4391735367847467 2.46241563234917 2.518270810199024 2.606236264650041 2.717615461953873 2.816928628954555 2.9007828149872203 2.971275306498035 3.031010661657654 3.0834079398472807 3.0615575512848126
1.9382625349883986 2.097559675943468 2.308604979321408 2.5431019583623455 2.793213603289361 3.040142120109266 3.2687515369899183 3.4585364060656585 3.581084690670821 3.6037508296428458 3.5214515913839595 3.332827865371759 3.062557880636113 2.7478275542952826 2.4216589821086156 2.1169897954474317 1.889803288751068 1.8055211561644007 1.8698950310673454 2.025174024800877 2.212037181732752 2.3935678301017558 2.552412555036957 2.6833618051332047 2.782973178067373 2.8547501259254426 2.878529809984252 2.841467404305018 2.7609446196762932 2.662019068256202 2.558939421501535 2.4691766456328397 2.408912486878325 2.375881162932541 2.3811487495335775 2.419606399931744 2.489067318682593 2.587491850441509 2.6840050218364984 2.7622695633863 2.8230638271394852 2.8651877791400047 2.889250561873308 2.844048207005474
1.838265577200888 1.9866039997114584 2.1837032865174644 2.3988551407530596 2.6231410860241 2.8404039700287567 3.030285410181458 3.1746531887576017 3.250248699490917 3.2422537758947345 3.162115557058029 3.0083526914883594 2.790395983753875 2.5268066204366617 2.236903469553851 1.940212294634204 1.6810159065524592 1.6299723567124418 1.8403507854652819 2.111051946426898 2.3756300722593324 2.6117899524071158 2.804140943526746 2.94732737791101 3.0422204314149988 3.0926437618825307 3.0749135572445083 2.9906995757514467 2.8580975201546495 2.70430395293394 2.5481410954368395 2.4234664950066853 2.344881965266635 2.298419573722269 2.290835200293108 2.3138075054332763 2.3688479086080343 2.455105547193594 2.555442092048267 2.628032603403892 2.6726228330793256 2.7003102312707976 2.701455129332621 2.6537317533775835
1.6940077715644772 1.8281469682290186 2.0127552424897788 2.210636779246716 2.409866911804539 2.5989364227990723 2.758551596453472 2.870497432830707 2.916302841800323 2.9057949264211205 2.8436877779519727 2.7231602532848904 2.5535569157515443 2.345037720344111 2.1081641971002405 1.8521386325662572 1.5864709811357987 1.5608540048762998 1.918302586173529 2.2686185391400375 2.594050263159328 2.8784250469489456 3.103729472998225 3.2571764662273237 3.3419045408878496 3.360254159522509 3.2935118999535504 3.1550699616384454 2.9645342676800683 2.7488822950992344 2.5307482949774607 2.3542000305088373 2.264564439316325 2.2178402950022282 2.20797856981966 2.2294161270864197 2.2785000401433946 2.3530859077104256 2.448271957544457 2.518406631359538 2.5597762064214846 2.579597423876405 2.5696639188188186 2.518853970763981
1.5121549265705834 1.6344484933776193 1.8136948249836904 1.9987946449447165 2.1766803387474374 2.3377850223717918 2.471325769024813 2.5582873903590566 2.588936383679439 2.5879118911144423 2.5534464212874037 2.4780931911045463 2.3610905915733067 2.2159334847443977 2.05541668999555 1.897989604827449 1.7917760565109386 1.8668748106162247 2.152747580139609 2.5109045971399677 2.870373695059733 3.1952497953355996 3.4530581300200116 3.615881846996035 3.6817082242554173 3.6494670592532756 3.523149664384794 3.3274561453283815 3.0804903802944468 2.8121376008901557 2.5394270577985 2.2652169952434495 2.209013494481428 2.174322666693765 2.166942438084303 2.185333102442541 2.22726409192946 2.290249369292853 2.3715946451220247 2.448692990926385 2.5001126704773236 2.51385559651045 2.4836108307466804 2.4128579362008233
1.3092843771821912 1.4469715138192025 1.630100177131334 1.8045088932236184 1.962945746895222 2.0986835390847145 2.202230254552941 2.2664017162992716 2.28758398060339 2.2956189520525014 2.288262910295009 2.2599926988897723 2.206898549457932 2.131292501261796 2.0554068395434513 2.0050738420684002 2.0250041491466857 2.1673832722609245 2.440887980939504 2.7962233213002268 3.1798261038300213 3.5470364782734953 3.8469616123423904 4.022008489150456 4.050304819386516 3.9435765286402455 3.745828711520857 3.4906869841710897 3.200978049747226 2.9010711390155803 2.615776143110372 2.3844928151216354 2.2555220639849463 2.1935690109232073 2.174291290831411 2.1847073426646526 2.2186873409380525 2.27161189990132 2.342126278496202 2.4311548496750213 2.4854813815981798 2.4856060355331797 2.4324104945077636 2.3376236119841347
1.2247590929178784 1.3304062624847335 1.4924165377890375 1.6479456974472573 1.7852021436816488 1.895105138388094 1.9714702441348058 2.0115053290872775 2.02531356522998 2.0450845000376745 2.06362968365989 2.0741031749272105 2.0750099022690587 2.0713594449023858 2.0722952766137364 2.110117607689134 2.216067702356848 2.4115056009220486 2.7014600287344424 3.0666199549425333 3.4765583339202126 3.8961993658344856 4.267158484956756 4.469631392298654 4.417512348572362 4.208120272653148 3.9314049919327037 3.6257064001631054 3.308088546632198 2.992799028658676 2.710762520028222 2.4978163294164926 2.345243261542479 2.2580836847713144 2.2241525775827418 2.2263353108442843 2.254294550503831 2.300676051638512 2.3737690884016156 2.458398174143825 2.5026101055589898 2.4941223855952805 2.4258744764125346 2.3072679446436024
1.2139789857840362 1.278029286918343 1.4030484368485856 1.5345848090636418 1.6489488469844562 1.7344264212039695 1.7858887913106491 1.8030839019803016 1.8054857267380946 1.833551999405965 1.879187681366385 1.9270803948090687 1.9722922167416552 2.0199265123474626 2.0841238939599247 2.1911238370663493 2.35528072673236 2.5909531581419887 2.8999664945779933 3.2755405368693387 3.7035929764474895 4.168036280164227 4.644854962896366 4.936831982868282 4.704383579786891 4.38264213388252 4.047403450303527 3.709673314324551 3.376557012032671 3.0584431405805255 2.7922692451288795 2.590254241684201 2.4349036330362264 2.342345198640702 2.303643913164037 2.3040038954206308 2.3318807479511543 2.3802539169151973 2.4520873326085515 2.5277094265878906 2.5618504990840716 2.545023639303603 2.471699215073362 2.339617781869087
