_RESULTS/CROSS_VALIDATION_POSTPROCESSED_CLR/MHZ/TZ/6comp/2/MHZ_TZ_z_500_kriged_reverse_6comp_spherical_2.asc
ncols 100
nrows 81
xllcorner 5.5967107548124995
yllcorner 50.982328804812504
cellsize 0.00017565037499993607
nodata_value 1.7014100000000001E+038
[rows 0 to 17 of 81, columns 42 to 83 of 100]
-0.1628323799335132 -0.17621283086879597 -0.19353783846556447 -0.21376904648015288 -0.23586484682737177 -0.25884867608825674 -0.2818367903303419 -0.30404090948594686 -0.3247586573689795 -0.34335986295454396 -0.35927284180379193 -0.37197235783692995 -0.3809697144977251 -0.38580486859248386 -0.3865307765079455 -0.3865307765079455 -0.3865307765079455 -0.3865307765079455 -0.3865307765079455 -0.3865307765079455 -0.3865307765079455 -0.3865307765079455 -0.3865307765079455 -0.3865307765079455 -0.3865307765079455 -0.3865307765079455 -0.3865307765079455 -0.3865307765079455 -0.3865307765079455 -0.3865307765079455 -0.3865307765079455 -0.3865307765079455 -0.3865307765079455 -0.3865307765079455 -0.3865307765079455 -0.3865307765079455 -0.3865307765079455 -0.3865307765079455 -0.3865307765079455 -0.3865307765079455 -0.3865307765079455 -0.3865307765079455
-0.12030861157005363 -0.1377149214325134 -0.1591804343299062 -0.18312751291618964 -0.20880795402714752 -0.23528691812650449 -0.2616133729915069 -0.28697199280467195 -0.3106568295421578 -0.3320465277848947 -0.35058390702994224 -0.3657601355590163 -0.3771028141917368 -0.38416711612471915 -0.3865307765079455 -0.38644932347669164 -0.3862123162960884 -0.385958463783723 -0.385790119069966 -0.38576362425387056 -0.3858872916129568 -0.38612110062996524 -0.3863781445350632 -0.38652766719895015 -0.3865307765079455 -0.3865307765079455 -0.3865307765079455 -0.3865307765079455 -0.3865307765079455 -0.3865307765079455 -0.3865307765079455 -0.3865307765079455 -0.3865307765079455 -0.3865307765079455 -0.3865307765079455 -0.3865307765079455 -0.3863382162643911 -0.38582068301666217 -0.3852037859355076 -0.3846690072849344 -0.3843443679530998 -0.3842998161953616
-0.07198596317869821 -0.09442613951811984 -0.12163061274575823 -0.15152718558991501 -0.1822650521365643 -0.21249436901234972 -0.24216042863729914 -0.2705902524700529 -0.29710051253978287 -0.3210980360463652 -0.3420538725922193 -0.35948508769481474 -0.37282857035215106 -0.381220957614285 -0.3844389806464409 -0.38355801781006194 -0.3824720789814287 -0.3816248252447214 -0.3811321004653564 -0.3810578848313893 -0.38141163035321496 -0.38214785955590397 -0.38316807817230775 -0.38432476260088805 -0.38542694758418633 -0.38624680626475655 -0.3865307765079455 -0.3865307765079455 -0.3865307765079455 -0.3865307765079455 -0.3865307765079455 -0.3865307765079455 -0.3865307765079455 -0.38649831395210077 -0.38576692319240136 -0.3843389241166303 -0.38254768121052657 -0.380692786191947 -0.3790310083736897 -0.3777674038949851 -0.3770474064140069 -0.37695075738442585
-0.019037232859674957 -0.04755217077572149 -0.08131963939203857 -0.1177629957087134 -0.15489126486472474 -0.19107137439673472 -0.22484969388481335 -0.25630983389294865 -0.2854551878170565 -0.3117271409271369 -0.3345567970504999 -0.35276380044780237 -0.3661018002061634 -0.37458270191807647 -0.3780419420254054 -0.3767342776120135 -0.37474313768565704 -0.37326094883326155 -0.3724203550143814 -0.37229491558132394 -0.3728955160409144 -0.37416982512981417 -0.3760048770035874 -0.37823240887736903 -0.38063623191645096 -0.38296073524794544 -0.3849196347519345 -0.38620423735375187 -0.3865307765079455 -0.3865307765079455 -0.3865307765079455 -0.3865307765079455 -0.3858558243248586 -0.38388616032788475 -0.38102573846413545 -0.3776677850193716 -0.3741820280381956 -0.37090438693039385 -0.3681256595277198 -0.3660800757096098 -0.36493486989216517 -0.36478213611723287
0.0369018715170526 0.0008361119554130547 -0.04082034121442096 -0.0849235820802331 -0.12916618910360336 -0.17180292083327742 -0.21143120031399568 -0.246867929825999 -0.2783180939361165 -0.3059083671205006 -0.3284313041939276 -0.3458699012571905 -0.3582760608132212 -0.3657347087097768 -0.3683478011511962 -0.3663026579138018 -0.36330249664097325 -0.36113504355582876 -0.35991794986830794 -0.35973700662487385 -0.36060493622955997 -0.36246064006313444 -0.3651727675890898 -0.36854701768358356 -0.37233604208069065 -0.3762505888480451 -0.37997060903977964 -0.38315535646395243 -0.38545190313582894 -0.3865018564811632 -0.38645047000861465 -0.384906676372408 -0.3817359592768319 -0.37738401109068503 -0.372293861389828 -0.3668982681583142 -0.36160966246917076 -0.356807736359817 -0.3528252246919976 -0.34993298958366126 -0.3483260307313126 -0.34811231837421897
0.09248283223320503 0.04620845439404142 -0.004502835196983412 -0.05643749101854645 -0.10752222334338327 -0.15621879598449356 -0.20127005547559348 -0.24159039980471236 -0.27520318361507334 -0.30206766406616503 -0.3235453582435486 -0.33970843635199904 -0.3506782081015898 -0.35661082600919064 -0.35768072679297735 -0.35406271497483216 -0.34894806982559806 -0.34552868391083125 -0.3438882788840305 -0.34364652684692604 -0.3448071263854631 -0.3472975269009292 -0.3509625678905906 -0.3555747127686149 -0.3608476248280045 -0.3664509767967918 -0.372024642692094 -0.377191004846604 -0.38156476208595536 -0.384568285072016 -0.38404799476714013 -0.37999748131876365 -0.3742510972957802 -0.3674210607707371 -0.35998880967602837 -0.35243199754415444 -0.34521324720720803 -0.33876533681842796 -0.33347328388561004 -0.3296546823961449 -0.32754057925680047 -0.32725979117968473
0.14123228244827934 0.08384169518878648 0.024526034400196406 -0.0344566570446993 -0.09157638282089359 -0.1455799723383309 -0.19536238093183692 -0.23874113823251314 -0.2739354110514759 -0.30054922964476577 -0.32040588364616446 -0.3347265205409375 -0.3437004345964615 -0.34755765725407456 -0.3465512256107309 -0.3409356911766632 -0.33345720694299685 -0.32791160870351277 -0.3247703285165043 -0.3242859581406341 -0.32577110413153226 -0.32896276924306794 -0.33367427606073 -0.33963488773922373 -0.346508828956653 -0.35391524147005815 -0.361446381864117 -0.36868247484885974 -0.37504376232055564 -0.3780601483624098 -0.3770538283165627 -0.37210851519640814 -0.36386162794963234 -0.35445200041434355 -0.3445533673439545 -0.33469383877840947 -0.3253948841367352 -0.31715397483641455 -0.31042206009419254 -0.30557738178409777 -0.3028988102356621 -0.302543216757216
0.1744386482429799 0.1088874653806014 0.04337648495709734 -0.02086873521802407 -0.08267038348738626 -0.14090724973584604 -0.19354684241211936 -0.23816445210609863 -0.27421597273913867 -0.3012872737846355 -0.31943259233559584 -0.3312989783594466 -0.33767293707577273 -0.33885994081193654 -0.3351982048111551 -0.32703345031835973 -0.31701326189345097 -0.30919771769649973 -0.30414698309943433 -0.30226498812055547 -0.3037685024513384 -0.30774598468405606 -0.31362094809687 -0.32106537139632935 -0.3296799424278853 -0.3390212849133244 -0.34862524609114026 -0.3579969337003892 -0.36465537067985054 -0.3672229148041583 -0.36574010039256327 -0.3602905955010001 -0.3510023842837746 -0.33896349205152826 -0.3264631409672724 -0.3141398695614094 -0.30258358822569353 -0.29237074899239135 -0.28403633820305185 -0.27803876512885445 -0.2747219188297759 -0.2742815186204937
0.1848990182806292 0.11831904202053362 0.05041255062561456 -0.016736805181757353 -0.0815886727873531 -0.14232153795331698 -0.19567989058247665 -0.24070525076626936 -0.27684393636803406 -0.30367216807512826 -0.32089288529040333 -0.32972226125174275 -0.33286145480734275 -0.33074658199213713 -0.3238088431373615 -0.31249853264998373 -0.2996838108480465 -0.2894247078338753 -0.28235514303094245 -0.2789358941966418 -0.27945480778856424 -0.28394772281816383 -0.2911346521065768 -0.30023005606785425 -0.31075192163968746 -0.3221793555151159 -0.33398202269675603 -0.3444023036958304 -0.3507536267965855 -0.3529440508123724 -0.35100040937984545 -0.34500495644353724 -0.3350969667695274 -0.32148204864818264 -0.3062364311383715 -0.2912684402801364 -0.2772462174110154 -0.26484228827298056 -0.2546996780908258 -0.24738482141012072 -0.24333248906585403 -0.2427940239340611
0.17752653986148442 0.11372952384494983 0.04609193754108698 -0.021971539379455785 -0.08834194925831179 -0.1491834522649497 -0.2023391984641996 -0.24697327090430865 -0.28244225971058057 -0.3082798638830531 -0.3241862015523579 -0.3302148663712174 -0.32947039745443674 -0.32339580013491354 -0.3125246243778049 -0.29742841117571317 -0.2815413777925385 -0.26862543860153365 -0.25940534774541696 -0.25441746330746784 -0.2539696448329589 -0.25813561712848376 -0.26661828172585594 -0.2776382392617454 -0.29030764263875386 -0.30398713147044865 -0.31773444708523113 -0.32809312990648715 -0.3342497066620854 -0.3361466435043583 -0.33376559883852597 -0.32718582835053334 -0.31655557922514815 -0.30209455380123207 -0.2844468774688202 -0.2666354829887266 -0.24990364283635152 -0.23503919056422443 -0.22282460812884294 -0.2139747073452296 -0.20905533844294621 -0.20840071028724452
0.16674009466418943 0.10435858608157428 0.03609177280889242 -0.033843734256111646 -0.10131922902670315 -0.16155579601796208 -0.2137944046782455 -0.2573497374151086 -0.2914602630869352 -0.31559643177449653 -0.3294437350018237 -0.3328827823575871 -0.32766562211055383 -0.31701165023821853 -0.301536115185563 -0.28197705552192903 -0.26267264977829474 -0.24683145103941165 -0.23531265667320334 -0.2289668563789524 -0.22808757938034072 -0.23256363802957428 -0.24203614566599452 -0.25539392719344023 -0.270536031128905 -0.2866456767999256 -0.30124441465999735 -0.3114569065542538 -0.3171657334282812 -0.31837561208927967 -0.31519025592967737 -0.3078082826648869 -0.29635672857215667 -0.2808881986790308 -0.2617284729305864 -0.2408754128936326 -0.22115482736854508 -0.20349918012154627 -0.18887000383558444 -0.17818940708887984 -0.1722190627966063 -0.17142265860396638
0.15850961669118463 0.09564210493760272 0.026119377718709924 -0.04596905087852987 -0.11489076216164026 -0.1768499215203495 -0.22974132668971814 -0.27202113163335034 -0.3042632568853508 -0.32668148142045605 -0.3387594676992365 -0.3401125073962342 -0.33118959261557673 -0.3157558844713705 -0.2950689511442635 -0.27027836014477297 -0.2465339957440819 -0.2268453729559139 -0.21252824036534274 -0.2044877929514896 -0.2032524372426604 -0.20843825451571268 -0.21910493772351317 -0.23448378201620934 -0.25237775754002884 -0.27085043497806305 -0.2858807650004554 -0.29615486896542725 -0.30154843471322873 -0.3020586051962595 -0.29779159948988065 -0.28895451694264795 -0.2758528108949829 -0.2588942276675228 -0.23832557967287743 -0.21472869629687286 -0.19171253457616982 -0.17086192848096937 -0.15335530034523584 -0.14041582978923536 -0.1331163103864768 -0.1321387280477263
0.1544088968684441 0.08925601331495492 0.01743909769044899 -0.05676423790231777 -0.12726167780764366 -0.1910491570158459 -0.24606489156698774 -0.2912470138700184 -0.3246395033799299 -0.34619445179350467 -0.35656895313508663 -0.3553896608130665 -0.3426759448011211 -0.3218634761871184 -0.295271432706221 -0.26512705066401987 -0.23727844211600035 -0.21373828903264178 -0.19602555489293863 -0.18532912977571891 -0.18224243086458664 -0.18671421809086025 -0.19825594523808632 -0.21558857636096154 -0.23637721394763878 -0.2567751808374507 -0.2725048493060881 -0.28303369145607815 -0.28823180853603675 -0.2881036247280918 -0.2827667368483729 -0.27243889037690866 -0.25743372515089225 -0.2381662298268938 -0.21516409260482075 -0.18902857913857624 -0.16233996721652103 -0.13775484725410264 -0.11673585908503076 -0.10091892606545716 -0.09186852212592883 -0.09064867271089705
0.1544823345798057 0.08571845700077763 0.010675282836077826 -0.06583986494577482 -0.13840094475861378 -0.20558840854402316 -0.26531897251105246 -0.3148961710497861 -0.35197126317887406 -0.3746342137385257 -0.38286717323563985 -0.3785660180321375 -0.3617812300220089 -0.3350811718565524 -0.3024774498251423 -0.2677073825470182 -0.23528428209948637 -0.20721443560423486 -0.18560547092289936 -0.17215869483218046 -0.16757517622792176 -0.1714372686525634 -0.18269612434899776 -0.20026945385235292 -0.22322679942502943 -0.24534590943777956 -0.2620160884102336 -0.272948670474806 -0.27803806339771575 -0.2773167264547056 -0.27092585751083664 -0.2590978049686489 -0.24214467344447424 -0.22041941870902693 -0.1944410896564977 -0.1648971279345256 -0.1339919005902872 -0.10516713100981667 -0.07987821718778915 -0.060306777985293214 -0.04883554449791472 -0.047271592101467697
0.15793277743960904 0.08482289198451559 0.005997134313600105 -0.07339782255127286 -0.15084916753084548 -0.22365217715162242 -0.28866069675328604 -0.3428848984735006 -0.3836791751342461 -0.40894902695739077 -0.4172407580922344 -0.40934947462849697 -0.38801812736582875 -0.3558591016736887 -0.31768762565046976 -0.2782771927878147 -0.2405432619173139 -0.20698125635619405 -0.1806584090149895 -0.16432046487330793 -0.15889024056616446 -0.16312442146227807 -0.17493913262646585 -0.19262466314164495 -0.2150619099386784 -0.2375772881961655 -0.25532911471163455 -0.26673242069125913 -0.2717428018937329 -0.2704989954460071 -0.26318407581274483 -0.24984694395597412 -0.23074357202187137 -0.2064489844120604 -0.17746143546143783 -0.14434282563007145 -0.10856797714545643 -0.07463199853510782 -0.044189185243523554 -0.01956184013694451 -0.0044863864068377945 -0.002383670836372198
0.163486142997258 0.08600590985306272 0.003023243860450997 -0.08218894452756509 -0.16590542368717145 -0.24489013397898812 -0.31575814006718145 -0.37509904603309036 -0.4198044301254784 -0.4475252033285875 -0.45688564708683155 -0.44723553875269945 -0.42156450674063656 -0.38443090163772903 -0.34155060571728313 -0.2973269000294818 -0.2536018339871522 -0.21321332487014255 -0.18067695917931265 -0.16116533083212534 -0.1561946079273809 -0.1623658020873316 -0.1757039847321809 -0.19388164914380165 -0.21555467097272588 -0.23676693101406876 -0.2557260824154499 -0.27024832576809293 -0.2778551175664997 -0.2781140496452839 -0.27078732199841404 -0.2558976543684177 -0.2337909583052222 -0.20505451935197866 -0.17051857245454638 -0.13127003999641698 -0.08899955357204675 -0.04869907845066496 -0.011975827750841161 0.019503850103572362 0.0404802406146747 0.043566921655846025
0.16982148192371888 0.08840852816384076 -0.0007875275608263954 -0.09243087664165761 -0.18276422235632392 -0.26851375794221777 -0.3460226961017167 -0.4112548558964685 -0.4602564963518485 -0.49023232004092443 -0.50014617174757 -0.490343928774837 -0.4621092628239415 -0.42056569661404763 -0.3744567978689482 -0.325862001698644 -0.2760497854794422 -0.22741368686730032 -0.18564900149740743 -0.16216241265790232 -0.16068656013333332 -0.17097550307223233 -0.1864262044885018 -0.20615673950990354 -0.23095078135671515 -0.2557957120299326 -0.2773977746963211 -0.2946820285618897 -0.3053246924293762 -0.30708556375439144 -0.2997323268554906 -0.2833779297272808 -0.2583838809440316 -0.22535269133361072 -0.1851172204415566 -0.1387304801192769 -0.08760883513928674 -0.03641120045567936 0.011418495137940077 0.05277533923779215 0.08431398947006064 0.08976714476874553
0.17611517446636088 0.08984927312795393 -0.005292926945998588 -0.10318167192989341 -0.20024130615779306 -0.2932310060164533 -0.3783448995870802 -0.4507571668073792 -0.5047753128522543 -0.5365315212389987 -0.5462517398494537 -0.5365222830295924 -0.5079953273724425 -0.4646758513927325 -0.41667828837000837 -0.365189746670399 -0.31083003648204555 -0.254567550018649 -0.19904470100036975 -0.16815019652330696 -0.17748843234445064 -0.19255839838498706 -0.21340313080158277 -0.239718663053482 -0.2697106584567339 -0.29831071721838415 -0.3224268235557081 -0.34087407006139997 -0.3533223533756591 -0.35654615123241457 -0.3492403706586359 -0.33153218622342506 -0.30381501289225843 -0.2667392304289927 -0.22119371699087223 -0.1682784117616899 -0.1093554482065423 -0.048833684633430186 0.010087537489549048 0.06552539016733139 0.11594717595557147 0.12967942114901349
