_RESULTS/CROSS_VALIDATION_POSTPROCESSED/MHZ/GZ/4comp/1/MHZ_GZ_z_0_kriged_reverse_4comp_spherical_1.asc
ncols 100
nrows 74
xllcorner 5.5967023332191781
yllcorner 50.982320383219182
cellsize 0.00019249356164376555
nodata_value 1.7014100000000001E+038
[rows 18 to 35 of 74, columns 0 to 40 of 100]
0.0040951813895542906 0.003544863733852442 0.0029003165562751666 0.002254589554608916 0.0017872671827851242 0.0014722322100970734 0.0012833421219808018 0.00120523724046985 0.0012396548435832041 0.0014152788984204455 0.0018089261991941887 0.0025915495889761494 0.004109499703159026 0.0070664315029727535 0.012772772854529471 0.0232512452471161 0.04045351333389531 0.06375221957571123 0.08745896112213047 0.1029817295764214 0.10467321662824829 0.09280397524347563 0.07253791200254013 0.05282530875927524 0.03659362378988106 0.02434192498050392 0.016479499826932146 0.011657319635527918 0.008701640559326745 0.006899950930134411 0.005847411464824846 0.005326096705760046 0.005216455737510338 0.005285300175404562 0.005393656379067485 0.005527895654229877 0.005671618650386497 0.005838131739391859 0.006195991367353747 0.006776109026720328 0.007592417947742897
0.003498970962959458 0.0028363038239887944 0.0022266481244874593 0.0017376278833696622 0.0013874182505166299 0.0011582014222057753 0.0010307379068095978 0.000996754385751339 0.0010646707054110072 0.0012714191144547993 0.0017076278251234958 0.0025736619063706887 0.0043004332779241344 0.007783975234661163 0.01473478702202539 0.027830953403003667 0.04962800372280246 0.07920671167198927 0.10912309987932539 0.12834694805701144 0.12973598978999792 0.11395134082109197 0.08759920482427257 0.05985716243242238 0.03881175038335641 0.025313231701562317 0.01700011366241188 0.011878509492810933 0.008749019122148208 0.006856362264050453 0.005745199109424174 0.005173241167900856 0.005033340848900774 0.005132605870723743 0.005278387086452018 0.005459919561073016 0.005666060540297416 0.005981366687318568 0.0065533564644204775 0.007406093426376565 0.008581287029762234
0.0028962742139909924 0.002210356815504483 0.0016363479232488517 0.0012383089545384236 0.0009883045316001666 0.0008268481493923692 0.0007398233296031558 0.0007228375344178997 0.0007856872146795356 0.0009635326460220057 0.0013424181352377782 0.0021192654156323228 0.0037396559041083816 0.007190262724690007 0.014500449616611035 0.0291271874411586 0.054648078787602895 0.08970462281330459 0.12376455400749885 0.14337168464617905 0.14209268979216755 0.12249735343864131 0.09260119393573887 0.06184230777366768 0.03941164412037361 0.025641370056881864 0.0172845652036283 0.012164327875997884 0.008996619155511082 0.007039232948997894 0.005876332135315664 0.0052648013467962275 0.005138752256423466 0.0052712030682653755 0.00544484111767947 0.005649252485269267 0.005886571011855809 0.006348761983126304 0.007150337634449512 0.008336451361961289 0.009971921100992794
0.0024059918797192247 0.001727452725385623 0.001202187304010531 0.0008552731638068974 0.0006417128417998565 0.0005240499379964753 0.0004632675555949924 0.00045020301219003743 0.0004905134738546176 0.0006099325129705973 0.0008738351435605162 0.0014396742100438286 0.0026877614268535637 0.0055335075330503955 0.012079494048166363 0.026491374219011543 0.05404198738515853 0.0929021671421474 0.12689182552090256 0.14178118483258326 0.13583808594284255 0.11418853179339866 0.0861351090188387 0.05987373531036868 0.039084029215112 0.025811876429229032 0.0176690494629943 0.0126168616891344 0.009453036363885746 0.007473498644246411 0.006270289022602083 0.005667233251276695 0.005565748871999409 0.005733371236590341 0.0059482879491994526 0.0061901602523778175 0.006494509775481334 0.007103991116554919 0.00811199582108569 0.009632414333781897 0.011843684979950203
0.0020511589373341968 0.0013872965969684609 0.0009067959812279456 0.0006038870833153768 0.00041817127881964934 0.0003128412419879157 0.000259189846290291 0.0002424676014151548 0.00025895797324796825 0.0003216313305687871 0.0004690880303328227 0.0008029448324335469 0.0015861729713188108 0.0035086340874182663 0.008354873098989279 0.020401995650297395 0.04738970063820217 0.08838449376619388 0.11493595530570941 0.12031389957030003 0.11159010997128588 0.09492074413325145 0.07490143019371284 0.055397517388978926 0.038341372136049094 0.02590211346226047 0.01812879476872205 0.013221634560864849 0.01009904205873688 0.008119975223606874 0.006937372777957993 0.006419412851436233 0.006347425434940342 0.006573723178562274 0.0068520408224325546 0.00715109023419616 0.007562434234860984 0.008364855478977022 0.00965559177947794 0.011583550404170823 0.014382923810327197
0.0018139918277503436 0.0011590243267735 0.0007112035636482472 0.000441476409469454 0.0002822818732157275 0.00019096855866193753 0.0001423692867509398 0.00012027334946014991 0.00011883026851058275 0.00014161490997018785 0.00020725467324803401 0.0003669979664287454 0.0007666138664044393 0.0018170988709344472 0.004675866161251644 0.012518084006099795 0.03352593366471176 0.07680399475362636 0.08434393633626706 0.08486921856929187 0.07965301263776414 0.07031163959533385 0.058864864021835404 0.04659949041346042 0.03474585195063412 0.024701446869062692 0.018086758049499163 0.013784313161752196 0.010929818299456079 0.009018120349855602 0.007941194900417137 0.00750792702056815 0.007493059813879085 0.007823042041572394 0.008206830572914646 0.008600396587579417 0.009163801588938626 0.010213440561102051 0.01186466977868176 0.014304867023696304 0.01781486450424149
0.0016821070601319658 0.0010202014271106317 0.0005884355493145551 0.00033981070581281386 0.00019999318010192226 0.00012230622938879074 8.076131699301577e-05 6.014502201747871e-05 5.2737848987385385e-05 5.720086186888552e-05 7.974830690677051e-05 0.00014327323852824294 0.00031512723111962393 0.0007955958377812766 0.0021701728389909147 0.006055766445344038 0.015987622426503756 0.0329425164975104 0.04379956013004147 0.047722157832140635 0.047713308920198684 0.04518361525564216 0.04064999132994257 0.03470321312062267 0.02801815645771174 0.021366590008744198 0.016547983420351287 0.013391612353996432 0.011305017782336328 0.009978262264195915 0.009311127037318807 0.008994625495913653 0.009086699168006702 0.009567396186262353 0.010090326145548195 0.010607275885826804 0.011354128463248573 0.012703100096382258 0.014794522849656235 0.017818163781328448 0.022093238939648152
0.0016520903097745456 0.0009579714944912365 0.0005216678400310582 0.00028071162719254394 0.00015194449745015254 8.417972286401307e-05 4.894457691907637e-05 3.139007561219223e-05 2.3602338291915794e-05 2.250414828790758e-05 2.9395366304909388e-05 5.326086034400751e-05 0.00012451967020375026 0.0003355702852416368 0.0009514824484131816 0.002589134505185072 0.006274252043456444 0.012270624746459655 0.01837058570708148 0.022580206151411538 0.02497371888605885 0.02576533051083976 0.025126965337158778 0.02325508833446543 0.020404612308490336 0.016900263715279352 0.013970814872007138 0.01211211262590568 0.010979567402350544 0.010488103444361192 0.010461719266885428 0.010741295212866939 0.011255495999281663 0.011953652019615318 0.012652960522279008 0.013321218052719689 0.014263508844635007 0.015926175030278367 0.01843772477797481 0.022057716725736944 0.027146625315146073
0.0017336039950822256 0.0009704111371347053 0.0005032646651058005 0.00025392730885817686 0.00012710689740587263 6.399644763867532e-05 3.3039420977301596e-05 1.8042898976236315e-05 1.1159268901768653e-05 8.81460588268227e-06 1.0569089627509336e-05 2.0058461328673772e-05 5.102292018426352e-05 0.00014626037979441093 0.0004117150803868775 0.0010719061519810999 0.002451213554768109 0.004688926148798295 0.007365443524353921 0.009923541593300859 0.012017028687949788 0.013479131805061637 0.01424658655801098 0.014298899548607285 0.013645680202692885 0.01233904820373386 0.010990673685423643 0.010297951907121659 0.010116832162841212 0.010413124829809925 0.011129285718518761 0.012219324789879355 0.013653649413272647 0.015119801801851917 0.016071812112153857 0.016904310492965202 0.01796631715841818 0.01983269870493492 0.02271272733132939 0.0269041008924747 0.03279387547326337
0.001956038492509484 0.0010696803430134464 0.0005354696531975793 0.0002561836602270037 0.000120156939879985 5.582169740353007e-05 2.6004116570634056e-05 1.2352347034102076e-05 6.178773738190218e-06 3.638018185399074e-06 3.8077721332143817e-06 8.492260012255268e-06 2.4165456218039126e-05 6.967044155375523e-05 0.00019054587826705408 0.00047083967324585243 0.001020889624957097 0.0018982870569137845 0.0030370400433758996 0.004315082795643022 0.005574355097104576 0.006696898568857229 0.0076044380100839925 0.008234911774967213 0.008525295216331847 0.008411539325927449 0.008145456739762346 0.008305097711323779 0.008811278568211508 0.009792395225414146 0.011280826037209458 0.013302915287397753 0.01589006909087559 0.018529876334648608 0.020460321863824144 0.02143889142951723 0.022407700544517226 0.02430639319233123 0.027397776446276285 0.0320209742110743 0.038603004968496876
0.0023807181109867423 0.001289146634809889 0.0006339638818059507 0.0002919944393899573 0.00013087258532794378 5.764573842625409e-05 2.5193683302665397e-05 1.102416195952259e-05 4.869632240475949e-06 2.1877098643681523e-06 1.780204593443881e-06 5.248094350300344e-06 1.4925917390126193e-05 4.025906268468703e-05 0.00010175380327943937 0.0002327915535496155 0.0004713797323955289 0.0008371270212003032 0.0013313976534599537 0.0019279994761626671 0.002582124175001484 0.003253804845399179 0.003912634276588039 0.004528626862921537 0.005057837357878944 0.005431617445547891 0.005721958935379673 0.006311018111838432 0.007270698012888669 0.008789483731402514 0.010981073320686496 0.01396497249274577 0.01780946177579975 0.02178083928028247 0.02505654847801962 0.026834069221626563 0.02745602115311033 0.029055309310176598 0.03202949184346909 0.03675544934972566 0.043743003293846894
0.003123671560925236 0.0016981571737811492 0.000833912310634806 0.00037744917828741133 0.00016526501705650868 7.127694488431657e-05 3.07280325246186e-05 1.3495611233086637e-05 6.256421072167934e-06 3.4211773986188083e-06 3.229254002642348e-06 5.910535085835737e-06 1.320236182471886e-05 2.9938518197286713e-05 6.552149475568877e-05 0.0001339957926836312 0.0002472953368791029 0.0004116023877722516 0.000632789738203339 0.0009062177887381052 0.001223803963344415 0.0015809104291052917 0.0019782912972283215 0.00241741480146118 0.002879730911738186 0.0033148778194478754 0.003776417011905454 0.004539259535979803 0.005731184463126462 0.0075977305593329025 0.010362985389628513 0.014267164153711267 0.019312555085002063 0.02462934216800186 0.029205965134328084 0.032107938693393366 0.032807085188030466 0.03363235203964562 0.03602842860125279 0.04033810674720389 0.04713461214964219
0.004397479475383863 0.0024309660615045667 0.0012081550218234437 0.0005495692840082682 0.0002395479466389058 0.000103914567316152 4.5930557743158125e-05 2.139308866146554e-05 1.1141439350768923e-05 7.277767688867721e-06 6.8462931840944804e-06 9.240671889193365e-06 1.549983681869904e-05 2.8036852484574408e-05 5.086434996197052e-05 8.944520785382922e-05 0.00014643477653688005 0.00022380860685611797 0.000325010682323362 0.000450387021671766 0.0006005989135361732 0.0007781382156804488 0.0009891108544337853 0.0012457903732767523 0.0015538919979691877 0.0019026128402254176 0.0023580829177167234 0.0031170165782249317 0.004352972699690434 0.00638655617850838 0.00958521536458861 0.014333968308953253 0.02038714491851385 0.026819191505070786 0.03251905207533115 0.03654529786278232 0.0381101470458489 0.03800017295190354 0.039269652077908425 0.042453587103340025 0.04800100585361678
0.006585985615565343 0.003740528441010328 0.0018987322627865176 0.0008827034421997667 0.0003891083315815302 0.00017239319253148594 7.943684731496192e-05 3.961606829024905e-05 2.264823601531161e-05 1.5985575930714883e-05 1.4159057212506889e-05 1.5619367415881157e-05 2.0351436696137546e-05 2.907682312727293e-05 4.30524895271881e-05 6.386808494819402e-05 9.144130270411027e-05 0.00012619727739435072 0.00016940927899175627 0.00022197413002946083 0.00028626426242471287 0.0003672219101652817 0.00047287390062697454 0.0006132641724100759 0.0007967629229571505 0.001033909666591363 0.001404974906563991 0.0020601852460938284 0.0032113137763093227 0.005269204897084455 0.008792649735556369 0.01422637084618143 0.02109924998806443 0.028419955647464485 0.03506795670553719 0.040010231199673806 0.04235132914490377 0.04181353569949413 0.04132510233055427 0.04262419608931891 0.04574510650247401
0.010371634637389632 0.0060905728928502545 0.0031665336761946194 0.0015100988798985077 0.0006855683836523104 0.0003117062030266873 0.00014981824487357465 7.9066536367725e-05 4.795424760075594e-05 3.384914021630422e-05 2.725044907863588e-05 2.5421561204280617e-05 2.6952786782346033e-05 3.12295418629484e-05 3.806646344662085e-05 4.747523098439425e-05 5.897226794676953e-05 7.243729068946405e-05 8.827515291502178e-05 0.00010707067529306649 0.0001304941921272562 0.000162022349286644 0.0002077770008570767 0.000277186482991418 0.00038238682880049456 0.0005364266966475211 0.0008061910266067259 0.0013209729885399614 0.0023148617531827073 0.0042915204256953315 0.00806541492347759 0.014122552294193987 0.021734962577583 0.02950204229234322 0.03653958761165822 0.04197345833956109 0.044831196927346925 0.044373698183259994 0.04200998618616597 0.04103382720595498 0.04134298237230984
0.016936779673926664 0.010282342783181773 0.005441335021654485 0.0026544361670338555 0.0012495701732610793 0.0005891695598911482 0.0002937394594222868 0.0001611168530717531 9.846501016292734e-05 6.597952202546208e-05 4.824735900002016e-05 3.912111531774967e-05 3.497699097298129e-05 3.380976519930695e-05 3.4519017163184576e-05 3.649173477407559e-05 3.925084323920745e-05 4.256297331779962e-05 4.6471324012170646e-05 5.124205080887821e-05 5.7710842389364964e-05 6.767257271248071e-05 8.454520183433008e-05 0.00011438082754848454 0.00016689077283873381 0.0002598728028617597 0.0004480598774571085 0.0008294024792742072 0.0016354189845553127 0.003433524838647386 0.0073214030249508415 0.014321265011679657 0.02218653448066197 0.02949365624280216 0.03634655651341369 0.041957458071349686 0.04518011428115429 0.04504014225509303 0.04150729007203714 0.038376531909051104 0.03632014107505931
0.0282435474980214 0.017460829536331622 0.009215702480735275 0.0045654549319414876 0.0022273702505123307 0.001105148063564744 0.0005712445623872473 0.00031377157955205166 0.00018818880024617886 0.00011863758410522604 7.925082228189266e-05 5.693930574642125e-05 4.406994286232987e-05 3.644160652891107e-05 3.1784601439783074e-05 2.8871726893236437e-05 2.7020792193663708e-05 2.5821881704623147e-05 2.5077644241987846e-05 2.4795213253708775e-05 2.525836162054078e-05 2.7199760155208912e-05 3.2199886876033544e-05 4.347975822443433e-05 6.711790490357345e-05 0.00011873963004253997 0.00023830345081773062 0.0005129255621244191 0.0011376878043480984 0.002622296293577291 0.00620239379139766 0.014729168928926206 0.020876307759842186 0.027314481714437778 0.03398725409132248 0.039807246474675054 0.043445936723823804 0.04374141128895518 0.040208269049545955 0.035406974917724474 0.031702149394853184
0.046088252080033615 0.026474830261028117 0.013605092913562577 0.00686907194697251 0.00349678827336622 0.0018284517897971984 0.0009731203662481601 0.0005388730427788009 0.00031925425680911183 0.00019363975389489137 0.00012109787566668846 7.879770248377235e-05 5.3910538966491504e-05 3.897749456018588e-05 2.962525266186707e-05 2.3510912954984557e-05 1.9349471254097662e-05 1.6376449647262167e-05 1.4155545630937094e-05 1.2473415134838732e-05 1.129714701731673e-05 1.0817573741855391e-05 1.1652919943269058e-05 1.5376949437057023e-05 2.5668109969089504e-05 5.337118051316287e-05 0.00012606350181875353 0.0003141206504441575 0.0007805583245172543 0.0018923019084015002 0.0045034419385937274 0.00966748084309919 0.01614538057342407 0.022887495241527722 0.029792168898049563 0.035985125034436495 0.04014783544019078 0.0410278982922724 0.03802971453301104 0.03270602719833658 0.027969248256927474
