_RESULTS/CROSS_VALIDATION_POSTPROCESSED_CLR/Berg/IZ/1comp/4/Berg_IZ_z_90_kriged_reverse_1comp_spherical_4.asc
ncols 100
nrows 90
xllcorner 5.6208707817415728
yllcorner 50.959635321741573
cellsize 0.00013419651685393446
nodata_value 1.7014100000000001E+038
[rows 38 to 56 of 90, columns 43 to 85 of 100]
0.5715365876718477 0.6979385880270852 0.8361159167026533 0.9834804846857728 1.1442821008489117 1.3196085166762277 1.5014779441474273 1.6804810813603088 1.8456466012216182 1.985192078489964 2.08893811588694 2.1520448181577057 2.1781967955120862 2.1824289432418276 2.1979478430813035 2.250351980680012 2.317591834745257 2.382450491090104 2.43614001518943 2.473264989665 2.484448808287011 2.4538096349947383 2.370520705328582 2.2396279586389545 2.0766948211379193 1.8979681089648877 1.7159915532821945 1.5400051167840552 1.377212528669228 1.2239449846990773 1.071207516228381 0.9190115674583096 0.7754178460423714 0.6428791144068158 0.526023933676016 0.42869035403267114 0.35358645039117553 0.304174825570133 0.28710728612790914 0.3088552882794512 0.3797935818270099 0.48575972669586903 0.6173383595985819
0.5836054309701199 0.6965056394963913 0.8206391890454634 0.9518207768211551 1.0959753735853042 1.2521493199980136 1.4127187249353006 1.5692524252851834 1.712696426605734 1.8341011890904053 1.9260346636960275 1.9842683673026795 2.008744907373093 2.004381484309847 2.01762083978899 2.125099461592555 2.2312220043517765 2.3269068152867343 2.4125529051593286 2.4844031558385686 2.5315261793669204 2.528201151101052 2.4503435055756757 2.3076037214757443 2.1308126872545037 1.9427349926981987 1.7563755479111847 1.57998249536742 1.4183708652901514 1.259701105086879 1.0993110829810004 0.9391821159050768 0.7862241533649545 0.6462468620621519 0.5232406369457792 0.41880806240117263 0.33630694533105954 0.2790549988283285 0.256891988733394 0.2807794718189014 0.3556657776903588 0.46735046244211187 0.6021560271293414
0.59153697583769 0.6931876383746342 0.8053252382669849 0.9220950555887671 1.0503322746182828 1.1887803969970274 1.3304706877729608 1.468108999623316 1.5943496105508208 1.702388360487913 1.786825597154844 1.8445939293830151 1.8757322797052252 1.8868646983746769 1.924116515353986 2.040017697883523 2.164257041878809 2.2833659276326816 2.3958348625898633 2.500247732989064 2.59016609787637 2.631952713485469 2.5524368591801974 2.380436638364884 2.184633917137983 1.987453345297705 1.7973531208238112 1.6193740420890763 1.454181616393237 1.288619193619281 1.1222422385192277 0.9556140248958751 0.7946309642136155 0.6466819442421718 0.5189198389718899 0.40931948665725226 0.31954844755741263 0.2517072164938863 0.21709315698086828 0.2468578469958973 0.33234195374132947 0.44887594376669476 0.5836578541666766
0.596468714917002 0.6890798938217242 0.7915023021211822 0.8965904934449995 1.0103412197512833 1.1325510766394409 1.2574917651684683 1.379036072834005 1.4913717477740662 1.5894754547503889 1.6697898329780467 1.7309830737031457 1.7753778828767632 1.817410832755249 1.882084162061349 1.982757637678206 2.103265329511721 2.229707994942685 2.357469313475984 2.4825732009309105 2.6051335951758 2.721733830251776 2.6185874865669994 2.411202168785782 2.206424754832976 2.0079654845146937 1.819498430156377 1.6447754852085053 1.4774020672432349 1.3083667151789138 1.1381997662209518 0.9673514862647902 0.8007143088482552 0.6473025507105221 0.5146582265200297 0.40336912764358507 0.3108780172785792 0.23724477473076455 0.18125472203915827 0.22451576521054828 0.3234386655830389 0.43816409818074514 0.5671969736853122
0.6001641192652064 0.686090952142145 0.7804056622080273 0.8762245959186415 0.9776709924824556 1.0854143358250572 1.1951863316462155 1.302524133465495 1.4029290500057818 1.492605153223352 1.5686398031886175 1.6314554311667275 1.6873241008561213 1.7475856748629073 1.8239170222376901 1.9225074679803837 2.037635875627698 2.1607494049331404 2.2873624479521006 2.41118765454362 2.5224258552533776 2.5881004840187884 2.5222397255375077 2.3599862821260205 2.1773027111240904 1.9946808747425195 1.8193521910028783 1.6536822829547622 1.4867162556961508 1.317080898680235 1.1456898287382344 0.9737323065262812 0.8044419117187357 0.6486988671237306 0.5142743338006933 0.4026430389077829 0.3148117720882643 0.2508796445246252 0.2202740952746548 0.25230097482833846 0.3368884973963624 0.4403675377673863 0.5566343224914398
0.6049339377379186 0.6865566796529099 0.774340322050202 0.8620503207363177 0.952675609347612 1.0477096669795793 1.1440744820833304 1.2381378758107795 1.3261715663333469 1.4053968022035608 1.4751149081781025 1.5380054110043668 1.6008436610797052 1.670404634670041 1.7527699983712657 1.8503401479976125 1.9600924283997088 2.0756609460563507 2.1911498891680257 2.298006256168965 2.381039601694618 2.4120836467909745 2.3650559391808286 2.2515146237526804 2.105530509949843 1.9499038499849575 1.7963255453787847 1.642020137812283 1.4805401436840344 1.3136833840438733 1.1443222933514057 0.9742739952157168 0.8055995103110771 0.6506421591693514 0.517802480964846 0.40895039268413913 0.32690522708304204 0.2764166362304241 0.2615296911638648 0.29066563560209735 0.36151252599680467 0.45291182334735774 0.5529586403613981
0.6146625350701762 0.6934297704134045 0.7755584571108552 0.855829365596641 0.9358341817842223 1.0189038899995901 1.102428793624657 1.1824756353247052 1.2566397027352398 1.3240821802908243 1.3868022043271377 1.4493127913557762 1.5149299570281665 1.5876297850666934 1.6708131189314572 1.7655958243315673 1.8696550689245839 1.9771352830477913 2.080077404836067 2.1662980570604766 2.225357303075718 2.2412004834571615 2.2044194983381136 2.121540906340094 2.009227618710996 1.8835735414085557 1.7519284103842427 1.608742455024179 1.4565743614041273 1.297786909224035 1.1341412341334955 0.9686386354571922 0.8039938691507308 0.652505999887826 0.5236498329519743 0.4197154871889259 0.34386854696183766 0.3005999439902145 0.2929042467269678 0.3221839311695692 0.3854969643911302 0.46621522693614686 0.5547696828724056
0.6354064285641712 0.7097854292626844 0.7858292507248511 0.858889312726594 0.9278398663649124 0.9987744395435793 1.06711695383526 1.1321162118182446 1.1927859793353046 1.2504516140763795 1.307738340548639 1.3666418152310533 1.4299626730847852 1.500435654871441 1.5801486494885908 1.6696879528633561 1.7673845923775842 1.8686006443678287 1.9639143070396146 2.032151000397624 2.068844306667615 2.0762935930905417 2.0476523470567285 1.986660881691927 1.9020517776158699 1.8030667030242098 1.6871533178398908 1.5570176687182569 1.4164471650012247 1.268187338908401 1.1143468583348914 0.9566837550873865 0.7992916044209862 0.6537273784061096 0.5303158653315179 0.43213199742220315 0.36213284336749496 0.32381591624585204 0.3183280566297936 0.34577761975140253 0.4036634530433378 0.4756475790592426 0.5548836023706857
0.6739158076317072 0.7405091797153639 0.8091889028946588 0.8745827077204725 0.9322705900301992 0.9884081409613474 1.0411528978212976 1.0905307350743851 1.138847687665723 1.1871201684679127 1.23657937006691 1.2889527196369919 1.3462684184144738 1.4104968555473347 1.4830640030589968 1.564358859788991 1.6533901122643488 1.7479325059800366 1.8454340989090665 1.8962758307076812 1.9113692812982066 1.9143191931507748 1.8944855405916141 1.8516127524868988 1.7904413408451565 1.708323863696087 1.606865808802889 1.4904964266557035 1.362769867350679 1.226517719524891 1.0840438127222742 0.9373177977879354 0.7907476483787376 0.654165035507017 0.5370219813089758 0.4448567207175107 0.38025928901875244 0.3459162816671857 0.34198189372561316 0.3676019398668756 0.41813045363509377 0.4802352783524121 0.5500790138707272
0.7275003392859376 0.7859234901766552 0.8471776025089465 0.904772791410238 0.9499009078714924 0.9897667887476993 1.0271096505046304 1.0624213038534718 1.0977336700213844 1.1340727751544097 1.1727403819528837 1.2152633426803734 1.2632173671044948 1.317968445282636 1.380351451651832 1.4503305379064741 1.5266517407816957 1.6066096289850464 1.6834132721045376 1.7285630816952573 1.7451491484789003 1.751535033799535 1.7440829665143343 1.7190428481390236 1.6718755554828206 1.6026529032400432 1.5150266944170672 1.4124722390281756 1.298106185662188 1.1746695700484153 1.0445030489737102 0.9098208504430637 0.7778127797678872 0.6535762175304127 0.5438099995826811 0.45776646795397474 0.39834405879587415 0.3676780441077135 0.3652489793538968 0.38989389846360556 0.4329933407919347 0.48559975221491253 0.5451495997673139
0.7914247478358356 0.843535622908149 0.898489423677027 0.9474893068372049 0.9821762439689361 1.0072963724502266 1.029841426084748 1.049850477431636 1.0699255778159737 1.0918834934941635 1.1171207116616169 1.1470072753927056 1.182762001240617 1.2252771961147402 1.2748825608719512 1.3310324531714022 1.3918250994003083 1.4537194283500856 1.5105144611869554 1.5516680762848636 1.5763823708402993 1.59163166754457 1.598243586689609 1.5833827694100626 1.546233757235005 1.4891140192149421 1.4147402867353676 1.3257576226287204 1.2247967513817897 1.1145026747393643 0.9971116832783806 0.8763975057345551 0.7599077880389727 0.6504769751816981 0.551389546255572 0.47155301910894326 0.4172814589577885 0.39034192574745413 0.38962992153597176 0.41286090922882207 0.448605044348995 0.49265476321114066 0.5429252518833358
0.8633519717161344 0.9123925863176523 0.9639366482529446 1.0064646176713057 1.0334574538800096 1.0447763097823874 1.0506122309042578 1.0533689385305178 1.055975925317675 1.0613265901490219 1.0709330144037994 1.086022340601227 1.1075102980645515 1.135915824019258 1.1711985703631425 1.2125024857453324 1.2577771849498318 1.3044774220702247 1.3491434884268796 1.386914794823535 1.41677373821559 1.4390061775194378 1.4502585718659344 1.4430115539429005 1.415701023144377 1.3701292792466444 1.308390790727881 1.2325781357404189 1.1449166164094449 1.047794445381208 0.943502448682095 0.8388628100469933 0.7382870501347398 0.6441964859070404 0.5589530863037458 0.48741965888318434 0.43840250905982303 0.4153714001858724 0.41669560099717046 0.43659306105108936 0.4654510048927365 0.5016730908971812 0.5435098634137436
0.939690918421382 0.9955360105958747 1.0460649093272685 1.083851511933033 1.1037008867418474 1.1032123984494462 1.0900581206791493 1.0732305304275587 1.0562783937028877 1.0431646361938167 1.0355029144119559 1.0343256898933149 1.0402572897421616 1.0535305085569329 1.0739058687145921 1.1005104629037947 1.1316629154799014 1.166548668163679 1.2031605613428744 1.2382313147610722 1.266449431030458 1.286762695599387 1.2996506581460638 1.3000810001266356 1.2823748084190238 1.2478718907902868 1.1981768996998263 1.135052218604221 1.0604104916832566 0.9762521636456218 0.8870643846210763 0.7989713748958585 0.7144350090551844 0.6357951485256947 0.5653106507845038 0.5057683742347432 0.4632894381243802 0.4443448139225048 0.4472349754600605 0.46169944261358886 0.484048442158496 0.5130265564210921 0.5471311869879172
1.0092834092014664 1.0773846268420615 1.1370698502047167 1.1780159155115286 1.1931689073956708 1.1812507962022245 1.1481753484787665 1.1090508290618022 1.0708006516245254 1.0379798204523738 1.0121461493219992 0.9939972036322733 0.983838574755042 0.9816841433796477 0.9872451772260101 0.9998543377935297 1.0186643986771522 1.0431436956384141 1.069493643596128 1.0949325608459115 1.1174137187643842 1.1358098450503138 1.1497441497489609 1.1566517705607895 1.1482592739619695 1.1243845491728308 1.0862423949735311 1.035282860275559 0.9731307838973234 0.9026693717001996 0.8302179753248586 0.7585433707699498 0.6899613687234335 0.6267123531122638 0.570950712270282 0.5247379794246217 0.49279222881188983 0.4788974268265677 0.47977181669519414 0.48874850252133734 0.5049059226302518 0.5271198402169661 0.5540769535417529
1.0679809818488004 1.148911557159042 1.2203085113373413 1.2724202392676895 1.2914245138561153 1.270535548942308 1.220872068168375 1.1587134530732885 1.0987731019380376 1.0461306156759678 1.0021720874491558 0.9671785795014467 0.9410333424607703 0.9232808029242716 0.9131953191655501 0.9097721290010209 0.9126481186170827 0.9220260634245049 0.9361592401554611 0.9530731991344767 0.9708628404600579 0.9879639002074216 1.0033211226140644 1.0147892606591755 1.01522895066015 1.001539748225273 0.9744138502182285 0.9350255291757794 0.8853605707000883 0.831044796486845 0.7749832720142251 0.7194153682113155 0.666537339572378 0.6184815546760165 0.5772978927729371 0.5449327226495032 0.524422721445086 0.5173878686407074 0.5146576082267131 0.518268164008297 0.5285083544932312 0.544360300810435 0.5646606107211978
1.1135545380424186 1.2031274987247698 1.287054308572439 1.357385391142263 1.3866226661949745 1.348682799451546 1.280703286356204 1.2027860143793305 1.1248949616076414 1.0556013117387333 0.9953774362873649 0.9439586931015832 0.9009128566715339 0.86571798350489 0.8378253457192814 0.8168189916155166 0.8040751621826897 0.7998763365211964 0.8034880023802425 0.8135262466920217 0.8280188517996596 0.8448538481316789 0.8622870557606901 0.8779534083464353 0.8850719418257293 0.8810817053230651 0.8643750039876296 0.8363919096587238 0.8019036014509534 0.7635157535335447 0.7233149718735037 0.6833999457962215 0.6458447855849223 0.6126717666304669 0.5858284937505854 0.5671660738583346 0.5578451756788696 0.5527266516449572 0.550320090055612 0.5507411110939104 0.5553128277417788 0.5651449579193759 0.5792035690877576
1.1433553350198096 1.234403286797361 1.3222635012862094 1.4078655432660137 1.4684497770344742 1.3916276697622862 1.3103616959134843 1.2253105778549085 1.1374565766039553 1.0544182725340556 0.9801245114814054 0.9140207844363645 0.855532189807701 0.8041339191498188 0.75946709425029 0.7222967123771549 0.694783691130358 0.677956297955167 0.6724099941201964 0.6773357010798766 0.6903132324202157 0.7082886395399982 0.7286775336480792 0.748677342803224 0.7611499175368872 0.7646741674842515 0.7584527161443287 0.7446534538682352 0.7252352684781703 0.7020641258020918 0.6770814063021122 0.6522540496432345 0.6295369442561338 0.610843761704631 0.5980228565571488 0.5924664603122071 0.5882424449886767 0.5840880976345832 0.5821265767223012 0.5824543141457039 0.5850509483122162 0.5898556679711751 0.5980263687419446
1.1552700068823376 1.2406680128433505 1.3190673753945898 1.3850847399128825 1.41226938688165 1.3726509414520165 1.3019768683663098 1.2201939259008783 1.132679086378425 1.0434910546885476 0.9579285756304141 0.8793703184071944 0.8073032119359936 0.7412508773836256 0.6811611895026523 0.6290920767861616 0.5869848280062822 0.5576467883566777 0.543948158565424 0.5459042726524321 0.5597338988426228 0.5805925924139529 0.6048796333622455 0.6292984292285374 0.6466292744617059 0.6570719560457063 0.6624473683091272 0.662519628652195 0.657307945212549 0.6485457372620683 0.6380462795373563 0.6276538116022394 0.6192083328199254 0.6145174499939997 0.6149204584409036 0.6160870615058367 0.6143891136812011 0.611127813216967 0.6095701048828146 0.6098157748018259 0.6118480615162785 0.6155526183312217 0.6207239675313679
1.1503579606215704 1.2256945616723662 1.2893199381069513 1.3330104663181732 1.3449951144351937 1.3184228145452221 1.2631549337585146 1.1904431046162474 1.1077104694286908 1.0205364706574598 0.9311208393738393 0.8426188421409234 0.7591178426754729 0.6803308775740496 0.6072287269768131 0.5411072658360147 0.4839378785918885 0.4407372047003621 0.4192720840150814 0.4214936246834826 0.4394414341418783 0.46498299299859375 0.4937826263975204 0.5228779476858767 0.5471461664657205 0.5663027288002199 0.5809561285025867 0.5919822583588665 0.5999174062894956 0.604674425451748 0.6078508090435653 0.6111738472449678 0.6163716771317451 0.624170911516114 0.63095940740697 0.6355133330546259 0.6358427671699838 0.6335046659217167 0.6323175754149268 0.6324900930442545 0.6340082156726887 0.6367740254259903 0.6406104211933341
