_RESULTS/CROSS_VALIDATION_POSTPROCESSED_CLR/Berg/IZ/1comp/4/Berg_IZ_z_125_kriged_reverse_1comp_spherical_4.asc
ncols 100
nrows 90
xllcorner 5.6208707817415728
yllcorner 50.959635321741573
cellsize 0.00013419651685393446
nodata_value 1.7014100000000001E+038
[rows 60 to 79 of 90, columns 0 to 43 of 100]
3.9528796406284896 3.955039179979866 3.9613299909912545 3.9697833212773017 3.9798042202624777 3.991481373410087 4.004757422801392 4.019454616582529 4.03529160031469 4.051891248820382 4.0687817030958895 4.085393779187647 4.101057883200992 4.115002875847848 4.126358338493159 4.1335917372538855 4.1353471835489986 4.135910118080779 4.134771073502029 4.1308949106950426 4.1234309464123715 4.113700037278145 4.102027810950333 4.088318313593937 4.072594728222013 4.055030830508086 4.035956708928809 4.015942088000528 3.9958610616779002 3.9767356432699925 3.9626287503063464 3.961156485290888 3.9722588227732056 3.9961428210536734 4.032557322978749 4.080828372691339 4.139997790643644 4.208955305165124 4.286462636646215 4.369108078816273 4.4538277357914895 4.538345242543779 4.620073632848874 4.69360944145823
3.997526448011952 3.9979661803245996 3.9987891153698625 4.000548465340689 4.003663113401761 4.008394866721117 4.01486442288822 4.023063853254337 4.032863317623846 4.044011976850306 4.056134863654974 4.068728447118718 4.081157730846749 4.092657118397129 4.102336242943815 4.110106543571271 4.116341705351828 4.1197018878686045 4.120816582287835 4.119898319719557 4.115889805966252 4.107757507808905 4.095340567106691 4.080667416410163 4.064296862124608 4.046753512978962 4.028646772199229 4.010677454623982 3.9936326084328977 3.978359086310416 3.9664188028993412 3.9658908950811274 3.9785640002398313 4.003150306906196 4.0387213123279615 4.084882183198342 4.141228126754349 4.206245855800233 4.276743449948044 4.350710895194945 4.426130132926656 4.5007941608731805 4.572272357758562 4.636231292536567
4.0341577925700225 4.028691150129716 4.02313496456932 4.018188031999047 4.014407733604674 4.012215131779781 4.0118994351827615 4.013619061286378 4.017398004326605 4.0231180269390805 4.030508793123812 4.039139015741808 4.048411771171028 4.057566355589897 4.066257811335894 4.07673419740444 4.088023821415294 4.097209270954638 4.1036362701964775 4.10676259333432 4.105833639748205 4.100161085206593 4.089265975624559 4.073182823459722 4.055588488938462 4.0378227533907785 4.020512044733301 4.004328337951173 3.989974082048068 3.9781525621490865 3.9695204789110767 3.9688074365407138 3.981296976725632 4.006298325820567 4.04277270675135 4.088811245506045 4.141571855807061 4.199479474201873 4.262001638194263 4.327407592399639 4.393773622874478 4.4590240558436385 4.520810350364966 4.575937775890317
4.058344391659005 4.046822665322493 4.034801026116137 4.023079865062026 4.0123473679268615 4.003177652927452 3.996026216965699 3.991220705674931 3.988946432869275 3.9892279252188105 3.9919095493306864 3.996639415815221 4.002860790737423 4.010355385556462 4.021038839084795 4.034692271102028 4.0505767946289195 4.065959882700141 4.078336502152319 4.085719086013774 4.088004735894948 4.085148654561615 4.077164328587746 4.064340064140832 4.046746179185773 4.028622986311513 4.011914209140005 3.997266132614136 3.9853107904352405 3.9766371957182924 3.971754222215327 3.971853322828961 3.9836791043807196 4.00745654466978 4.0415420689094725 4.084199410134683 4.1334603426192045 4.187160211558775 4.242741659289624 4.298545247845326 4.354116112701674 4.408096845097745 4.45894035954268 4.504753520112859
4.070568632370085 4.052876451530984 4.0342767709238085 4.01566768000733 3.9978646677196603 3.9815942794479335 3.96748249236901 3.9560359118495327 3.947615512750024 3.942404984315895 3.94037822060247 3.941272251473542 3.945424393750511 3.9543548538271596 3.9676983818240514 3.9848053246022257 4.004827430875982 4.0244593094548415 4.039989571393945 4.051015436080508 4.057449736249948 4.059218288905294 4.056263978880157 4.048542135991857 4.036008527056179 4.019068766922217 4.00292810380079 3.989605441071988 3.9796918848912544 3.9736278725516208 3.971676188650895 3.9738981760470544 3.982997447294092 4.003499353647315 4.034026762689859 4.072840030374432 4.11755828918193 4.164288345181606 4.2113045760195575 4.257042342672188 4.300774041793868 4.343470533236592 4.383942728288589 4.420795886812041
4.0713956507454405 4.0474216514150365 4.022114976519413 3.9964677074693635 3.9714210598997592 3.9478570760411777 3.926581952281448 3.9082983589509404 3.893566069148913 3.882753499984779 3.8760384860771326 3.874836377141845 3.8798096020363504 3.8907085365374416 3.9069958971408156 3.9277374749061646 3.9493160050402065 3.970196389368808 3.989042874473901 4.003892519466698 4.0145596226238816 4.0209395278908575 4.022966246652882 4.020601465877046 4.013814462067364 4.002554956605904 3.9878733968383346 3.9757129197268677 3.967392703062399 3.9632879938940913 3.963575509244733 3.9682205315068435 3.9770542870044245 3.9943122939126883 4.021359110777881 4.053978516298897 4.0896618391094846 4.1272567354471414 4.165477707137106 4.202920075144352 4.238069858475653 4.270079158911697 4.300658927236621 4.329000508827145
4.061440672236056 4.031088772679873 3.9989417420515374 3.9660801041748632 3.9335687670050827 3.9024498962593728 3.873724020437262 3.8483148283907394 3.82701777176059 3.8112917122926597 3.80247603923993 3.801026968207086 3.8070205690328267 3.8201441964824436 3.8395859434759396 3.8613372044823175 3.883525326129658 3.905570643919148 3.9268678633301866 3.9457140349555897 3.96066672711307 3.9715937706766415 3.978430877133208 3.9811627930213405 3.979793730210773 3.9743095959573136 3.9646351318991493 3.9535427732490525 3.9466635724242027 3.944440388159742 3.946972946380584 3.9541329628315895 3.9655732168013804 3.9805628773665322 3.999701714408672 4.022984585941694 4.04946658308389 4.078089780428733 4.1076996788703255 4.137055700994199 4.16483679739158 4.189644832522418 4.210977688156845 4.231174025058177
4.04137323659195 4.0045777886174525 3.965468548374652 3.925204802433731 3.884969731432983 3.845968806028046 3.8095697713781966 3.7776246180128905 3.75162204405321 3.732849701458947 3.7223029205692337 3.7205675885366203 3.7277420488968307 3.7434023962538907 3.7637320409927257 3.7858970410972126 3.8091782159623846 3.8327861398007803 3.8559512363791497 3.8779792958125223 3.897231916270963 3.912580424953335 3.9239792974445855 3.931460424504894 3.9350925646424715 3.934930999876183 3.930960997484266 3.923238116497513 3.917671851059473 3.9172945209317263 3.922130858438071 3.931952073143797 3.945171837452829 3.957026051837234 3.9678371865998314 3.9819295570395306 3.99935916594843 4.019156405960209 4.040297754475127 4.061711804328018 4.082278198674831 4.100821797220821 4.116105451231951 4.128543588951452
4.012101470323228 3.968894637932485 3.9229086356943768 3.8754608652195026 3.8279968569402736 3.7820960794367435 3.7394601037119513 3.7018699934893062 3.671098718807752 3.6487708817834688 3.6361805463676395 3.634105621225454 3.6426778799058726 3.659443064940358 3.679928372301306 3.703179509101251 3.7281571487526657 3.7538025087861144 3.779149060479467 3.8033836312110005 3.8258684835407992 3.8454316643572817 3.86104726070737 3.8728224205721795 3.8809288341813835 3.8855342204851286 3.8867283242410275 3.884446972277164 3.8806033454476037 3.8820780417553946 3.889334202005821 3.900921390871987 3.9113273781573845 3.9200470824234914 3.927202324941629 3.933267918639553 3.9417952440851987 3.9528822384739146 3.9656383591862556 3.9791694441431247 3.992568081088341 4.0048957486623475 4.015159817926385 4.022300381658107
3.9796390376727815 3.9302326669901824 3.877760502939214 3.8235675944298326 3.7691661295162286 3.7162610261585463 3.6667607227460786 3.622753016767715 3.5864174703556526 3.559847307005549 3.5447797663343756 3.5422903188901373 3.551917678956703 3.568418681302045 3.589935411024648 3.615139090239545 3.642556164179453 3.670790815263047 3.698652005604333 3.725204996724559 3.7497758241140517 3.771930197305014 3.7911946584262903 3.8066757131186555 3.8185915329064786 3.8272768830992314 3.8329833271558744 3.8357759648130507 3.8356574947846926 3.839036518227907 3.848316182120702 3.857374420612471 3.864821578121798 3.870732671694136 3.875110341763936 3.877947487107586 3.8793206352364265 3.8817718401082595 3.8861509089482347 3.8917533912054925 3.8979036829786438 3.903922997001944 3.9090871230527005 3.9127637925410084
3.947516564816292 3.8920718112360904 3.8331652157648044 3.772134324081845 3.7105190733622955 3.6501146180762434 3.59302035606638 3.5416596707548678 3.498721804019598 3.466958276034719 3.448788202174332 3.445774244555426 3.454849066683398 3.472013610496447 3.4957398415681005 3.52400309341685 3.5547504007203097 3.5861852353512518 3.616883878730162 3.6458097836243595 3.6722826081939344 3.6959332598067833 3.7166557808112746 3.734554191955351 3.749444248239344 3.7613557422979174 3.770778261981608 3.7779772834994207 3.7828567812565077 3.788396794261274 3.795989026225218 3.8022737250527947 3.807248034585899 3.810774222675773 3.8126909824701682 3.812891580856533 3.8113693050611297 3.808236255778165 3.8043553456503307 3.8018595876744765 3.800531074971533 3.7999945555473946 3.8004989869431838 3.8021308574358157
3.9169936766347666 3.8558180721939417 3.790685267224681 3.7228797638381232 3.6539103788425864 3.585594283709314 3.520160283268253 3.46035037598269 3.409454669212932 3.371143808331343 3.348925664962901 3.3444036122616287 3.352864113087417 3.3721582363419698 3.39968672042907 3.432393404715414 3.4674849074435334 3.5027363427014038 3.53652801715361 3.567774648484187 3.5958370066719025 3.6204485193529163 3.6416339410745184 3.659451228210587 3.6745557565314675 3.687785174566319 3.6996908453894832 3.7105040845725 3.7203103819226904 3.7273587502444174 3.732709027979806 3.737186471090277 3.740352346033905 3.742036173449438 3.7418781910220713 3.739645785159856 3.7352920671226926 3.7289666090787943 3.7210060961772755 3.71192992477445 3.7033075698031857 3.6971216050334292 3.6936533061191357 3.69299312346321
3.8893232025368145 3.822907367745542 3.751968074920587 3.677686520243948 3.601465170128542 3.525037365238568 3.4506300700876738 3.3811858982420473 3.3205989005810848 3.27376403044057 3.2459802769219745 3.238408372246518 3.2476476237002307 3.271240258612221 3.3047115497382054 3.343503264880952 3.383974963225022 3.423549549317558 3.4605286042717847 3.493862060444769 3.522322973458196 3.545689766833168 3.5645790398714254 3.579889371183473 3.5927589352244267 3.604475484965058 3.616291969219247 3.6291261146823146 3.642867140106964 3.6501379012873008 3.6549127264035124 3.6598896813257533 3.6639589711839826 3.6659481637221365 3.664820850891446 3.6603786213806453 3.6532322255429444 3.6437607092384345 3.632580303883784 3.6205673167419095 3.6088114283580564 3.5985346347375877 3.590962563684495 3.5874110292710464
3.865702983556747 3.794750527847674 3.7186880678291256 3.638550638650765 3.555558227942988 3.4712302999571807 3.3875842421651443 3.307476897770997 3.2351503151582026 3.1768805936094227 3.1407168569001818 3.128995003811671 3.1413469608207487 3.172563510611205 3.2147396030297095 3.2613247485085095 3.3079837066917346 3.352069291036625 3.391004314807836 3.42349125804747 3.4496565117359372 3.4699878020687773 3.4853005194153917 3.496746130944186 3.5058299427894104 3.5143801677340187 3.524369901591819 3.5374900165556435 3.551730414628368 3.5592396468682708 3.564231376351736 3.570797801500071 3.5770453281156516 3.5812459608201137 3.582049108600847 3.5785283058891926 3.570161995017607 3.557906283623627 3.5434114006569137 3.5277519430237123 3.5123120178640974 3.498716768775992 3.4886920658118252 3.483826018736351
3.847212467663451 3.772652866657739 3.692447520578396 3.6074671586552163 3.518701872402327 3.4273489247763558 3.3349857364672006 3.243930612642262 3.1580257852495026 3.0842732075400674 3.034161090838195 3.0174349489908256 3.0373846188368763 3.0813667884209526 3.1352952504399525 3.190842875838353 3.2433702694009066 3.2890190614412367 3.3269678213501677 3.3572182121273224 3.3801328928688004 3.396366110080527 3.406872921295995 3.41297876461658 3.416495080615372 3.419829092230202 3.4259263966581366 3.437667371457275 3.4501179651180225 3.4588535216050937 3.4659538876905485 3.4758139054962243 3.48564260881046 3.493093111388263 3.4965103462094342 3.4948441995182917 3.487543662575093 3.474489370619997 3.456318275823259 3.4360416100505207 3.4156764727862994 3.3973148412713017 3.383330666947627 3.376085821646538
3.8347391148595182 3.7577129049419113 3.6746367912595908 3.586239411001174 3.4932966521618356 3.396670745077869 3.2973949121509873 3.196877903667777 3.0974722531343666 3.0043405946052992 2.930135696345034 2.9054378843761546 2.943359432212604 3.0068655060937175 3.0740629654932183 3.136866636669143 3.1909745658005013 3.2358241236308136 3.2714895408652005 3.298335178598937 3.316921926809494 3.3279968929463704 3.3325430266760616 3.331900403984949 3.327991423959844 3.323670622855336 3.3230647445471737 3.3300922851358976 3.3400756390544375 3.3514629793005515 3.3634069065581222 3.378804396528528 3.3937705146302757 3.4054206758712646 3.411956137680285 3.412323376634549 3.4060008330117735 3.3929028285030665 3.373367515975609 3.3483178462870162 3.3216208259132167 3.2967314528767444 3.276824880763664 3.26537964020338
3.8289050343755133 3.750714880833806 3.66627294642519 3.5762312620153995 3.481245207807084 3.3819764430218537 3.2790995578336997 3.173319432219049 3.065426669261399 2.956543143198813 2.84702447862451 2.8006386919693016 2.8813425922983855 2.964153075759838 3.038728858396317 3.1020608482467065 3.1543632413503424 3.196060252590592 3.227658293473987 3.2497274594262437 3.2629060728882364 3.2679241270615345 3.265658412380331 3.257254125790643 3.244392849742519 3.2298751554126 3.2187492946985587 3.2164054097482797 3.223606025047878 3.2405613505613156 3.2610759362494663 3.2845084130631728 3.305924203493757 3.3223779828536055 3.332259862440171 3.3346783534330746 3.329195502002735 3.315741391844238 3.294631921513891 3.2666663201417863 3.233387688521829 3.1999412586731637 3.171575711521854 3.1533500844433524
3.8300081537327157 3.752038605816291 3.6678561010678656 3.578127690076414 3.4835326399119273 3.3847730074999602 3.282597428297258 3.1778622681604567 3.0717215177992903 2.966415413115908 2.866532560354428 2.8285804198835844 2.8909083768806045 2.9661710015218192 3.033472214524296 3.090351393942233 3.13651292780152 3.1721632997054443 3.1976969491475296 3.2136054777242946 3.220446184271779 3.2188337209951 3.2094517943339262 3.1931048929847874 3.1708783071663014 3.144629679928448 3.1186070645191357 3.099307345491593 3.1030524638182504 3.132169302776879 3.165885334222799 3.1990174751144305 3.227156842727178 3.2482561477623273 3.2612575952277636 3.2655372289930815 3.2607395197030637 3.246752897260712 3.2237627452068693 3.192382092004611 3.1538971947249466 3.110901899874507 3.0709356039931466 3.0421387589578117
3.8379917894498314 3.761611603267867 3.6792904368781563 3.5917967149036767 3.499967574162664 3.4047639859981107 3.3073871170638 3.209548351315342 3.114168906076279 3.0273821087022226 2.9594873147044476 2.934433700555796 2.9603785590740337 3.008099248677665 3.0578289410288346 3.1020580079577207 3.1380984109399686 3.1650409770818952 3.18271357282599 3.1912946346407156 3.191149106817921 3.182745984899948 3.1666071742941098 3.1432703896362666 3.1132694601532345 3.0771772200702365 3.035944620152081 2.987507236131653 2.9851422000445416 3.0405172042282516 3.0883569703785936 3.1293568053154193 3.1624744601377053 3.1870020658653004 3.2023870924630393 3.2081635991683304 3.203958869319444 3.189527024661399 3.1648109083784224 3.1300575877673107 3.086049630984509 3.0345969609569012 2.9802935140719677 2.9353250233397916
3.8524505511827205 3.778918457708721 3.699899769741096 3.6163169486438287 3.5292347376297286 3.439959837197688 3.3502300373064386 3.2625868516328262 3.1811140311146424 3.112747047120836 3.0640066667596617 3.043333950550654 3.0504395784625684 3.0747769698892364 3.1050891645229166 3.1339942966146115 3.157616462868098 3.174101253535453 3.1826732623317984 3.183151311333091 3.1757020734162085 3.1607061083413224 3.138674855298447 3.1101912878840636 3.0758721304093894 3.036399052473367 2.992723311584039 2.942268357554546 2.938068175128679 2.9911124885124853 3.039129356431916 3.081131516251391 3.1155643027703803 3.1415171086970215 3.1582567405426722 3.165141509733705 3.1616113303813216 3.147196898191818 3.121542152056919 3.084452688904455 3.0360087652046537 2.9768573462586083 2.909076577012782 2.8411411902952626
