_RESULTS/CROSS_VALIDATION_POSTPROCESSED_80-20/Berg/TZ/4comp/1/Berg_TZ_z_63_kriged_reverse_4comp_spherical_1.asc
ncols 100
nrows 90
xllcorner 5.6208707817415728
yllcorner 50.959635321741573
cellsize 0.00013419651685393446
nodata_value 1.7014100000000001E+038
[rows 38 to 56 of 90, columns 42 to 83 of 100]
0.43795706190877415 0.4987102276233924 0.5759279458881961 0.6660727559243 0.6981029298820906 0.6636066154109449 0.5887373848632772 0.4902137181391025 0.38506531333956856 0.28793269178243414 0.2077391646485891 0.14504997453805057 0.09895528109216459 0.06697348485754846 0.04601488938599612 0.033584620011460266 0.02684407146806591 0.024064790157791543 0.024695013099437377 0.029222543603169806 0.03936833526959592 0.0584789210606609 0.08990572220859368 0.13516062639069917 0.1959470610041758 0.2775036735686523 0.38922978197684804 0.5424151831021665 0.7431052311554044 0.9762175671532622 1.207809379676267 1.3591719852142061 1.3559700953379876 1.1957687453467762 0.9382553717991056 0.6585014161395593 0.4165922989807602 0.25469907035395434 0.16691349831428046 0.12108678488084398 0.09967112956251532 0.0931469959996646
0.41395924403879764 0.4760182636158688 0.5566703872269713 0.632681505252108 0.6354431627294003 0.5824841854087581 0.498397840460849 0.4003655819773748 0.30739538126104127 0.2267693571092173 0.16069250816957506 0.10961798396093866 0.07227278088937344 0.04671681201864715 0.030428492681018063 0.020963302001662135 0.015773527948625594 0.01345334626629231 0.013468614809205066 0.01607227899124443 0.022754561390038817 0.03685225615078663 0.06188552701820709 0.09735803719263768 0.14229204073424234 0.2031569539575952 0.2913245237443398 0.42017577907379583 0.6029351178482014 0.8458787332214451 1.1187963352779502 1.3393917975841798 1.3975398540460977 1.2710537219959752 1.0158696232970401 0.7193730812385398 0.45573365143381056 0.265372049189683 0.16202161077412508 0.1109706103440136 0.08946971855798388 0.08444960074477442
0.38093682367753856 0.44121418915504124 0.5201906117840766 0.5679102129921608 0.5484397225826965 0.4859087023324383 0.4032574005765148 0.3206985500334558 0.24534827362043074 0.18038632200492385 0.1269448374313003 0.08502925104783456 0.05414868652256484 0.033088067029784965 0.02005544457137503 0.012721826050738402 0.008824505627591628 0.007010941173192044 0.0066741110813006155 0.007902130538930772 0.011770951288321445 0.021492785366627895 0.042247037846368234 0.06942792286368384 0.09892991764901186 0.14224866679530354 0.2112255072479545 0.3199230049730325 0.48489714745640483 0.7195619384146751 1.0187634581500409 1.3100227128941624 1.4390825306350647 1.3459580594719982 1.0893494691636274 0.7757433984373071 0.49163676531368333 0.2796216313207939 0.1576435603654402 0.09927570805236133 0.07960805349278156 0.07809874414653872
0.3408732943074042 0.39683046315129017 0.46424974892693655 0.48688908261261205 0.45253567180372506 0.39005145358107685 0.3231802136394007 0.2580659660221374 0.19850825095423935 0.14668813303036773 0.10341316837846092 0.06867587707780122 0.04236588924913441 0.024130393931814598 0.0132056381169694 0.00744082501321706 0.0045834358832094624 0.0032695919981522337 0.002864089630950004 0.0032541646870976517 0.00496115434947345 0.010089146736705577 0.02589076413778521 0.04282646024837928 0.0598340004280896 0.09079593278212494 0.14453056901902248 0.23507828318560348 0.38283905987749134 0.610882060066026 0.9290482303736427 1.2897116954030439 1.500881483733352 1.4263362675548685 1.1580886204646745 0.8293342648343912 0.5302342286439766 0.3035508113897511 0.1626900353730132 0.09128721196974253 0.075549694863006 0.0773148911735785
0.2981053729420596 0.34832076191379263 0.400049601745057 0.40576135345441944 0.36633827566771393 0.31451801954560055 0.2615952124346027 0.2103357359088661 0.16317713828992372 0.12188702009207895 0.08695328619968638 0.0579957212294426 0.03484106681941218 0.01816603542746428 0.008699363776743631 0.004218726408777015 0.002222479964901272 0.0013623220004895572 0.0010487781253261735 0.0010945526821421337 0.0016209611687264935 0.003332021872092951 0.00806759352622918 0.016468929390480207 0.028957480420581973 0.05119694997502642 0.09206678979739137 0.1658850382182219 0.29470865619606434 0.5101970028777525 0.8510849301539928 1.3071882398672803 1.593475405881837 1.49377173700024 1.2064271008054612 0.87437520206388 0.5731873808974792 0.3405696879641516 0.18840135545468584 0.1148850485699102 0.08925733693799003 0.08496880602044338
0.2578975026639038 0.30233278292421784 0.3392751099518945 0.3348277026811078 0.301007605811751 0.2582492136001082 0.21504155796576008 0.17366765622375024 0.13589266324925525 0.1021839145015091 0.07349633376415896 0.050230726340575425 0.030646571628855333 0.014308873543792337 0.005782303099892973 0.0023610507562948123 0.0010368779364161548 0.0005232112082329531 0.00033373592210547004 0.0003035760115345047 0.0004260081328058904 0.0008822617346682866 0.002218528351260644 0.005482774017357622 0.012447604692040024 0.02677257156889853 0.05569878498363706 0.11234196033999713 0.2189343659874908 0.4113904388664884 0.7434980946719304 1.2963072162799356 1.646132376321556 1.4595233760737092 1.1961250163155748 0.8963971969508853 0.614291115167236 0.3865427513224677 0.2279689795227319 0.14630557880720726 0.1111793370384137 0.09932766899389374
0.22187891665407597 0.2607914442736815 0.28592031363905396 0.2800897804887641 0.2528585311796748 0.2168239963268394 0.18066472737986158 0.14599637772523993 0.11339198259373996 0.08453103399052068 0.060516669893946246 0.04169832797578192 0.02758379939038622 0.010997381126743247 0.0038219685495655535 0.0013481580810905682 0.0004948936546027503 0.0001990713210943481 9.7846413410939e-05 7.201537739088912e-05 9.707210791882891e-05 0.00022371201303396582 0.000660605337607964 0.0019841311942127918 0.005533200188495846 0.014176733961743501 0.033751184518130195 0.07542229009339818 0.15881115551873257 0.3149906353004499 0.5845759139923701 0.9783256551444885 1.2656904785392917 1.2529545129296105 1.1049429626578087 0.8823365403306421 0.6429025679155367 0.43127472662337696 0.2703084848232532 0.17896980411039198 0.13558046557344475 0.11732944782201941
0.19260225436374695 0.22516732458380684 0.2431443753802343 0.23958092203413828 0.21786879657563785 0.18686473626602607 0.15553249340258046 0.12433377301660385 0.0950756763190943 0.06934356487336912 0.04791366282115495 0.030856396330512625 0.017264107388393905 0.0072947941494785435 0.002547987894660555 0.000837127598372475 0.0002682748833803296 8.648377988411621e-05 3.0365423571044756e-05 1.5443543310696638e-05 2.092681138338779e-05 6.447211660422372e-05 0.00024238151568402406 0.000873660584433756 0.0028384387594977143 0.00826857497640273 0.021815923583975935 0.052613572930749045 0.11645579396374528 0.23630875749771763 0.43498310664455914 0.7030135152971501 0.9312687874536695 1.0127110957537093 0.9673853749806705 0.836147447815254 0.6526880150791037 0.46639837423774955 0.30875036860114125 0.21007764445773225 0.16037883884618256 0.13689069460984046
0.17043953765837083 0.19503138638049142 0.21033475074722224 0.20879637129390533 0.19178209589549058 0.16489190974142373 0.13586346842242852 0.10725152616835432 0.08074217636671438 0.05739725899096498 0.03804932678825906 0.022975015435757577 0.012006237734573655 0.0051747002096033156 0.0018863769285636185 0.0006204178367749914 0.00018894163972611822 5.375852135329869e-05 1.4360039112795047e-05 3.767155912169545e-06 5.9669361694402376e-06 2.922958223150911e-05 0.00013148842295006681 0.0005219753619950841 0.0018264496180534387 0.00567571095542533 0.015814718556295616 0.03971432358369285 0.08980028476084737 0.182402800053457 0.3312409624583546 0.5298140293059955 0.7193939657639583 0.8275079724722255 0.8376188740421833 0.774167019232717 0.6453128201079154 0.48846091889596405 0.33925480523618945 0.23767959720108453 0.18420078798038805 0.15656152457272432
0.15131370884720619 0.17003678132283823 0.18432648837275686 0.18469090062366494 0.17182571550212755 0.1477069195677178 0.12069330602775355 0.09443927952329638 0.07027736045732923 0.049153024222435594 0.03191216081440474 0.018834133693185807 0.00979211032622161 0.004381936064864211 0.0017002940021946758 0.0005953863624072415 0.00019189967473337948 5.802370761281855e-05 1.7269155891381076e-05 6.513361763735691e-06 8.628221781575209e-06 3.0550110414992854e-05 0.00012127279696096405 0.00045185236960417575 0.0015348504060385556 0.0047274786956738426 0.01321229508063513 0.03337567675435501 0.07508322935702368 0.14966758824604257 0.2667422110332026 0.4236586655226398 0.5839736461225292 0.6986674774697003 0.7377265021314882 0.7115145307845837 0.6269041859709237 0.49821502783422933 0.3602415087337279 0.26067685640511695 0.20627675803986828 0.17526671432606122
0.13392364201885726 0.14907823610423396 0.16304176515260915 0.16542416962677142 0.1554478508455403 0.1344125625647453 0.10929256474447244 0.0853052913496259 0.06345712999551456 0.044452187336401355 0.029018211398625864 0.017377928723922527 0.009366427132997563 0.0044870360807846696 0.0019151122836085937 0.0007535026950773237 0.00028085061852339973 0.00010365792958706985 4.221396548099732e-05 2.4511514909723122e-05 2.8401185674913952e-05 6.186105867145709e-05 0.0001789495364927301 0.0005519454464296995 0.0016647984279100757 0.004758893273339987 0.012717838382450254 0.03147355784667666 0.06894675624836141 0.13162424821281063 0.22864088620138828 0.35913253821828844 0.4977628169753781 0.6094403203391066 0.6654257491483355 0.6590807519345274 0.603761661235008 0.49847783135401047 0.3722838883734418 0.2789667382093133 0.22573346308799913 0.19221819632231169
0.11853478190591729 0.13089038461592098 0.1448699382318309 0.14878232517972553 0.14076826074952914 0.12331452359976242 0.1009613580571139 0.07944632136719873 0.059900613279845805 0.04283196129417736 0.028781125779722885 0.017995215489422716 0.010356752818383356 0.0054573599754634125 0.002640931885417618 0.0012091829428650658 0.0005434295277689357 0.0002519714069327154 0.00013305566626508662 9.359110203396464e-05 0.0001007435448572051 0.00016430776892859393 0.00035303929548278205 0.00086681280949602 0.0022133775148885093 0.0056101995348227926 0.013733867312451254 0.03184668812529928 0.06642914743689572 0.12231663340513452 0.20754551999809667 0.320994201194687 0.44378304866622964 0.5493108212257981 0.6123244425263028 0.6199647054099475 0.580370645270271 0.49234529606676253 0.37736900852944133 0.29337404074027196 0.24183189398794092 0.20706321301390043
0.10525606667399988 0.11453097116933438 0.12825451796017748 0.13277356684401734 0.12696018919278623 0.11341815061579118 0.09522362340013563 0.0764369070261672 0.05925924418320569 0.04395887129834962 0.030956583588291814 0.020605787336610448 0.01290963109745518 0.007617431660322317 0.0042614160745020994 0.0023074739519664813 0.0012588736426971333 0.0007169474988597412 0.0004537391887638572 0.0003485875819159839 0.00035133753982776285 0.0004715217182984094 0.0007987522341959738 0.0015770286374010374 0.0033752639431043736 0.007430818040455002 0.016225316246841124 0.034065136878755974 0.06657426733878893 0.11947420538170471 0.1984599385017226 0.3006945681794537 0.4117731463700437 0.5102636125973012 0.5742423030221384 0.5901018786982574 0.5587590720096702 0.48225547281581965 0.3781498648614534 0.30466013242115136 0.2545317461524312 0.21967441289993633
0.09408050801782943 0.1003594635988212 0.11267224075144965 0.11738289674904587 0.11360108089129055 0.10404422911667949 0.09104233099465141 0.07596739203704364 0.061368617422143244 0.04779799307978428 0.035676664687779885 0.0255458388719857 0.017575231791358344 0.011689343581575199 0.007595840854536587 0.0048928546096943075 0.0032222489585726627 0.0022002151545733257 0.0015825027512867654 0.0012535295051539336 0.0011704330472158211 0.0013433411541322131 0.0018782446789881884 0.0030636955774321325 0.005550143938569473 0.0106282575316597 0.020636397989621323 0.03934366752501471 0.0717826483354636 0.1235402311474669 0.19896006426154159 0.2935513330756237 0.3954523748668368 0.4865212089816142 0.5476527387464517 0.5658297903074957 0.5387075990952003 0.46941508562697687 0.3774220186693361 0.31185363245332975 0.2641134188523306 0.2301461121015501
0.08528009775096056 0.08882140557802648 0.09835260529029671 0.10299357232709493 0.1004710532285273 0.0945191837710428 0.08740642485672205 0.07799090966731922 0.06641869797081758 0.05467347904018244 0.04342319198660029 0.03349103604906141 0.02525768914370537 0.01883429963725819 0.01409804390523814 0.01076546324822409 0.00851742243768688 0.006947927960721374 0.005522835659864804 0.004283502024302707 0.0036126271665070857 0.0036018675110973918 0.0043038900796946 0.005996182781639707 0.009364878611156192 0.015835195658894605 0.02762274412293067 0.048180915384358404 0.08209986737407997 0.13460950948983738 0.20778331646848372 0.29667100988971545 0.39063557269876936 0.473746697862567 0.5292751220583384 0.5454500404865026 0.5195528465956749 0.45308043973876344 0.37524998362988626 0.315643362177703 0.2710760201520891 0.23876731953548486
0.07912037368894675 0.08034377940033113 0.08617410593235138 0.09072681331533623 0.08808770963401526 0.08430106662794738 0.0845522748518305 0.0822823346259881 0.07519596107263278 0.06535015721891717 0.05502207763361342 0.045386237294919474 0.03709269410775445 0.03048141113738492 0.025677400442111586 0.02267789311376875 0.021399783290290925 0.021481587765012234 0.01901506683350532 0.01324825457979391 0.009786051565618311 0.008643778316106172 0.009164299449301338 0.011324233636803644 0.015714460218563587 0.023835894518868528 0.03797047518586693 0.06123186577758246 0.0978747545309195 0.15223185723738114 0.22379572304280243 0.30778108236081947 0.3940573397285497 0.46833932476553697 0.5160143219109828 0.5269349936055885 0.49892177601472854 0.4346854458606975 0.36879361500501706 0.31648140638355393 0.27604463764534326 0.24596234814917578
0.07579319275394165 0.07515684517497777 0.0780613667285413 0.08262859419640514 0.08040984441630011 0.07466093704225352 0.08574012712261378 0.09027000355963319 0.0883047164461402 0.08112571906122076 0.07165669068759564 0.06235829783675899 0.054200356313801275 0.04778506301354753 0.043594112279336905 0.042189725913885465 0.04466285277352747 0.05372799591454626 0.057901180412510966 0.031664371655903155 0.021387385049177678 0.0177103814180616 0.017538214458052627 0.020071744404953292 0.025628887237093202 0.035665220870424445 0.05250474508444146 0.07924438563252742 0.11962594909712121 0.17562125956305003 0.24568587849979642 0.32464901508636806 0.4027070045412214 0.4669733382865375 0.5048612088030666 0.5081055366063734 0.4751278000381717 0.41435551748768656 0.35900127662818637 0.31414618398610256 0.2788745585806052 0.25211607433490446
0.07536480784565903 0.07333620302924747 0.07470799608403937 0.07948128881553228 0.08351440306273185 0.08712434258147635 0.09610797198369815 0.10375025727140277 0.10605660260804939 0.10270782033997315 0.09487852806575531 0.08566061767417082 0.07747621634596186 0.07109073811141249 0.06717723844810773 0.06644319215596488 0.06970063009720724 0.07556460883744334 0.06964478404257705 0.0490399637705753 0.03585027415400429 0.030389822529073435 0.02981383568173769 0.03301865006727148 0.04015668726892442 0.05262047541783864 0.07241893884161221 0.10286179870389262 0.14684224813795632 0.20379746510590563 0.27169541710982065 0.3447540551678532 0.4134892140350838 0.4663765258247752 0.4928829888582058 0.4862413247843518 0.44073007817877174 0.39240750197227175 0.3468956402776119 0.3093499946200761 0.27944488970379894 0.25663156664272574
0.07779912367049918 0.07462595951696555 0.0752186268874626 0.07992620968539911 0.08969621426336116 0.10016224937369354 0.11158032843685742 0.12190153540507417 0.12823042701971588 0.12915082653170565 0.12481574556233957 0.11671388909397364 0.1077380050631466 0.10026212877669927 0.09475316877947317 0.09135298134833332 0.08909850582254852 0.08454065932648128 0.07304528516721145 0.05849598657426409 0.0488643743064862 0.04498250617041928 0.04571167829387692 0.05066672402385486 0.06040689374834995 0.07627854865769143 0.09935482127620561 0.13294378926236938 0.17819575727135437 0.23499339814109643 0.2994196671891768 0.3651403507189486 0.4231270158362109 0.46332345462163055 0.4760150681773669 0.45051630629852835 0.40500140586046585 0.3697360834267762 0.3333872873386845 0.30281742015609725 0.2782928470433223 0.2596510083349503
