_RESULTS/CROSS_VALIDATION_POSTPROCESSED_80-20/Berg/TZ/4comp/1/Berg_TZ_z_1000_kriged_reverse_4comp_spherical_1.asc
ncols 100
nrows 90
xllcorner 5.6208707817415728
yllcorner 50.959635321741573
cellsize 0.00013419651685393446
nodata_value 1.7014100000000001E+038
[rows 19 to 37 of 90, columns 0 to 41 of 100]
0.08693883300278024 0.08847899797901586 0.09050441111424552 0.09298812543064779 0.09589995214399415 0.09920235206547334 0.10284557969192189 0.10676197220562006 0.11085948934140084 0.1150150745334992 0.11906928020683749 0.12282496815465371 0.12605445052758885 0.1285199037596641 0.13000884250809677 0.1303781983141588 0.12959062306622526 0.12772484512588847 0.12613784782204732 0.1314278951339718 0.14528982664404755 0.16998709685137978 0.2099349682611907 0.27289731081907587 0.3723247253784206 0.5055424759392869 0.6093980062211065 0.6578125273020355 0.638764251757481 0.5601448788773676 0.4687854826890929 0.40069489938271374 0.3459312001410126 0.29484722898197463 0.23926687689830822 0.17349024864960866 0.10187894705844047 0.04612088947171781 0.01756763777415349 0.006440788427092483 0.0025514287507406247 0.0012185241636510763
0.08758237716434736 0.08941726190159634 0.09177146073138767 0.0946260295196836 0.09795934666802669 0.10174274832143432 0.1059350442605123 0.11047554407899468 0.11527530911729869 0.12020671310256942 0.12509239201067682 0.12969682002480254 0.13372739998663508 0.13685583673481086 0.13876939234595667 0.13924711825806005 0.1382299502902111 0.1358417220097976 0.1329911412769702 0.13651965576245603 0.14871297766388744 0.17137217288841874 0.20823380739330719 0.26589038715930324 0.3555098905505114 0.45500304001215425 0.5160348935803977 0.5209175633316981 0.46967065030302285 0.3814674322395612 0.3057687075878369 0.2468979180383486 0.19754487753755726 0.15262902790877125 0.10911050338530677 0.06854408399268616 0.035855789833695556 0.015285466831981159 0.005505369921797783 0.0018080605399414655 0.0005992574577008248 0.000233132603409547
0.08823278090979716 0.0903385997000485 0.09299942800304611 0.0962052646004876 0.09994469278059667 0.10420055799138614 0.10894424769954186 0.11412789907685476 0.11967368875260051 0.12545933515121496 0.13129952751024118 0.13692531726463555 0.1419696464352041 0.14597863373058848 0.14847826021078342 0.14910853718438644 0.14782517948041551 0.1452144262494215 0.14172152246709385 0.14353070672209736 0.1539434400247641 0.1743200042240899 0.2076977079416736 0.25943656381459995 0.33955362815591483 0.4139393202552302 0.4435008475430426 0.4201277578545275 0.35259646323929905 0.26959728167632696 0.20659507729622412 0.158102548031387 0.11858747779327039 0.08472674902064897 0.05545407899499639 0.03188646317351443 0.015530924576254818 0.006293406325411621 0.002141108202607662 0.000632513312274816 0.00017254847910726473 4.9881950273773596e-05
0.08884517455110623 0.09119053233840876 0.09412595185818635 0.09765080310953145 0.10176493364084073 0.10646476582453254 0.11173792943030049 0.11755552399367059 0.123860613166114 0.1305508522625128 0.13745245074909979 0.1442831508034458 0.15060771874693388 0.15581061971287108 0.1591948751675587 0.1607960931942907 0.16044496610878872 0.15819876673787928 0.15445218503893188 0.1537433715715802 0.16174253357674923 0.17931635240611407 0.2087394180246876 0.25417022479176543 0.3271064078923231 0.38410501259503954 0.39153666772553003 0.35087434673006623 0.27671930359196417 0.20312311068915673 0.14973510924959466 0.10940498703581521 0.07783514712136681 0.052722908898248995 0.03287943764010966 0.01816411667922004 0.008640795459318697 0.0034718413900268813 0.001170808754660775 0.00033264720894932924 8.051512167869155e-05 1.7139490846492286e-05
0.08937858581093745 0.09192410684720244 0.09509149816922763 0.098889149644652 0.10332821194645955 0.10841946291379437 0.11416892673895045 0.1205713202263134 0.12759970367929702 0.13518838560594804 0.14320366347261726 0.15139295041819908 0.15929946661412 0.16653056859829393 0.17281468521170196 0.17673230835080614 0.1774658422412096 0.17533062102679098 0.1711927537088879 0.16765159615514813 0.1724543476412244 0.18665047935903756 0.21169103068829953 0.2517895676939308 0.3187761163374849 0.3659770657967473 0.3580597824017832 0.30664224412083 0.23019270132035402 0.16478176411036408 0.11816909069060279 0.08377807916539054 0.057779607681294934 0.038027154585009465 0.023303317115700023 0.012929331630641706 0.006319646344396789 0.0026727011068642613 0.000969660086761964 0.00030133931352316 8.071336201489004e-05 1.909154497326355e-05
0.08979777539402005 0.09249646667376095 0.095842921738352 0.09985323726587382 0.10454853485689425 0.10995277103250489 0.11608975164807118 0.12297866788810445 0.13062686830319178 0.13901723582249922 0.1480843615038665 0.15766582591117234 0.16818624344972194 0.17976035704629456 0.19057429558797737 0.19767911855973394 0.199293390520746 0.1966894594034637 0.1917865944892018 0.1859051070699666 0.18658574223663135 0.1967839976878712 0.21705332656039383 0.25302699814147317 0.31470865122607183 0.35815768957506566 0.3413312861132311 0.2825865164029046 0.205352257322678 0.144740290732619 0.10221883257368714 0.07150513373561249 0.04888684386042765 0.03217589537821819 0.02002098281215097 0.011527106787937114 0.006058488339804588 0.002865207625131413 0.001214847725825194 0.000469467648389229 0.0001737370342000628 7.059504931833506e-05
0.09007513492340478 0.09287356713926524 0.09633735027132316 0.10048800193676294 0.10535381462295686 0.11096848924018442 0.11736945932626082 0.12459559358854791 0.13268370402638988 0.14166264800234923 0.15154208548632986 0.16325496444957527 0.17775888986187796 0.19470042536991358 0.21234070126401106 0.2244352521360864 0.22563922380996654 0.22151208710429782 0.215681826402084 0.20898853030101133 0.20487388019838648 0.21042359688026477 0.22589757297317897 0.25823521860913995 0.3146656872116652 0.3589946022008008 0.3404997634929603 0.27583480565921087 0.19687168096979313 0.13781846158230898 0.09696505922264358 0.0679502181059615 0.04695727773182672 0.03166398026010487 0.020587751204879063 0.012714734137687306 0.007412626689954845 0.004084254291132815 0.0021390933554714378 0.0010975788841572495 0.0005979100575849636 0.0004069725758524968
0.09019237953552278 0.09303264041965988 0.09654579858649863 0.1007557438626881 0.10569679616118632 0.11149266477946175 0.11816731821697028 0.12569520075097063 0.13406791061986562 0.143300102947744 0.15426550605385222 0.16848459450387782 0.18637044781099274 0.20835976292973274 0.23451419397690926 0.25709936400932976 0.25265175376040955 0.24724772178502707 0.24157276677591585 0.23529823352996934 0.228464609742811 0.22867028961317515 0.23961440849502533 0.2681427605028544 0.3190106831841406 0.36784328843595443 0.35365587358612904 0.2855358271254604 0.20251206143791278 0.141855732594575 0.10039000008915974 0.07133528670721946 0.050578179622933796 0.035571331590063364 0.024663481004342607 0.016712270467396113 0.011072278356740765 0.0072291673094553284 0.004742814891811264 0.0032273837972193087 0.0024547494268359086 0.002382667676635426
0.09014176802190421 0.09297410662203988 0.09674196661965796 0.10149953867056231 0.10717124206367613 0.11368676945745095 0.12097885719861076 0.12898454478960708 0.1376493906440705 0.14742005298114047 0.1600732667329091 0.17602566839444023 0.195603882495215 0.2190171915089593 0.24540638740359394 0.26640450939638277 0.27127960906406867 0.270484013604087 0.26795740241478005 0.26399797299434713 0.25837697224707323 0.2532748569974456 0.25957422371183614 0.2839884597098906 0.3293418420152604 0.38381849923468925 0.37831373143730407 0.31254922274506963 0.22261641159842444 0.15690002962796246 0.11245152104180212 0.0816929972596157 0.059997636396201516 0.0444788428725775 0.03324850077133605 0.024983315982178924 0.018984475897446403 0.014772633840594965 0.011983976860041354 0.010426793196233653 0.010165888014945383 0.012158460440466872
0.0903749242643612 0.0940655038581881 0.09881402285340853 0.10452896347326197 0.1111157503864915 0.11847060874227205 0.12647850061990504 0.13501476033843152 0.14407598065030788 0.15540505888747613 0.1697148517328066 0.18715903756506772 0.20775298097947204 0.2309750866176989 0.2547076352082571 0.27398964660849895 0.2851719423556969 0.29093562310860666 0.29430342475404647 0.2948814704176902 0.29252314882445907 0.28700407480330103 0.2880351876872396 0.3077576984100463 0.34740149461272346 0.40556875017276095 0.4140137198342729 0.3549981792272804 0.26000605180925906 0.18497618731810372 0.13475673294986326 0.10048573819747521 0.07674471785930283 0.060168917438633784 0.048644866003504275 0.0406796585067556 0.03551636300384856 0.03278679307045597 0.032388585446587806 0.034435109658888616 0.039669994942463024 0.05192046652239852
0.09242622228556781 0.09722335918649057 0.10309780808327706 0.10994218712744439 0.11762801325347665 0.1259987200884269 0.1348678091080288 0.1440218181138067 0.1543740352505765 0.1675399796514968 0.18359919225807705 0.20253846098592468 0.22408125103631538 0.24734162349076488 0.2703644795110408 0.290270434504917 0.30509348037725137 0.31531654086844024 0.3226009743443984 0.3282644821506495 0.33104825195583115 0.3291227238374238 0.32863762982555894 0.3425851842991169 0.37586716309744217 0.43097018062669273 0.4596263272598539 0.4126595521200544 0.31629772979248744 0.23031033843804374 0.17063943244348803 0.13060147454574028 0.10378248368245835 0.0863492836219961 0.07551742811412741 0.0697052070119533 0.0687950906121344 0.07377570230858121 0.08704311743631267 0.11096768168360673 0.1410357795862209 0.18198427007766876
0.09639220961320151 0.10247514904025115 0.10969709358117424 0.11792277574472641 0.12697202975457492 0.13661146895420942 0.1465539031811459 0.1567186663101138 0.16917185342770738 0.1844485470742069 0.20251687079845238 0.22321431560034968 0.24609130953466654 0.2702053504288939 0.2939988596231872 0.31559612420318345 0.3336503607360627 0.3479673781608912 0.3591674901577533 0.3679629141798435 0.37478235323376347 0.37829206798448767 0.3827389386221285 0.39345826038541887 0.41891885430376485 0.46428550328992296 0.51259192529743 0.4851695018114088 0.39251749512940626 0.29623131163158684 0.22560902550776413 0.17764497240642227 0.1473292651575923 0.12936346990353795 0.1207383013822072 0.12055270173257412 0.13062672311255719 0.1564607607369157 0.21160347555195186 0.3270981788123398 0.4391740218335221 0.5031277336755229
0.10258326009291066 0.11020142466061722 0.11901629767043456 0.12887535503866618 0.13958618432741807 0.15084985447719307 0.1621716555702471 0.17430657428705662 0.18928928456218921 0.20709218708184918 0.2275780834337908 0.2504662634852666 0.2752281759119782 0.3009914182612429 0.3265458672743434 0.35057425339513104 0.3720698473429704 0.3906168138234286 0.4062625656444715 0.4191374347276474 0.4291534178893566 0.4359774350015937 0.4467075367758377 0.4628463714149423 0.48323924183699035 0.5163906267108659 0.5680848408853518 0.5695523313156436 0.4898161887572679 0.3835247621525431 0.30592187896210454 0.2516195422903748 0.21624558300229463 0.19806391947756177 0.1938889117230976 0.20424191979700607 0.23418085326263344 0.2960496363150948 0.4168691656651359 0.6412910732207864 0.8681799106306599 1.0224618074949745
0.11300698602945575 0.1226598253140355 0.13353707189556369 0.14538454449941834 0.1578667498589547 0.17057377850431457 0.18312502137830186 0.1978404251679917 0.21590799623922222 0.23679092303614196 0.26020963194657387 0.28578309597473217 0.31295672454016277 0.3409767429467353 0.36893624402871744 0.3959260673430943 0.4212366145452297 0.44445793253517357 0.46536057072212955 0.48360652684544275 0.49846084384316103 0.5086884147312323 0.5224086097876913 0.5453045695862696 0.5698969184727665 0.595468093326341 0.6282601047004082 0.658486732814469 0.6042255122507421 0.498450547210805 0.4151392249933146 0.3580538947973015 0.32234157357353266 0.3053526676303444 0.30813451403418096 0.33435137094880385 0.39232726517267935 0.49902360769006693 0.6816452169411436 0.9587720280712909 1.283284765713173 1.5835255024169954
0.12884636850120115 0.14134918280526002 0.15517759659023642 0.16992617595617496 0.18504758137159039 0.19986975499782794 0.214247544200676 0.23131086942478168 0.2516359831205832 0.27533637663324423 0.3021963124501968 0.3308968603350707 0.3608330974485919 0.39140750124073587 0.422027563150611 0.4521907827727221 0.4815588704035377 0.5099388673964008 0.5371037625888735 0.5624525127472858 0.5845901761587448 0.6010197902995511 0.617091113870343 0.6431476631734868 0.6714457941295324 0.6948104186683326 0.7155906297255468 0.7396975832699701 0.7307647138016359 0.643722187080927 0.5563421167438409 0.4994833664981776 0.46911366044340136 0.4628883922932083 0.48085104936158435 0.5289792273709109 0.6215870031704324 0.7780494494432479 1.0215579065258336 1.36537614278343 1.76040907105923 2.1127568937576644
0.15153473671288376 0.16808765214709864 0.18617624769038513 0.20517019323219918 0.22420226012506433 0.24220214176290267 0.2596288768702624 0.27986744923533724 0.3028342034583027 0.3283884720674482 0.35660443137211795 0.38780568994831016 0.4204832316323823 0.45339749436199017 0.4863439698137005 0.5193178795743094 0.5525037479853261 0.5861795508845598 0.6204752790077022 0.654924824551043 0.6877612951512009 0.7150261177482482 0.736753566344263 0.7636827905298083 0.7904748640013513 0.805486042063783 0.810565869140719 0.8221935244387548 0.8490150327385914 0.8121820477791806 0.7278957405972261 0.675852168208694 0.6569342805887841 0.6685394185904822 0.7136778747760384 0.8008386877029403 0.9439242705670721 1.1622830369880452 1.477800788829604 1.892444583312029 2.2932557564791765 2.617591100314903
0.18317607742918213 0.20554158798899969 0.2298306344556933 0.2550815734159672 0.2799399034617115 0.3027140545086914 0.32478576698501116 0.3492783442516147 0.37547947196116427 0.4028708780400279 0.43131875473377795 0.4612061469572587 0.49350585124835106 0.5276892092098563 0.5617025927642569 0.5961703081352145 0.6319874272555842 0.6701751616786387 0.7116442438148395 0.7567162240950696 0.8041506238272775 0.8492725617660518 0.8847764317513881 0.9162732237718996 0.9312946424438476 0.9255128769358203 0.9061508866218074 0.8987931190955124 0.9134071756673091 0.9459177002626076 0.9125997388008816 0.8783418008074081 0.8787366153869023 0.9161608390856341 0.9980552329441299 1.1355349921263662 1.345179237873225 1.6484090857504796 2.0674738038421623 2.5167709384602146 2.882261974508153 3.1096549877930415
0.2267080532961452 0.25746088681395257 0.2908277130423356 0.32537049768509907 0.3589963579904709 0.38904326092818287 0.4179615091210182 0.4481434344142468 0.4780540667877616 0.5065879795874186 0.5334140757407166 0.5591558688939533 0.585369069438357 0.6144075385180293 0.6467725745483934 0.6800318434913935 0.7158388165053118 0.7561364974481678 0.8029365668133436 0.8580403352638463 0.9222410042018632 0.9930011405942138 1.0586157162407321 1.1080960236760438 1.102820426910917 1.0478682594164725 0.9914485533923701 0.9576781983389604 0.9553895803344993 0.9861955734740349 1.0407329849827192 1.0564730984910264 1.0988874118663166 1.1809364669041096 1.3132137728357467 1.5105493585031287 1.7924412474556537 2.182272750003054 2.6662431361943923 3.0723376163941447 3.3106912101441455 3.3382356969756306
0.28608023653032627 0.32893613706828495 0.37561253671488654 0.4240191711291892 0.4709726706587181 0.512343015786171 0.5512771133266975 0.5891380465106146 0.6229202028609659 0.6505769716932047 0.6717293839302502 0.6878322468266566 0.7017857541978133 0.7173423783396436 0.7386897085730595 0.7662904190218612 0.797669713257421 0.83556055777913 0.8829712119292713 0.9432456285192214 1.0200354923871253 1.116549166312154 1.2309454679716 1.340739618501836 1.3026182248110287 1.1551462158429517 1.056059123689943 1.002701822543505 0.9898632762637704 1.0136981314664573 1.072899069093342 1.1601531204894167 1.2518628476751792 1.3858127276273553 1.574034342840897 1.8316997396686376 2.1765479619834904 2.6265446119544573 3.0641549049429946 3.332711183919574 3.384662717142323 3.2173462377857764
