_RESULTS/CROSS_VALIDATION_POSTPROCESSED_80-20/Berg/TZ/4comp/1/Berg_TZ_z_125_kriged_reverse_4comp_spherical_1.asc
ncols 100
nrows 90
xllcorner 5.6208707817415728
yllcorner 50.959635321741573
cellsize 0.00013419651685393446
nodata_value 1.7014100000000001E+038
[rows 57 to 75 of 90, columns 43 to 85 of 100]
12.141456693432653 12.362282216133101 12.620614234121222 12.932146406884213 13.300085827857156 13.694013857520499 14.071473230868936 14.371543582532997 14.59277461132333 14.768351378602368 14.898728139807748 14.978463840353095 15.00309706723814 14.972148085791373 14.879699773692423 14.710672743070196 14.43416049761609 14.01226316354661 13.437712118203319 12.77303157450683 12.104308826141628 11.467131337890427 10.878151190049666 10.350075291799332 10.067268771703885 10.345404375701934 10.675105005416901 11.029031823697208 11.3986642274988 11.774682612937957 12.141171500000821 12.486364912725204 12.803970540649448 13.08880391373513 13.340015459842009 13.594935923107801 13.844358511310876 14.056755588252368 14.232219213505637 14.372069637156477 14.47804022622288 14.552048514931412 14.595979546413648
12.370251828632304 12.583412465600272 12.836805753410635 13.137111898740525 13.489335905511663 13.86561196939729 14.216300755032982 14.492379366692324 14.706484602120081 14.881455361157734 15.013176240380327 15.098022095457015 15.126986639759817 15.096564842339872 15.001850033494001 14.830100519859723 14.560284559787759 14.171451116044222 13.660193393615266 13.057148606211621 12.41646021632414 11.799582166564647 11.237004530563373 10.784262611414665 10.571159769454319 10.651601532116835 10.876115534334355 11.157051756633392 11.464537960305146 11.783370076582065 12.1028903791319 12.414304726412967 12.70500204600763 12.967428579820735 13.228712281620014 13.505678437648521 13.771517389528947 14.003328294799342 14.200867039994588 14.364681258892029 14.495775382168047 14.59540246051439 14.66260948589656
12.624009923145776 12.822466132557159 13.060189685257656 13.33856626257105 13.656715620145821 14.008051654794693 14.342785367730205 14.60207797739677 14.812954155264835 14.985926995342542 15.11670580587159 15.200900312204228 15.232088055116883 15.203853925415453 15.111858446431281 14.946212642631785 14.692633397801488 14.338867368875386 13.884945190101528 13.3540562060329 12.784062641125718 12.213027395908105 11.696535293502617 11.302205002439642 11.087801001884301 11.06472301421666 11.178621952210849 11.370533872116079 11.605120813285723 11.861890141309027 12.127108915826451 12.389938115569352 12.640894924984941 12.89658817034118 13.173096712096525 13.467587668033735 13.744520765785692 13.99083070408966 14.205674739389726 14.388939492464822 14.54096580003871 14.652079857041878 14.699225608322287
12.879919401755421 13.062791339036131 13.27865317416409 13.528730423370325 13.810591574514664 14.117132301328954 14.429692890509834 14.686148421820963 14.901109836402904 15.076500626596648 15.208045332931455 15.292237431033259 15.326405649373207 15.303850936155566 15.218181738533323 15.062461785850381 14.827428626982666 14.50693375349916 14.105198012511991 13.641370598648308 13.145200677820748 12.65024197468762 12.194175307991008 11.829136093069318 11.598756533495205 11.510884946890785 11.539897901920675 11.650456122752285 11.813009810411 12.00633857817763 12.214969275356145 12.42681966854086 12.654048934207621 12.908494697779032 13.189937723347509 13.489462688105428 13.769651333252586 14.02430499698926 14.251507723178413 14.445382598184256 14.588540783963827 14.673774114895908 14.701716026372633
13.133595771174669 13.292381003527186 13.483672342438272 13.703805522420243 13.94779762163596 14.209763531003405 14.477164027660638 14.727391613797291 14.954554286367877 15.137147907770455 15.273474898384507 15.361795239917262 15.400209449722214 15.386278739184375 15.311371250402958 15.169104206729742 14.954941648945525 14.667544535580895 14.313407586700974 13.908793792626492 13.47661792034837 13.04472835394208 12.64941169019494 12.328355673564099 12.101668388155476 11.975070281400656 11.939655938270695 11.980454673507218 12.076026203486116 12.207381408016685 12.360402701192918 12.54543399692344 12.76562270376459 13.01912240730258 13.305454165321983 13.601074985430314 13.878591322738675 14.12729829117954 14.338722099499881 14.50577661301409 14.621716526300812 14.683935611466941 14.70194674906593
13.388219999007555 13.515685278560566 13.67441291835975 13.859491366616838 14.065064312588083 14.283778610082537 14.509418472337105 14.739067450451312 14.954938796743189 15.147234026275955 15.293818664950315 15.390693010967265 15.43677339813583 15.430615600239994 15.370119797637255 15.246587968842324 15.056606054040117 14.801852102449153 14.489847160881494 14.13496811582301 13.756813455404043 13.378668459446208 13.034981618997342 12.749351231813884 12.535672248655178 12.398724527992911 12.333863691526483 12.329947447117103 12.373226816909446 12.45646231561363 12.586763152678396 12.760027689869444 12.97262044790023 13.221711533044159 13.500645731156927 13.771452025832644 14.019695800760218 14.237943748928044 14.418946752841737 14.55578019482896 14.644807556182716 14.693160791999244 14.70194674906593
13.654814852114756 13.750761451439287 13.871271059338147 14.014769887186116 14.174145302562932 14.341462720909542 14.527339226415284 14.734667580928761 14.929017700924522 15.10329894432517 15.249797985974551 15.358717678524863 15.415969276308772 15.420139654457627 15.3705486823786 15.266838186506831 15.103956186696538 14.88241089586727 14.610738201568937 14.301591063093818 13.970935484836092 13.641979886521913 13.34199078952829 13.086200976950982 12.884998989121698 12.742546115008402 12.656641650931416 12.622528111002646 12.644320617455271 12.718050215461844 12.83873536751002 13.002192473525323 13.205005420365442 13.44433693447002 13.698118199682623 13.93653736582057 14.15216740034439 14.337652632313452 14.485923293432219 14.593974408938184 14.6663021620078 14.69990184489369 14.70194674906593
13.928537273153466 14.001763726984285 14.078374987050305 14.174090792676594 14.281763300799607 14.400059344931709 14.55025410573508 14.727454499755543 14.896529133462344 15.045383061038569 15.169948826079354 15.265019591976936 15.322519911280693 15.337476370439148 15.30229121396708 15.21493764970987 15.077803024322451 14.892705211444277 14.66139960068775 14.394836405740163 14.107604788686153 13.8247359782885 13.562436368396838 13.33242770602242 13.142854672691065 13.002315863259135 12.916431237705373 12.884929446334887 12.905409951077743 12.97448257614779 13.088569666254921 13.244325085355669 13.438764131336404 13.663441258878025 13.88372439517612 14.088109448122744 14.26932764106592 14.42022875604625 14.540491653724455 14.629959493352418 14.684897537662314 14.70194674906593 14.70194674906593
14.196519908116356 14.25164139263335 14.290915923653703 14.335865194963946 14.39076882806333 14.47313549467975 14.586647656847413 14.726572388068085 14.871558737748192 14.995550328504127 15.095337947961843 15.167922798237798 15.210593979025097 15.217244445980974 15.182395735089136 15.104653957452502 14.984383664119877 14.824104854290072 14.628693904613282 14.402048304091702 14.160239630804305 13.9212161417651 13.697765216338295 13.501375515522948 13.341318006263897 13.224061936823642 13.15317975440881 13.129731597333723 13.152946369493801 13.220950544482903 13.331357960857643 13.481647634620742 13.66849365319316 13.86380085710609 14.049614173321704 14.218808542730327 14.366589170519518 14.492410026852626 14.592173487998938 14.661873753903972 14.697762159979938 14.70194674906593 14.70194674906593
14.451816768591758 14.488022342433268 14.503971109672092 14.500652609341255 14.517412479379047 14.565955029028693 14.642323217719383 14.74217597763844 14.858070932790513 14.95920063446695 15.036414495999134 15.087707807052531 15.111404598036568 15.106397223509555 15.070029196007429 14.996297372238363 14.885773846191434 14.74104738376624 14.566508324347415 14.373124202669013 14.17595774045429 13.983147111844621 13.802506521672242 13.64363132020826 13.514519419882662 13.421111239348463 13.3671975866887 13.354622053352125 13.38368321890118 13.453602359280989 13.562940996594783 13.709903679091958 13.87542408787903 14.037045218255944 14.190279859916302 14.331653267326855 14.456324991211947 14.559789757316677 14.637815556047231 14.686420614403623 14.70194674906593 14.70194674906593 14.70194674906593
14.688081759673482 14.704827389146546 14.698198917222522 14.680706184262702 14.668719463897304 14.682808856704883 14.721847988597633 14.781910841950458 14.85881805635643 14.938248035589648 14.995079801133357 15.027340949910267 15.034261625993823 15.015600637222526 14.971864389170856 14.90248265720192 14.801786886093765 14.671568870488173 14.519129889770966 14.357080765673718 14.192844215418823 14.03406556660105 13.888294376063104 13.762486375460151 13.662580922395943 13.593157644788324 13.55745560525931 13.557736893275521 13.59499619402959 13.6692384373239 13.78024002705818 13.915436430394287 14.053754546160437 14.190043752939202 14.319384234502591 14.43694236382998 14.538064932491737 14.618375913386538 14.673723269831534 14.700186496710357 14.70194674906593 14.70194674906593 14.70194674906593
14.898857638879687 14.896254648818863 14.88255552110385 14.86529090796331 14.845344549231557 14.827281653626622 14.828898651188846 14.849492173959543 14.885452090459445 14.932948988710404 14.971369352939693 14.986577487319389 14.97858485697681 14.947863082278696 14.895512371800109 14.823418824576114 14.731655521704173 14.618073361769993 14.49170065950798 14.358196094148463 14.223742579300028 14.094804203527586 13.977762992561182 13.87856010746905 13.802393317267722 13.753515146795156 13.735156720301687 13.749574940076423 13.79819415064158 13.881797031207732 13.988974688263681 14.102662702938218 14.218272121739187 14.331173413081327 14.436727771832727 14.5303231328546 14.607548550055343 14.664175850451496 14.696169360091027 14.70194674906593 14.70194674906593 14.70194674906593 14.70194674906593
15.079996305688093 15.076815699873217 15.066120762990694 15.048590873932996 15.025211027827165 14.997115993038172 14.966472249951511 14.94783575237113 14.943465057657562 14.95025908850276 14.964126438964307 14.963942989743039 14.94255894810848 14.901024926981396 14.84089337979242 14.764373404138848 14.678719142999805 14.586593886609062 14.484482751336584 14.377125989200565 14.26985548914939 14.168210970519546 14.077669949085553 14.003384384049175 13.949958200047144 13.921293774361962 13.920522687379632 13.950019224584898 14.011127320562103 14.090727681879539 14.17899295730132 14.272024446673395 14.365687553224573 14.455708308622093 14.537718495451191 14.607413431283902 14.660608267122708 14.693250388878221 14.70194674906593 14.70194674906593 14.70194674906593 14.70194674906593 14.70194674906593
15.252082293675087 15.254975587892652 15.24698494538975 15.2287214323989 15.201263490707356 15.166071150991145 15.124738204624807 15.078916919636033 15.034949989643728 15.001743909632356 14.977082545219586 14.957186806346382 14.923656986789963 14.872307276204582 14.806037593739513 14.73171559408494 14.653898371346564 14.577173367564928 14.497624443045416 14.41440991929152 14.332177738202208 14.255736469525369 14.189851952988528 14.139050321482602 14.107450191677993 14.098642180560287 14.115625313178537 14.1570548838916 14.211425711143821 14.275352989484341 14.345710514816142 14.419003696282505 14.491470430989898 14.559148843644351 14.617995979841977 14.664000925094618 14.693207406958381 14.70194674906593 14.70194674906593 14.70194674906593 14.70194674906593 14.70194674906593 14.70194674906593
15.419663640998191 15.428662469766074 15.423121522132192 15.403610741442694 15.37137225867879 15.328203008672055 15.27624494342598 15.217654665928093 15.154510682870617 15.088710815577432 15.025531533706953 14.96973499303112 14.91938139284337 14.863080127551118 14.79824927791355 14.728577348433621 14.658147584263864 14.59144326903922 14.531240756715421 14.470497671696247 14.411533019042338 14.358570259443798 14.315806341571552 14.287261380912138 14.27664866800042 14.285436436161289 14.30726551784348 14.340185182766424 14.382403108621622 14.431588292753444 14.48495581673239 14.53935434368675 14.591338175638068 14.637265319156946 14.673422336122599 14.6960643390829 14.70194674906593 14.70194674906593 14.70194674906593 14.70194674906593 14.70194674906593 14.70194674906593 14.70194674906593
15.58039403675313 15.595688824599039 15.59237300187737 15.570999673455537 15.533097409270452 15.480947502549927 15.417281982206624 15.344964699293733 15.266625676269468 15.184688684164232 15.102394559391982 15.022475827884005 14.947245485639293 14.880701451261533 14.81792839049879 14.75292441560434 14.689617983567766 14.632264218323959 14.585398030498736 14.545732468124928 14.508567220023409 14.47764710712603 14.456396920486705 14.444479275533709 14.441975619910277 14.449045789991388 14.465244619968923 14.489539813311689 14.52035090341137 14.555604552071713 14.592800201417203 14.629071064543952 14.661271870094831 14.686088420993235 14.700089785175319 14.70194674906593 14.70194674906593 14.70194674906593 14.70194674906593 14.70194674906593 14.70194674906593 14.70194674906593 14.70194674906593
15.737546710503105 15.75717361962538 15.754575583729475 15.729945724817911 15.685055642116291 15.622879556554587 15.547066001650482 15.461463157356523 15.369814638718356 15.275471880152244 15.181405828004198 15.0902428938774 15.004312107489598 14.925696815572984 14.856281837227888 14.797068639846747 14.742418392181115 14.694436945681783 14.657502148793302 14.633357944499192 14.61204023162126 14.593600294260737 14.579697952112076 14.571522514652216 14.569754114290049 14.574540844152665 14.585493686589041 14.60169944888136 14.621750075919712 14.643785174080998 14.665534357286916 14.68439953569391 14.697533621851406 14.70194674906593 14.70194674906593 14.70194674906593 14.70194674906593 14.70194674906593 14.70194674906593 14.70194674906593 14.70194674906593 14.70194674906593 14.70194674906593
15.90163334435117 15.925333342511056 15.922189457087265 15.8924854639533 15.838782409415614 15.765214072960616 15.67658286858096 15.577646316827085 15.47272522167273 15.365597096293312 15.259462018330645 15.157008988473633 15.060553146523242 14.972122641485635 14.89352795734542 14.826415137415763 14.772306300012062 14.732329640544162 14.703811479864438 14.68855927699238 14.67873235377729 14.66929640855786 14.661746454781069 14.657152004857812 14.656125364653082 14.658802685785869 14.664839078166786 14.673417905910563 14.683271439775215 14.692710506149615 14.699691613511808 14.70194674906593 14.70194674906593 14.70194674906593 14.70194674906593 14.70194674906593 14.70194674906593 14.70194674906593 14.70194674906593 14.70194674906593 14.70194674906593 14.70194674906593 14.70194674906593
16.07122301005376 16.100220447932497 16.096360536850295 16.060090080013023 15.995340255956073 15.908088625330553 15.804751772370155 15.691181335141433 15.572306243557229 15.452147995666346 15.33397486706018 15.220490402971507 15.113941644211856 15.016249507707464 14.929113581429354 14.85407488771685 14.79256085292655 14.745918287104884 14.715438515628259 14.702377482498651 14.701962123519168 14.701110945153491 14.699620045657428 14.698454206991377 14.698165520291948 14.698877159814963 14.70027799394976 14.701624890302693 14.70194674906593 14.70194674906593 14.70194674906593 14.70194674906593 14.70194674906593 14.70194674906593 14.70194674906593 14.70194674906593 14.70194674906593 14.70194674906593 14.70194674906593 14.70194674906593 14.70194674906593 14.70194674906593 14.70194674906593
