_RESULTS/CROSS_VALIDATION_POSTPROCESSED_80-20/Berg/TZ/4comp/1/Berg_TZ_z_250_kriged_reverse_4comp_spherical_1.asc
ncols 100
nrows 90
xllcorner 5.6208707817415728
yllcorner 50.959635321741573
cellsize 0.00013419651685393446
nodata_value 1.7014100000000001E+038
[rows 0 to 18 of 90, columns 44 to 87 of 100]
24.083372228228043 24.088774494456374 24.116573448618343 24.163665362993342 24.22567291025508 24.298102989597446 24.377018056151908 24.459236344640008 24.542256262965985 24.623463743671387 24.70082778554506 24.774040390082412 24.85116604852273 24.930044692563776 25.00596033484394 25.07454540324901 25.13183899286436 25.174349485578084 25.199114268185447 25.21045213401597 25.213652372918897 25.20846010691191 25.19528964965404 25.175211150675704 25.14991636452743 25.12166549278695 25.093218417305525 25.067754847637076 25.048788483290913 25.040079868181042 25.03989889210409 25.03989889210409 25.03989889210409 25.03989889210409 25.03989889210409 25.03989889210409 25.03989889210409 25.03989889210409 25.03989889210409 25.03989889210409 25.03989889210409 25.03989889210409 25.03989889210409 25.03989889210409
23.967115548205847 23.96739395361425 24.00048297332575 24.058095942796992 24.131882964865532 24.215793096240024 24.305122030480682 24.396448588906075 24.487322081544335 24.575956651968323 24.669203708854152 24.772508645958045 24.88034878145447 24.987480518323014 25.088940184040514 25.180105570721782 25.25677279429832 25.315237121453794 25.352366814329443 25.36924051791094 25.37384091516881 25.36637144124433 25.34729004196886 25.31778010728425 25.279713327312102 25.235590271325286 25.188461246191956 25.14183252442988 25.099564967514844 25.065772392862918 25.0447254848895 25.03989889210409 25.03989889210409 25.03989889210409 25.03989889210409 25.03989889210409 25.03989889210409 25.03989889210409 25.03989889210409 25.03989889210409 25.03989889210409 25.03989889210409 25.03989889210409 25.03989889210409
23.86289255746112 23.856637224122483 23.890879979542408 23.95768105473035 24.045871572815503 24.14277030637307 24.24301463431711 24.34330122693344 24.442105581852115 24.553689058219767 24.680316152577156 24.81620036797473 24.95462974955475 25.089894977430944 25.216754864532913 25.33030029483374 25.426060288076158 25.500107534339563 25.54914702858281 25.572342626652695 25.578378855950625 25.56857388136422 25.54342401617117 25.504215694541287 25.45299299827993 25.39249942911929 25.326092152074853 25.257633041363047 25.191366483383852 25.13179610984327 25.083570864909994 25.051386351280648 25.03989889210409 25.03989889210409 25.03989889210409 25.03989889210409 25.03989889210409 25.03989889210409 25.03989889210409 25.03989889210409 25.03989889210409 25.03989889210409 25.03989889210409 25.03989889210409
23.76720053613951 23.757182040496094 23.799476436706808 23.876295208021673 23.973856588703306 24.08356617905185 24.194305331080347 24.303951154093436 24.43070176115075 24.57641111509051 24.735390245637937 24.901934125262247 25.070133829994003 25.23302819761598 25.3847498445959 25.52005525541593 25.634188133873614 25.72302259354691 25.783226984059954 25.81295271121648 25.82048021424968 25.808360607489533 25.777114824566898 25.728139313402654 25.66366434679325 25.586634842607776 25.500647527430882 25.40993960880053 25.319181460190944 25.233317712827276 25.157423103779635 25.09658400548239 25.055807781671906 25.03995464593326 25.03989889210409 25.03989889210409 25.03989889210409 25.03989889210409 25.03989889210409 25.03989889210409 25.03989889210409 25.03989889210409 25.03989889210409 25.03989889210409
23.674869802150564 23.668429073325733 23.732554805385252 23.825941219328588 23.931503646451162 24.04456061887027 24.16356371404857 24.301424288595268 24.46220946237109 24.640423546732407 24.83044060746406 25.026430155635275 25.22231286417624 25.411579176380794 25.587025642106976 25.74321095637882 25.87525062077222 25.978783283863304 26.05012260246657 26.086726406723482 26.096066208247066 26.081661669451794 26.044052565672114 25.984771748185636 25.906305619097537 25.812003570196012 25.705939140258305 25.59273852175937 25.477367556113435 25.365004871796298 25.261204832681916 25.171508671052678 25.10131239278709 25.05580025456257 25.03989889210409 25.03989889210409 25.03989889210409 25.03989889210409 25.03989889210409 25.03989889210409 25.03989889210409 25.03989889210409 25.03989889210409 25.03989889210409
23.562674078550852 23.58777687715233 23.696939104230516 23.811809957631162 23.92581474222182 24.037838071133297 24.171211216068436 24.340573654543117 24.53245100488691 24.740806770816928 24.959943469408586 25.183764296656886 25.405838600503216 25.61983865745836 25.81888614367058 25.996294742817895 26.14663697601897 26.26511526191434 26.34767508785053 26.391327108313156 26.402837595926737 26.386173037466005 26.34187559452964 26.27162958925997 26.17823027888316 26.065477319574406 25.937994827277976 25.80100461757935 25.660090843571158 25.520989557139767 25.389400797864564 25.27096627480665 25.17150438557703 25.096566716026363 25.05136724516806 25.03989889210409 25.03989889210409 25.03989889210409 25.03989889210409 25.03989889210409 25.03989889210409 25.03989889210409 25.03989889210409 25.03989889210409
23.565173377014084 23.59085541334809 23.70025866071492 23.81597080266443 23.932605074855243 24.05958804526574 24.22221081102801 24.416423840160867 24.63561323667904 24.871094508117604 25.116810696912246 25.366859655475672 25.614963880205178 25.854182936243635 26.077090242074007 26.276263110082144 26.44552149184917 26.579495400084475 26.67364353482154 26.724585512035702 26.738710074835083 26.71977876707378 26.668315093667168 26.586181186633812 26.47656465206973 26.34384721293335 26.193358167519936 26.031062255189656 25.86324741464301 25.696262898001766 25.536330363646076 25.389426490950267 25.261218012056037 25.157411007812154 25.083540705570655 25.044705020219453 25.03989889210409 25.03989889210409 25.03989889210409 25.03989889210409 25.03989889210409 25.03989889210409 25.03989889210409 25.03989889210409
23.696978687002677 23.685331236202884 23.745862894472882 23.83745167729267 23.944933791609166 24.092322679300228 24.282469378003317 24.50803035788388 24.76074510678621 25.023167548791562 25.29398188992596 25.570089422024623 25.844543720823243 26.10980865356779 26.35774778562142 26.579824949086046 26.769095777221384 26.919560320865244 27.026021362195422 27.08472002407522 27.10196989034358 27.080675194799085 27.021316414348735 26.925982223747084 26.798388610923908 26.64370153500955 26.46817669897229 26.278715026846612 26.082445568198576 25.886406185832367 25.697340773422273 25.52159702571895 25.36509483807812 25.233342190628726 25.13177843645824 25.065737933343353 25.040074420691493 25.03989889210409 25.03989889210409 25.03989889210409 25.03989889210409 25.03989889210409 25.03989889210409 25.03989889210409
23.80230828764981 23.77416348800172 23.80040412758832 23.86398437281157 23.967605899008724 24.130010494515137 24.34263063728876 24.595700340656666 24.879235084609526 25.182008518917986 25.48563691641364 25.7878627941784 26.089201864519083 26.38156449328789 26.65609092120773 26.903191489663815 27.11414890135792 27.2826376882822 27.402565761028193 27.46985897726393 27.490789585219886 27.466868167772933 27.398507299009612 27.28811508016591 27.140163564803743 26.960914286572645 26.757857481745706 26.539066492310514 26.31265033226839 26.086386529040823 25.867529383869503 25.66274831019642 25.478145218754783 25.319309428752813 25.19139861797836 25.09954528330932 25.048761939230214 25.03989889210409 25.03989889210409 25.03989889210409 25.03989889210409 25.03989889210409 25.03989889210409 25.03989889210409
23.895448765061396 23.858155997549225 23.864067233918142 23.908041106082113 24.01534928922881 24.187322803413426 24.413808119660054 24.685232662480804 24.99347043557727 25.329992687064866 25.675451802416 26.01430467142687 26.343411556028997 26.663463915546544 26.96557831455721 27.23973754947685 27.475209445957038 27.664376411236912 27.79995502859472 27.87741230335696 27.902608220558676 27.87553358072124 27.796514764785634 27.668461851697224 27.4969948329864 27.289949403695523 27.05646004138304 26.80602745132082 26.547840063841456 26.290403500268212 26.041409885465317 25.807753622566853 25.59561918312912 25.41059230282643 25.25776564846984 25.141867142410558 25.067737840309047 25.039996224879463 25.03989889210409 25.03989889210409 25.03989889210409 25.03989889210409 25.03989889210409 25.03989889210409
23.982853028108973 23.939150415837666 23.93252867079878 23.971530191111487 24.085828391690423 24.268058522448907 24.507905168265253 24.796071722777715 25.123825642341263 25.481763816787367 25.85458245570889 26.225499688203385 26.58696623373068 26.932102197615393 27.261703992530666 27.565332568938484 27.83046165870931 28.045978007988055 28.202676844556862 28.295826069536144 28.329156916696626 28.300661571830883 28.210135737852145 28.06090058310349 27.861823760804437 27.623136865009734 27.356113847006487 27.071887738441987 26.78071451354519 26.49170332053194 26.212824546028557 25.951044835296326 25.712501201372596 25.502670725607096 25.32651534752881 25.188592005017718 25.09324912356853 25.045066659106922 25.03989889210409 25.03989889210409 25.03989889210409 25.03989889210409 25.03989889210409 25.039919847879734
24.061533161229885 24.01342265332407 23.999473924577355 24.044483514754276 24.168707040664547 24.3627233119332 24.61662556614466 24.9194428534662 25.25789904025969 25.625530169686346 26.014894567272307 26.407674256444473 26.79511679677512 27.170654879286616 27.52850195694917 27.86428362414714 28.164283056213545 28.41314868865286 28.59738378015731 28.711554445512334 28.75473385670958 28.724260145588183 28.621544814348916 28.45196306093695 28.224205979713467 27.950044036914186 27.646615638987893 27.327109458230247 27.00262399847162 26.682587560944842 26.374992120250944 26.08667514795087 25.823578769944195 25.590966618014342 25.393595650762784 25.235842746540893 25.12178672338095 25.05557916941302 25.03989889210409 25.03989889210409 25.0399896926778 25.040869804583593 25.042360685679498 25.04409727526571
24.127835824152058 24.077473711195562 24.06246835473661 24.119168987338057 24.25599516416039 24.463157752668376 24.7234241812038 25.027146412968694 25.368735639839024 25.74289440229109 26.144098263657234 26.556109070388374 26.965493015171837 27.365758112531246 27.749330768204373 28.1182886108585 28.457471537170964 28.74800778241419 28.969900305254537 29.11355929079243 29.16949631097301 29.1340803567024 29.012060445800298 28.81473017439004 28.556758405423093 28.25278472752804 27.915373856256515 27.56049073969621 27.20383239705269 26.85469526123651 26.520766959092377 26.208538747703276 25.923620392678913 25.670977589275978 25.45511082854478 25.28018541482744 25.15011500100604 25.068652129100826 25.04006284909831 25.04157314652371 25.044313910096545 25.047792053518375 25.05155875799103 25.055209932587047
24.17345088742072 24.12605641195421 24.118283924002007 24.189619256292154 24.33914272522138 24.546861052810144 24.80466310381759 25.1068156332403 25.448351863927915 25.82481645242225 26.23180874036739 26.65750515866868 27.08404065461094 27.505214509450333 27.91350604919246 28.304720704941737 28.685415897668655 29.02606073415001 29.300550837086796 29.48670426208998 29.560564560054193 29.51493211248124 29.362660541973074 29.127490605920155 28.833247546110375 28.498777946231314 28.137615654164648 27.759244811801814 27.374164689673957 26.99957153835666 26.643105933098866 26.31073952662601 26.007659876270182 25.738492883291286 25.507466751382424 25.318532362447836 25.17544202432188 25.082908329863912 25.04562155116133 25.049002107639744 25.054744510735134 25.060945052548867 25.067108522542785 25.07278520358031
24.184638738594764 24.145799082389107 24.15458533844156 24.244113224128768 24.396414159425834 24.602049239398287 24.856384097844085 25.154393077138277 25.491809373868207 25.865156270177614 26.27126416505573 26.70208900248855 27.138011538288946 27.572977353671156 28.000884025073734 28.413700693938576 28.821249343878037 29.217877213842332 29.563741547426446 29.81490195685566 29.9166774511749 29.848149797081724 29.646583070930877 29.362231468398132 29.029117933521075 28.66696326225999 28.287375305749897 27.897641290149345 27.502683363556596 27.109452241563204 26.735674474772797 26.38805258378613 26.071344903331333 25.78985525215376 25.547566735688015 25.34833015545164 25.197803905716643 25.099934231322933 25.05757625128233 25.061866980385528 25.070743134306834 25.079804142672668 25.088501321671664 25.09633117053534
24.155693131086156 24.13175530519256 24.160003787012684 24.25823666886036 24.416970941463294 24.626245516388334 24.878316205116818 25.16914127504708 25.497655311447513 25.861535552940907 26.258969346371963 26.684905768727262 27.11987002489144 27.558080739677358 27.995252164998803 28.42567968419752 28.84841062689434 29.288293630112484 29.71836602015237 30.073608959322456 30.231035630540454 30.102574443215723 29.822644062294522 29.484349926058872 29.118976061535168 28.739281822635803 28.35179855001672 27.960497985241577 27.568160982419155 27.176959217979096 26.793473498036725 26.436389417686495 26.111285084446255 25.822222751023126 25.573188271508645 25.37037048359167 25.21768314135301 25.117970145917873 25.073959476827817 25.079587226219154 25.091740583010587 25.103816136226904 25.115203372254864 25.125334922605635
24.077954245359958 24.078621613316965 24.12202271539138 24.23395465585681 24.402581577999698 24.616846435366377 24.868845100250162 25.153278441811484 25.467807746451832 25.81503815349863 26.1951053633858 26.605267397895737 27.027073262555305 27.455285012326957 27.8872016925307 28.31895898532287 28.74658948582669 29.201288359746556 29.687045548378826 30.1626278914621 30.49089388253207 30.179562969936637 29.824958254399313 29.457104588182414 29.082250291287803 28.703674394335803 28.323419822298696 27.942979590857448 27.56362808345963 27.186584606504365 26.81307501539976 26.453173462935432 26.125332899056158 25.833900025256995 25.58543433581888 25.38429861179327 25.23337604868205 25.135459691805412 25.093249660145794 25.10154626446772 25.1171321429504 25.1323945793282 25.146651536716792 25.15925935113088
23.945116509353902 23.976667309733006 24.04633426705474 24.179698945003857 24.362243028330184 24.582089867323052 24.83170657790917 25.106955177922124 25.406069515578643 25.72946708019358 26.08273042297898 26.46570825178599 26.861123652368672 27.264622901739845 27.674406265730966 28.087117357815128 28.502767389951632 28.933482287529106 29.39418208016039 29.83335257711864 30.061419948488005 29.900657167870488 29.59681272322441 29.259610122613278 28.910989414987032 28.557498436069416 28.20188428096514 27.84569040250668 27.4900602865677 27.13604670883202 26.784742466654798 26.437557238042043 26.112751803672673 25.826420404739736 25.584174710003193 25.38902077945729 25.24383169175806 25.1513990310032 25.114432300332517 25.127085822856948 25.146270933761734 25.16491274960658 25.18224679330973 25.19753791894081
23.75772846583412 23.83593937295072 23.946401615262978 24.1094387633137 24.309279859699217 24.533978369214008 24.77738344261175 25.037376414368524 25.314306381011185 25.609826091601278 25.927080987539274 26.271196230982717 26.626784640966967 26.990799247866367 27.361718737293746 27.73914995024921 28.119922957042466 28.497449047233538 28.881969268945255 29.221033462792768 29.399390016605302 29.356252412002902 29.165247643489494 28.90571524952127 28.615069847679443 28.308839884866995 27.99409662339502 27.674557810360533 27.352516269605765 27.02964838580144 26.70739502732858 26.387146435901794 26.075640529350125 25.80072957132528 25.56924199200245 25.384248954103754 25.24867399594496 25.165351730014713 25.137032908210173 25.155498682766837 25.178458901158603 25.200693699570053 25.22134451178012 25.23956649850633
