_RESULTS/CROSS_VALIDATION_POSTPROCESSED_80-20/Berg/GZ/8comp/3/Berg_GZ_z_500_kriged_reverse_8comp_spherical_3.asc
ncols 100
nrows 90
xllcorner 5.6208707817415728
yllcorner 50.959635321741573
cellsize 0.00013419651685393446
nodata_value 1.7014100000000001E+038
[rows 36 to 53 of 90, columns 42 to 83 of 100]
0.24300545452110708 0.24881687416039638 0.25761383023789697 0.2709957152336038 0.2901620651670518 0.3023248867849161 0.2938246006373916 0.26829720329917095 0.2328582104838244 0.19477263395400418 0.1598042317995428 0.13104045514755636 0.10806586708348381 0.08752814274691041 0.06688726732942109 0.04579509647503301 0.02693565904877769 0.013849944896746971 0.006613551870488338 0.0031112921090292287 0.0015149340119307117 0.0007919383020520006 0.0004562124584493709 0.0002952945035021195 0.0002154706948441975 0.00017630379647326733 0.0001601193158298286 0.00015964841921429476 0.0001731278306588784 0.00020270959165564288 0.0002552605836928693 0.0003477866412695706 0.0005096379772997761 0.0007963388694620969 0.0012792057122575677 0.001988567221231775 0.003030118935810707 0.004582358690626681 0.006769000236606989 0.009621990537210986 0.012979412354547972 0.01659860914303402
0.23104253922219065 0.24372624369134424 0.2600103967299737 0.2819591496460466 0.30525176680105426 0.3127244786374197 0.2982946706198796 0.2680015053983699 0.2298313243520771 0.19096392133766243 0.15622102065507382 0.1279617858212518 0.10561387636011489 0.08601770952751195 0.06493442480796449 0.041018642054076 0.020695268905617584 0.008868923202039981 0.003547815500847717 0.0014243651384359744 0.0006043996514326198 0.00028138778023911574 0.0001487898227070401 9.138348217185697e-05 6.545236702580619e-05 5.407386311219671e-05 5.058377863916227e-05 5.233237371119137e-05 5.9160154360102116e-05 7.257841033212118e-05 9.659876840487727e-05 0.00014056382081957782 0.00022240125967032328 0.00037839695980992476 0.0006699721620934675 0.0011529927525492872 0.001888511599708577 0.0030384615012515924 0.004770562426605222 0.0071940577574851694 0.010271517152770918 0.013781299884698214
0.21861125062346806 0.23624587016162252 0.25847147932192216 0.2863047573027402 0.3063722294045532 0.3074426396396318 0.2871431966149104 0.2528337204761593 0.2128318446504024 0.17471794350328715 0.14341990981242048 0.11886897307620575 0.10029159287703174 0.08448765101802512 0.0657169863799737 0.0392482400692609 0.016199177098282697 0.005564212859325049 0.0018401291272867745 0.000628540767356783 0.00023130586005247488 9.567485519224077e-05 4.651057360423612e-05 2.7412719286633477e-05 1.9531359920483428e-05 1.6341188435135803e-05 1.558699152264575e-05 1.6640967043061673e-05 1.962714800842921e-05 2.517583456039476e-05 3.5331965828080935e-05 5.480560333993095e-05 9.36049171397445e-05 0.00017387560330148072 0.00033944621906348846 0.0006483025250094323 0.0011701893850702464 0.0020063688834646497 0.00334743377722731 0.005347168867979432 0.008060940684822993 0.011346643072302157
0.20573621302782258 0.22628524118287302 0.25239338354868457 0.27955638081216144 0.2938009777070339 0.28781390400169615 0.26215560621934214 0.22505549055464383 0.18744840495141182 0.15402257575415967 0.12639836328843151 0.10514453209649044 0.08927970171807306 0.07604327217767869 0.06400015386354137 0.04004612655219636 0.011837145308236338 0.0032283434559481805 0.0009016909224705987 0.00026623894407352337 8.588672925163664e-05 3.1629103543935895e-05 1.4161766740561976e-05 8.196691198384347e-06 6.020678624314522e-06 5.23199093700758e-06 5.1282193396757335e-06 5.555886593301653e-06 6.62370909344086e-06 8.732028428301673e-06 1.2782766181081096e-05 2.0960860419206836e-05 3.857747609018265e-05 7.857329169339524e-05 0.00017019590938417657 0.00036192142263838416 0.0007255564494051749 0.0013412283274862667 0.0023743407258191352 0.004005979679261425 0.0063523253359611745 0.009358035737860926
0.19231880002453214 0.21391839505276547 0.24115099023765538 0.26260193480631183 0.2699396565348549 0.257353135332155 0.22846952488606875 0.19504088786257112 0.162242165680395 0.13285878712474372 0.10809284252276727 0.08815153859256751 0.07135954074831495 0.056615306345255044 0.042644405346762504 0.022948639510302925 0.006498352113601514 0.0016216908305978505 0.00041243711012749646 0.00011119882241373446 3.27397912628112e-05 1.0856675782184717e-05 4.389646262042488e-06 2.589418342540584e-06 2.077044620898192e-06 1.9174057834191695e-06 1.9378444585838043e-06 2.1192974538144626e-06 2.5105188000231566e-06 3.2604579715552903e-06 4.7912899283743505e-06 8.106341383786742e-06 1.5887213407984463e-05 3.568644929737408e-05 8.671044861063284e-05 0.00020621414722906626 0.0004586430923763475 0.000924275840432702 0.0017296976828909184 0.003067346871423988 0.005088258264590979 0.007807789543146847
0.17817637490726246 0.1991494216796535 0.22352958601053385 0.23770454105940075 0.23851303080292338 0.22246793520163652 0.19790614729771802 0.16967172095540536 0.14105203351312043 0.11437248867551993 0.0909136535940735 0.07077112290429331 0.05230383547580841 0.03590539683396742 0.02108600770524878 0.009125886887921942 0.002802138278804812 0.0007202708044650105 0.00017962209605064145 4.6868503303504416e-05 1.3327718693606172e-05 4.202116499411827e-06 1.4687166376408367e-06 9.606862150217165e-07 8.766435499722508e-07 8.529188866593739e-07 8.783356909062941e-07 9.581184187774573e-07 1.115160938531242e-06 1.407799546879101e-06 1.9894148824039483e-06 3.3116579825175666e-06 6.833787209751918e-06 1.7033558047439704e-05 4.655131782768492e-05 0.000123975080921838 0.0003042355525272536 0.0006676792946210823 0.0013150383559770076 0.0024327419498243676 0.004190216580561042 0.006651579562394134
0.1648380948066043 0.18385475817826089 0.2031521296016833 0.21094015634071311 0.20769709033547049 0.19543521135394404 0.17538515720180473 0.1508641472336616 0.12491778673590517 0.09980840046023055 0.07685666648644521 0.05566518425842593 0.03676686750206509 0.021588220629491246 0.010527402398561926 0.004037716149864415 0.0012214414683835405 0.00031705683236646934 7.89892062896575e-05 2.0707417735856997e-05 6.093968467219438e-06 2.0847164868140207e-06 8.83718163533595e-07 5.630052381889321e-07 4.872845708712281e-07 4.71795424729772e-07 4.867520331384771e-07 5.290307854389146e-07 6.047541133913276e-07 7.382399974785244e-07 9.796144482394617e-07 1.4943749564717347e-06 3.1634178505534753e-06 9.166087729025631e-06 2.833352884212926e-05 8.241583919062007e-05 0.00021825233443753105 0.0005134432420776372 0.0010589358493488655 0.002022465078810769 0.003582856898095276 0.005833647581264032
0.15481824440800068 0.17090023151186956 0.18438760533931933 0.1870110815052674 0.18496274922200379 0.17626549704740035 0.15994421205614276 0.1383341443809132 0.11418662726202841 0.08925108897376575 0.06562448742205164 0.044004171409458344 0.026215830015304708 0.013584024937768556 0.005897066307677361 0.002071014668592938 0.0005981516076883982 0.00015134724956431946 3.7080045674770326e-05 9.845563533668121e-06 3.1280217197712735e-06 1.2446706568842596e-06 6.333657318664829e-07 4.210540337939497e-07 3.476738256560336e-07 3.2617119758919635e-07 3.3081078948670475e-07 3.565166908497102e-07 4.082463854694147e-07 4.96206468777008e-07 6.343708022138116e-07 8.523898513382627e-07 1.7915613221098776e-06 6.229425125911936e-06 2.0953400737547574e-05 6.412208822314001e-05 0.0001760920410974957 0.0004286644237427781 0.0009138145267271791 0.0017789067834730389 0.003205348537045108 0.005302346574260881
0.14715300860949998 0.15925025085554464 0.1674021963743008 0.16918611286368854 0.16926350269188603 0.16384645982140109 0.15074624445145185 0.13153661962278335 0.10735926639450616 0.08175672043333025 0.057731827088398406 0.03625741868184397 0.01990362741275352 0.009548863875090342 0.003848499644639015 0.0012696978296872295 0.0003486218744586201 8.380219666201658e-05 1.94362627595636e-05 5.072298119042091e-06 1.7613710940872606e-06 8.394017872131951e-07 5.07002105729116e-07 3.6629052736004923e-07 3.0390867042379834e-07 2.787079276547642e-07 2.762121776267382e-07 2.948149579466089e-07 3.4230833821956085e-07 4.320671332604394e-07 5.917013531115808e-07 9.138226299150526e-07 1.9702862081411987e-06 6.0156663017640605e-06 1.961487954056518e-05 5.963080079475986e-05 0.00016358788669152807 0.0003983576023408105 0.0008509426846585847 0.0016648256213996058 0.003014887560361578 0.005018363597802528
0.1382548010407163 0.14729797628106062 0.15321010081799522 0.15705302464036444 0.15938475060365834 0.15746277043306584 0.14725310157873578 0.12822704633690463 0.1036421347120884 0.07772382939308486 0.053041174331812414 0.03171909631789375 0.016743013733108613 0.007715245342785312 0.003004896509766598 0.000962425357733866 0.00025589412067094784 5.825626579661046e-05 1.2205874757208449e-05 2.8525937149390964e-06 1.0972723368589241e-06 6.721040748631809e-07 4.897063394839339e-07 3.872954560452834e-07 3.268177009861864e-07 2.929586278603963e-07 2.809223333800659e-07 2.9597430427785547e-07 3.508622303321164e-07 4.719600568507129e-07 7.211204883600483e-07 1.285811203094322e-06 2.8336692355138402e-06 7.68620913749869e-06 2.2704256832407922e-05 6.577073803729e-05 0.0001745231728003677 0.00041428118422679166 0.0008656282233274234 0.0016569705997965698 0.0029848473878464096 0.004958526261496203
0.12490332632703324 0.13401012454648267 0.1419701765084297 0.14869305591824297 0.15384771649508336 0.15546692169375692 0.1462945249857291 0.12752550614540883 0.10292452220197934 0.07627430549495753 0.05087118179437708 0.030151650747839834 0.015815275371216613 0.007266503321754567 0.0028539756124176313 0.0009281923732553088 0.0002506026169261099 5.6860851392222566e-05 1.1090518391417456e-05 1.953325699683308e-06 8.935519433232079e-07 7.608786589758018e-07 6.367711924883597e-07 5.288624588414753e-07 4.430173558734195e-07 3.806979094379758e-07 3.4692117155820133e-07 3.529550879248251e-07 4.2464025434202867e-07 6.141055748388418e-07 1.0395121069296276e-06 2.0294655602445916e-06 4.588358887956072e-06 1.1648730183166605e-05 3.1127344145284903e-05 8.38509443773262e-05 0.0002107927123701277 0.0004779476017873265 0.0009594453377619184 0.0017657970758615251 0.0030948616254557566 0.005104818259340937
0.11233003577233103 0.1221766746522577 0.13334349936406986 0.14339530135995987 0.15188070219580196 0.1551341060868908 0.1475247099935586 0.1292653246972062 0.10414010332235633 0.07693608127632151 0.05175168634923198 0.03120296844647353 0.016756490259665188 0.007956741445100514 0.003289299203186325 0.0011449240279051646 0.00033607139308300984 8.447155468781257e-05 1.8936753421069026e-05 4.436733216355678e-06 1.9802639409265896e-06 1.4924762362154088e-06 1.204706298692866e-06 9.700251782581135e-07 7.751902768319594e-07 6.249022566929451e-07 5.231656281379571e-07 4.88792484811582e-07 5.861953479608375e-07 9.285927881220626e-07 1.732968326785429e-06 3.6043378804674577e-06 8.262031986837026e-06 1.9965078165415773e-05 4.8892909090546655e-05 0.0001202870849625246 0.0002828567908034 0.00060342576304295 0.00114621145914603 0.002008471403726414 0.003364628148462561 0.005452099611798557
0.10272773968929826 0.1135594106011609 0.12772538499124625 0.1413943377324178 0.15213494826858298 0.15583053405706113 0.1494286248121092 0.13168457650849347 0.10681538890382607 0.08022223270613718 0.055671809185985216 0.03490579052059076 0.019711119054931846 0.009986998552876093 0.004510571317669103 0.001762771628988079 0.0005975333513716831 0.00018065715677353475 5.220324326496012e-05 1.6836143911635104e-05 7.48867178447673e-06 4.56205370687946e-06 3.213620782929348e-06 2.3718691525678196e-06 1.7731782851590655e-06 1.3315819551865835e-06 1.007945242267949e-06 7.955143046779269e-07 9.179209161400387e-07 1.6991163605209183e-06 3.433907729998223e-06 7.354846455510402e-06 1.6564706658120308e-05 3.7743677960762285e-05 8.560224118008544e-05 0.00019073629858416358 0.0004137300829913612 0.0008206923668658798 0.001457221111670693 0.0024125224585688824 0.0038453711562993456 0.00602519884849351
0.09651171082178227 0.10796472526002122 0.12470389870798994 0.14099274298190795 0.1520016519225981 0.15555956654365335 0.1504832448271318 0.134348338031064 0.11068810331467822 0.08615371100945503 0.0625983712579839 0.04155550575564647 0.025215177122619347 0.013985602379147914 0.007092510292169302 0.0032234096327041725 0.0013071495531297849 0.0004866087111892142 0.00017621261335117963 6.83237195252937e-05 3.130275159100585e-05 1.7267906620538408e-05 1.0872015627425246e-05 7.390497731971343e-06 5.212947998901251e-06 3.744061537686902e-06 2.7312999080400482e-06 2.085288011944922e-06 2.344094659611589e-06 4.259408321729795e-06 8.422496165455501e-06 1.7494422629927547e-05 3.694718888364351e-05 7.789954028290389e-05 0.00016223198034985765 0.0003288098663862899 0.000647579615250921 0.0011824497119937427 0.0019447490371519679 0.003024051619942193 0.004588499119882106 0.006905019517441379
0.09289243320039373 0.1036072216648474 0.12176253506254288 0.13901870922996074 0.15060399782380737 0.15454900231585642 0.15029219191259266 0.13663489165814693 0.11562917529734161 0.09406445285118491 0.07232422722681958 0.05148567176374964 0.03407663394288869 0.021054834105465707 0.01219240902068001 0.006578044861824852 0.00324412043552121 0.001482450712617466 0.0006462342935291712 0.0002842803979457085 0.00013480410711200533 7.16100179141235e-05 4.243777990474838e-05 2.737498292084619e-05 1.8721121670562066e-05 1.3379079877649508e-05 1.0123942629641861e-05 8.66876033087288e-06 9.67194118669108e-06 1.4418228032741645e-05 2.5233546871338945e-05 4.735374812019795e-05 9.036466637541255e-05 0.00017269720486257962 0.0003261747550617726 0.0006001581453120415 0.0010644900993363809 0.0017733652827634126 0.002686127335340111 0.0039137282566276375 0.005665337860107028 0.008160627596325793
0.09085539682989868 0.10066762171992087 0.11905372265533841 0.13620894811306597 0.14826341207108243 0.1528687395043965 0.1490191969090945 0.13757027535597355 0.12055861954139682 0.1027699082130224 0.08409631421515215 0.06463613459801357 0.04701102403228586 0.032623298541879925 0.021772208757728142 0.014027650934610043 0.008504014941660181 0.004764297929042161 0.0024424978197336218 0.001181712301645951 0.0005783575696599378 0.0003043448891877495 0.00017626878727689858 0.00011177041254646621 7.636255415042012e-05 5.561799088332825e-05 4.387022543311518e-05 3.927623334377188e-05 4.2369828076012695e-05 5.580218945863727e-05 8.517113406240686e-05 0.00013924588804614245 0.0002351240964351329 0.00040122835857857363 0.0006802708772916437 0.001128125730135832 0.001802099678260661 0.002717379231897644 0.0037844564704677007 0.005200869323948968 0.007169448899991299 0.009862074475523362
0.0887122925781313 0.09905387493164758 0.1162874494642129 0.13371211619047565 0.14657489086092676 0.15163851788850324 0.1474372336970286 0.13632325406299683 0.12375417576198618 0.1104532912431656 0.09624466984953525 0.07993516446148628 0.06384577874679348 0.04965753603775203 0.038115069238176175 0.02918542318692712 0.022027783943044815 0.015441771540120611 0.009282946863698075 0.004760214364318436 0.0023500472818725206 0.001239557929472454 0.0007245508245364694 0.000468007855070898 0.00032844456828463333 0.0002467050051429715 0.00019994301761866798 0.00017996456192349115 0.0001859861332303174 0.00022260842188561193 0.00029580377253388064 0.0004214320080663821 0.0006259358364359172 0.0009474393928337128 0.0014340244823494853 0.002133840531159705 0.0030720315897057432 0.004171648892575621 0.00538753056025968 0.007023292969407757 0.009209003114621427 0.01208031927030092
0.08573239315868816 0.09687594629904948 0.11310953303762836 0.1309409630627091 0.14554148199733216 0.15203633516259027 0.14631808760463058 0.13468483023492475 0.12464188660605466 0.11600762489635157 0.10707582368330272 0.09562919268600853 0.08321292562738371 0.07167170226644815 0.062256485820948095 0.055653563558742174 0.05188311966534317 0.04775594947002862 0.03445238586714755 0.017189708133839885 0.008304260914271992 0.004482724957931522 0.002751036055161269 0.0018852434959557639 0.0014008669294894485 0.0010976973012426295 0.0009052271807000082 0.0008036592920514651 0.0007887557102660166 0.0008501038741902899 0.000996743284457965 0.0012492403224759706 0.00163807796937234 0.002200789103067287 0.00297211614439794 0.003964235605719119 0.005137160289994519 0.006320254558119546 0.007708349170904103 0.009533976111708342 0.011888580864255954 0.01486528480502818
