_RESULTS/CROSS_VALIDATION_POSTPROCESSED_80-20/Berg/GZ/8comp/3/Berg_GZ_z_355_kriged_reverse_8comp_spherical_3.asc
ncols 100
nrows 90
xllcorner 5.6208707817415728
yllcorner 50.959635321741573
cellsize 0.00013419651685393446
nodata_value 1.7014100000000001E+038
[rows 57 to 75 of 90, columns 0 to 42 of 100]
2.193712399138836 2.2391657595292527 2.2834470446126987 2.32598205911557 2.3665907653265945 2.405294068806637 2.44212540817716 2.476976708064416 2.5094739749147346 2.53885970330219 2.5638613372448344 2.5825531406229203 2.592292635085304 2.589947022849091 2.572179008914194 2.5323466716263336 2.471695001718088 2.3959907382981367 2.3070685925737977 2.2083662259024486 2.105515492704459 2.002887800620224 1.903416207459595 1.8071558798693959 1.7154258512172196 1.6295768173791387 1.5506645464237168 1.4795850131192716 1.4167526079456345 1.364324598244048 1.3308119540138992 1.3189069705856578 1.3308905913672313 1.3674237625414394 1.4228838881919914 1.4948700302227371 1.5818483912634276 1.6829039258098089 1.7975664347394098 1.9255070229911013 2.0662247117486117 2.218682056290375 2.387425300949952
2.114397949959142 2.1599286615717146 2.2063626368798475 2.2530905951816353 2.299802710359428 2.346373133513262 2.3927305286958633 2.4387303311232196 2.4838489327059765 2.5269494458031385 2.5674247152643876 2.603586687860284 2.6320902422660564 2.6477229708500536 2.6441698369936537 2.6130657412185547 2.5548288615681614 2.4760114185880013 2.38014743931707 2.274927253611045 2.166613234154384 2.059361949322495 1.9541779856972883 1.8529524006198166 1.7573611802753033 1.668665054713725 1.5878594504426329 1.5158103049284803 1.4533723332961372 1.4015390888194015 1.3680027889555306 1.3557742914450837 1.3659113319873093 1.3990756618299138 1.4500586050253887 1.5163327413398013 1.5968958674315323 1.6908815233236039 1.7975513530218947 1.9161158150637934 2.045464588928705 2.183808759955139 2.3312214098021147
2.043963833205601 2.0890248296418594 2.1366848756436396 2.1863698905849516 2.2377168183268177 2.28786422983932 2.33616000644754 2.3841750003685447 2.433213881656207 2.4840963111109056 2.536849640015779 2.5902046374906607 2.640723708066632 2.6815234038365636 2.7018633870818087 2.6887147320685587 2.6379832662456484 2.555684161845771 2.4518589423213193 2.3397680390965427 2.2258268697661623 2.1123461920351922 2.0020310949018896 1.8969008342260256 1.7984372368591774 1.7077605008811467 1.6257615734598183 1.5532136920685347 1.4908706856621292 1.4395524866883578 1.4049081100614143 1.3911859010703085 1.3987618016625019 1.4281827503190265 1.4748624252723883 1.5354596347331928 1.6092340638957634 1.6953595838999334 1.7929233535679225 1.9008024685314706 2.017448216427511 2.140589962090187 2.2673496993527547
1.98224959421783 2.026291947524922 2.074082836390142 2.119996174457646 2.1630629280209037 2.20508132156539 2.2479449836454757 2.293510436181009 2.3434597920313633 2.399140400859604 2.4613312867408808 2.529808310498202 2.6023530461830173 2.6722215133086418 2.722852892711795 2.7292288376689635 2.6832900140585267 2.603342920698551 2.505377526260329 2.395334016647281 2.276500172646142 2.1581388690055516 2.0443269638447013 1.9367415614751846 1.8366404255731827 1.744990995587806 1.6625684550681574 1.5900374350721798 1.5280193066993983 1.4771379430222027 1.4405920698372 1.4246510846872495 1.4292178721532347 1.4546053455786454 1.4968519056541774 1.5516763064705847 1.6184218772133843 1.6962545638728133 1.784137647136794 1.8807324451728649 1.9842334300235611 2.092152390442978 2.2010760472969557
1.929198453745054 1.967833026624322 2.002317169809229 2.034103692738638 2.064996714193086 2.0969808992232886 2.132128187493139 2.1725060237389924 2.2200887150822823 2.276665446564396 2.3437257350265286 2.42227098208459 2.512375112001809 2.6115999734583513 2.705290146214515 2.728064118619329 2.6733767424588546 2.5956517222444924 2.5068345050872654 2.409614441255664 2.304893209275961 2.193183690913264 2.0785073390649638 1.970311684594397 1.870060294079127 1.7786098366248184 1.6966490635059408 1.6247564030810329 1.5634475533033518 1.5132073596043152 1.4751317922659897 1.4560053059256883 1.4572039680377058 1.4784433586540582 1.516003669302661 1.5649042857594893 1.624469829745933 1.6938267865892995 1.7718515209943368 1.8570869401711239 1.9476223944963997 2.0409523528387585 2.133844022025807
1.8734274496186816 1.8961184502939372 1.9149704217456296 1.9319895348231149 1.9496051290809102 1.9700935982635819 1.9956080393586233 2.0283050628587986 2.070283951769449 2.123526116290027 2.1898270156797137 2.2707075246608537 2.36727922657049 2.4799697610583493 2.605951315228985 2.6380873768283863 2.5825393304806674 2.519345682947404 2.4495670481834044 2.373060465893225 2.28947562025226 2.198522060154662 2.1001072569150954 1.995782198795125 1.8970611486825768 1.807119511711149 1.726621350189106 1.656107779216556 1.5960373225385749 1.5468153643501998 1.5088104853585593 1.4860853945190335 1.4832221693876584 1.4999814938504525 1.5325310095274283 1.575361600035273 1.627677535091827 1.688556992901618 1.7568227841231834 1.8309744479983343 1.909105452318853 1.9888203234123059 2.0668056505603065
1.803291537020894 1.809900115030437 1.813776577342436 1.8170147647613588 1.8218357622096262 1.8305245022308347 1.8453698182338398 1.8686072515379328 1.9023581383011943 1.9485497491468207 2.0087837988101684 2.084071904266366 2.1741776896191856 2.2748547724098636 2.3673227803561474 2.4118507070696094 2.405885252264797 2.3777950423200385 2.337896994524047 2.289163052102016 2.232041245382797 2.166310548493778 2.091680417738494 2.0080388652017698 1.9164263217241542 1.8293695450026959 1.7514087703893733 1.6831065368986806 1.6249185579014427 1.5772278206787615 1.5403694292466852 1.5153798220216947 1.5084258459986437 1.520535126567395 1.5473444987212777 1.5836286569791795 1.6285375539290752 1.6810396099746323 1.73944568525446 1.7995239583190825 1.8600275297106112 1.9201119849057424 1.978489643964951
1.7233208872963688 1.714000861725504 1.7029735465032443 1.6923593255467944 1.6843458449232598 1.6811382223162152 1.684911430693551 1.6977595107930818 1.7216287739067921 1.758209485628941 1.8087347983221451 1.8735753154575367 1.9504719742176946 2.032013032979288 2.1062567813335766 2.158090539987222 2.183820512626427 2.191328035959123 2.1845987575439296 2.166742519922235 2.138853165451069 2.1009275817595032 2.0526161920796966 1.993597299906311 1.9237704241144842 1.8446165008296094 1.7702743465831123 1.7050556645824326 1.6494616575137437 1.6039006975604564 1.5687218581473878 1.544242603239308 1.5333984978403716 1.5410194261988082 1.5618889128702624 1.5914198742987928 1.627636961422398 1.6649552064283524 1.70298935940796 1.7418912217609601 1.781577695867043 1.8216838083200342 1.8615189910402625
1.6380661122555344 1.613383588449074 1.5879718665841924 1.5639231344675615 1.5433429908440255 1.5283139221009092 1.5208598613011615 1.5229035167465554 1.5362007748909579 1.5622254842649292 1.6019125020187663 1.6539002038967399 1.7156693296443954 1.7828716856832554 1.848548138786508 1.9053437569912222 1.9497484527767477 1.9828882071579765 2.005825916914275 2.0175988421031517 2.0187151933215195 2.0089506288134964 1.9877367556522303 1.954479356424589 1.9087604329810173 1.8504591718577896 1.78282809771965 1.721545684298818 1.6692719434335337 1.6264754524645513 1.5935531937993024 1.570865438432313 1.5588423968469711 1.5620421583908797 1.5766699678311895 1.5932881324306636 1.6092952245933718 1.625478542712893 1.6424835460505767 1.6607922978454397 1.6806944976441387 1.7022526031984988 1.7252660776160909
1.5517680098110176 1.5125925608124378 1.4736513733456968 1.4369665602779065 1.404528011439401 1.3782717914455487 1.360059837777147 1.351651512166622 1.3546496461869613 1.369694541646082 1.3968633836375242 1.4359238079241359 1.4855041764672805 1.5427909921470866 1.6036809267030931 1.6638105619123649 1.7200335280627044 1.770960134021744 1.8161811107745531 1.8536847651945434 1.8812573231112553 1.8980559552881922 1.903066790352518 1.895296183983455 1.8739292836145474 1.8384457858280892 1.7886955857360838 1.7324394984714016 1.6841783691463557 1.6447728974918852 1.6146892970847107 1.5943502905981037 1.5841706273290665 1.582754066017495 1.5800554285797102 1.5756417305116592 1.5706855683438097 1.566231247003837 1.5631838616926481 1.56229543160988 1.5641452818508386 1.569114266421039 1.5773547706611324
1.4682109624676716 1.4155922307810513 1.3641801221830667 1.3158955456019221 1.2725903950972248 1.236043164762573 1.2078380255221728 1.1891025622120937 1.181071100717263 1.1847732204874248 1.2008605815017532 1.2294014010398555 1.2696540771991662 1.3199209191708106 1.377644401845022 1.43984839280601 1.5037475364004147 1.567110283591719 1.6281762172857053 1.6853423514274521 1.735537333083583 1.7759642029271137 1.8050449481536206 1.8212942882526455 1.823430592455201 1.8104753357748045 1.7818316077212732 1.7378425648212015 1.694213366970182 1.6587811686362735 1.6320914516797802 1.6146398429290993 1.6042112782524858 1.589531363153738 1.5665223184087966 1.5412368667836667 1.5159924245905085 1.4920461898283055 1.470500206289643 1.4522956375305687 1.4382025300233747 1.4288031841122444 1.424469008599781
1.3904912360353456 1.3255020615768793 1.2626135243263483 1.2035618811797684 1.149952134837179 1.10328095804795 1.0649589495562441 1.0363206795817406 1.0186068928291194 1.0129017772230855 1.0200142156090295 1.0403102122118737 1.0735341852583398 1.1186893586351712 1.1740579009739034 1.237396084707757 1.30623455734955 1.3781306727456581 1.4507627462874464 1.5218866294559885 1.5892517500794228 1.6496797357668975 1.699861903882762 1.7378032094969047 1.7617299198077012 1.770173699587532 1.7620526431915609 1.7367377069536178 1.6995843585785633 1.6686370106037216 1.645845278865607 1.6290983139612347 1.607163428530652 1.5773512974248747 1.5384996673502027 1.493981196825817 1.449641542305246 1.407793947647624 1.369660042841929 1.3362799092025706 1.3085127482516556 1.2870309613803004 1.2723060326892628
1.3168419178199597 1.2406924327494195 1.1673829105915723 1.0985663919164979 1.0357400065176339 0.9802843346351983 0.9335065345619123 0.89667510015732 0.8710273925784369 0.8577265105724821 0.8577499483951349 0.8717173345206688 0.8997036238288592 0.9411111157131962 0.9946602319523915 1.0585067321336896 1.1304337849388701 1.20803750611361 1.2888435800250757 1.3703447768381753 1.4499929027499199 1.5251885042861786 1.5930079367958225 1.6498024255787853 1.6932144346769988 1.7212919745223776 1.7324584398276024 1.7255929072446816 1.7006395713207747 1.6746016469059388 1.6547119494774412 1.6279376758096973 1.593305388877306 1.548375074586442 1.4950138002637943 1.4365202522012657 1.3759879266265964 1.3180748870027852 1.2654178183939842 1.2190654007257133 1.1798713480685672 1.1485011091985993 1.1254286549964871
1.247982082983576 1.1621265065747601 1.0799076259848002 1.0028740601890356 0.9323937527729259 0.86971072310082 0.8160118502654347 0.7724918724880878 0.7403931493299616 0.7209832690324832 0.7154333719695727 0.7245975370959912 0.7487678106325009 0.7875253750858376 0.8397564291392197 0.903794906044281 0.9776006877689465 1.0589038258824017 1.1452898304018608 1.2342334421609316 1.3231044842858526 1.4091722189737277 1.4896280831635422 1.5616365854147087 1.6219004106172341 1.66742732333219 1.6961661463155402 1.7065060317870953 1.6973632149505318 1.676933892088545 1.6504711659782043 1.6127019951543555 1.56481581820004 1.505702488820616 1.43898959256292 1.368212098200442 1.2965726475657366 1.2268628453710497 1.1618749543660423 1.1046561294489226 1.0561198861610377 1.0168533751701523 0.9877441871168071
1.186323504060811 1.0921366255822047 1.0024112309169946 0.9185714224001473 0.8418330249604004 0.7732768900956284 0.7139410351232978 0.6649238267188591 0.6274730638199032 0.603003799166118 0.5929607367336306 0.5984873743382272 0.6200327584851123 0.6571596535974761 0.7086688505807072 0.7728774475740717 0.8478423607738296 0.9314637076797826 1.0215047105121964 1.1155774565836991 1.211126190608288 1.3054257379944243 1.3956326771542766 1.4790884190397233 1.552715467375764 1.6133949886746157 1.6580467704675446 1.6840030350790176 1.6896761882191766 1.6713218281078615 1.6346136872135122 1.5860875400117918 1.5246853911426108 1.452693392357011 1.3740902992295354 1.2925883101194537 1.211482151070026 1.1335816107159127 1.0611962247222808 0.9961745385081201 0.940519647151847 0.8959354652852898 0.862861608685088
1.1338035909911015 1.0325178700033995 0.9365217442302471 0.8470981044359958 0.7652884051617833 0.6919786062811911 0.6280143198565198 0.5743486768124263 0.532209743878646 0.5032169643275832 0.489268151446804 0.4920017365187698 0.5120281746913921 0.54862769623795 0.6001866626583798 0.6648008416394054 0.7405661055158107 0.825587629864317 0.9178883172845296 1.0153297728185189 1.1161377245889261 1.2179534595813495 1.317722764078925 1.4121254914841772 1.497689347235301 1.57094912495459 1.6286389235585224 1.6678993198282592 1.6856392137208835 1.6638501815967346 1.6168110698673528 1.5546224835386524 1.4785641796314277 1.3934680807621433 1.3039042759869077 1.2133623405239298 1.1244971422578738 1.0402109694413366 0.9628055103281984 0.8940694046749017 0.8353522011434276 0.7876476788360935 0.7516715083086547
1.0919544084367603 0.9846232418016422 0.883396732245809 0.7894071476708854 0.7035053298716603 0.6263513888914972 0.5585417764023684 0.500794497664542 0.4542195442466914 0.42065104726799213 0.40276127135876333 0.40323713623438096 0.42297306635294407 0.4604238601556584 0.5130156508261923 0.5784370908879027 0.654853825697665 0.7406607579400374 0.8348876992551897 0.9362622095602433 1.0426284572215219 1.1513772404080849 1.259448345024683 1.363394130755512 1.4595028260053104 1.543975770439207 1.6131460279451855 1.6637186772231676 1.686011769256512 1.660352453652984 1.6018763940919314 1.5252373590215245 1.4353506771301583 1.3374405007035521 1.2363600337956482 1.1363547270403143 1.0409417915173254 0.9520533100051961 0.8709984976145951 0.7994028572401182 0.7384666377125298 0.6890675715426743 0.6518502227757523
1.0617024717072685 0.9494722354655304 0.8438545050066452 0.74612069626694 0.6569291366875438 0.5766977397192375 0.505722176848425 0.44436095725290264 0.39337134564740844 0.35455895580813956 0.3317244909421365 0.33009027197738117 0.35132444887762115 0.39151952851271865 0.44623327209251057 0.5128151842284453 0.5899390328326889 0.6774384415974141 0.7743827606590928 0.8793730323757732 0.990506268360745 1.1053077470053336 1.220728134119555 1.3332064615356483 1.438800691649749 1.5333822266089197 1.6128820396401349 1.6733874608997032 1.6947279299016547 1.6646049304593098 1.5929028381410932 1.5025757249941023 1.399734029786743 1.289996133215083 1.1784540929581577 1.0694378469468242 0.9664127473739084 0.8719934377432623 0.7878276940594133 0.7139464827207257 0.6511754481830503 0.6002936581426598 0.5619117845951509
1.0419752995045266 0.9277084370053632 0.8184943009761568 0.7176599156956693 0.6258415571154932 0.5432329248904443 0.4698256234316668 0.4055385949798096 0.35046702466557433 0.3055693893778404 0.27504483761000087 0.2705917875928347 0.29692336896778665 0.3422148881403006 0.3996715265931793 0.4676988253583479 0.5465278547219554 0.6358946398635934 0.7352309390810973 0.8434784999865943 0.958964397981483 1.0793325302583536 1.2015340759334 1.3218866008401704 1.4362093095034763 1.5400340865699838 1.628880528581862 1.6956500786257112 1.7141244246041125 1.6754592396335402 1.591250562410849 1.4880242228694964 1.3730206032385353 1.2522537025422595 1.1310489699480668 1.013810018707542 0.9039364963015611 0.8038691621839539 0.7152290833919541 0.6389601795957848 0.5745547165140947 0.5222052045650206 0.48253306823954206
