_RESULTS/CROSS_VALIDATION_POSTPROCESSED_CLR/Berg/IZ/9comp/2/Berg_IZ_z_710_kriged_reverse_9comp_spherical_2.asc
ncols 100
nrows 90
xllcorner 5.6208707817415728
yllcorner 50.959635321741573
cellsize 0.00013419651685393446
nodata_value 1.7014100000000001E+038
[rows 19 to 37 of 90, columns 0 to 41 of 100]
-3.7081441556233803 -3.6991973829834532 -3.6898872705035948 -3.6807195002855426 -3.672175526686699 -3.6646975818921823 -3.6586716832374964 -3.6544100140968343 -3.6521346187740016 -3.6519646187131514 -3.653908931561857 -3.657865713988183 -3.6636286243513805 -3.670898846856879 -3.6793009830861636 -3.68840060316951 -3.6977214473305207 -3.7067608045250697 -3.715942710505086 -3.729756727648974 -3.748096091981004 -3.770060650646949 -3.7951946300380013 -3.825167870831762 -3.8598756664449203 -3.8949863198587886 -3.920889883107657 -3.9345738114257744 -3.933360901405316 -3.9185620407839767 -3.892127806507023 -3.855952373991716 -3.8116297341126377 -3.759961558224418 -3.7006235922160213 -3.6301992199120594 -3.54158768632642 -3.432150735478846 -3.3121149525564997 -3.195173550297781 -3.0915370400721907 -3.0092019977308198
-3.693017977067312 -3.6811387984373827 -3.6690598115148143 -3.6573413274549607 -3.646525401738323 -3.6371178054910285 -3.6295665168215274 -3.6242384486841868 -3.621397166865299 -3.6211849758128363 -3.623612554477991 -3.628558158556081 -3.635776549447133 -3.644915897106239 -3.6555395974871603 -3.667149594799806 -3.6792083157813265 -3.6911573244324467 -3.7029168055153945 -3.7183735001121256 -3.7374115135692234 -3.7597419600704125 -3.784969582810338 -3.813111024852337 -3.8463430903472653 -3.876810074854055 -3.894897677894615 -3.901446002496606 -3.8952326962098356 -3.8741523086175764 -3.840636021721752 -3.79678594865344 -3.7440952147404922 -3.6834446957244187 -3.6144848556326004 -3.535793175554608 -3.445699829730266 -3.345547584488406 -3.2418136999663405 -3.1435680950944818 -3.0591820594062433 -2.995123002075492
-3.6748238312763437 -3.659876869324909 -3.64486802673248 -3.6304194595365304 -3.617144658486512 -3.605627096528135 -3.5963930133024027 -3.589880335862636 -3.5864076185676548 -3.5861482696625977 -3.589115342706017 -3.5951603573003257 -3.6039864280720066 -3.6151726797611072 -3.6282048371541227 -3.6425066084287607 -3.657159702803682 -3.669383241986369 -3.6791608924010673 -3.691137950789349 -3.7075402393324577 -3.728156652369851 -3.7526191276114247 -3.7803787236071633 -3.8095492754075306 -3.8320077616049213 -3.8431589988098622 -3.843403364701428 -3.8333254465869566 -3.810641657304245 -3.7742806544477157 -3.724906102529655 -3.66373249291611 -3.5940970295259644 -3.516928610107717 -3.4325214137035474 -3.3418323455222883 -3.2478110915065446 -3.1558688840337643 -3.0728636666549374 -3.0054050176466625 -2.958422050721383
-3.6541173220791703 -3.6359609080752504 -3.6178453051714428 -3.6004615565362625 -3.584506845905301 -3.5706599560313275 -3.5595470942456693 -3.5517000323010537 -3.547511903495848 -3.547199007200188 -3.5507776919674696 -3.5580625460934474 -3.568686405243182 -3.5821367193903164 -3.597592530632511 -3.6109929675946693 -3.621479609849807 -3.629671621511814 -3.636137281203532 -3.6440623268883163 -3.6572574196860614 -3.6755898597149788 -3.6987352410035435 -3.7260779863583533 -3.7482869973105206 -3.7623717328103297 -3.7668794649509363 -3.7611088558777768 -3.7455415156205993 -3.7203627744026515 -3.6830304340021103 -3.6328578774487705 -3.5702726973457564 -3.4955588404921074 -3.4108460291285834 -3.3211986117839194 -3.2292736205878674 -3.138773583659181 -3.054871843770746 -2.9834522121687463 -2.930041442036117 -2.8987992806184186
-3.6314978515417073 -3.609989284527546 -3.588576584216896 -3.568025369653521 -3.549129503663628 -3.532684499118635 -3.5194455014528128 -3.510070723969315 -3.505057220824699 -3.504682365106187 -3.508967235651691 -3.517673715623399 -3.530336288729221 -3.544413416618091 -3.5551342374617407 -3.562940017331019 -3.5684984184327084 -3.572466092280839 -3.5754778739163986 -3.5792292172194884 -3.5886147868728893 -3.604072535980491 -3.6253458358407356 -3.649414954736324 -3.6645380394916276 -3.6706892808906404 -3.6690661638702267 -3.657832438211708 -3.637319142832642 -3.6076768213467636 -3.568829010254308 -3.51845699002199 -3.4559155301816253 -3.381785379479961 -3.296896978478037 -3.203015751070769 -3.1081154964042144 -3.0183024905639595 -2.938951670106043 -2.875533921277471 -2.832837620471366 -2.814058630176222
-3.607616425372934 -3.5826211856992365 -3.557713895243739 -3.533736961970257 -3.5115928521476696 -3.4922186628846315 -3.4765368682808537 -3.4653794503271285 -3.4593927880645783 -3.458944585868146 -3.4640629960034848 -3.4744317138100436 -3.485574704098505 -3.493089508683024 -3.497613048680953 -3.499782478659495 -3.5002651460033305 -3.499765623159921 -3.4990071068653013 -3.4988322384138812 -3.5037571061029924 -3.5157121470478616 -3.534541657731322 -3.552333980685419 -3.5605956569185273 -3.5602920018965585 -3.552726593638555 -3.5368536687462706 -3.512271944383874 -3.478954872065654 -3.436760307479353 -3.385518492004901 -3.323715152699453 -3.2506131781825447 -3.1674280572539626 -3.0760868249128652 -2.9795239807193408 -2.8873938437017 -2.8089440753796198 -2.7499781678553386 -2.7149288996530245 -2.705625262676447
-3.5831829573831264 -3.5545897429871083 -3.5259958824551605 -3.498315830523319 -3.47256770484294 -3.449856129380726 -3.431320447286961 -3.418035955346091 -3.4108711897350323 -3.4103336923537455 -3.4164627327524024 -3.4239455350450907 -3.4278840072565835 -3.4288197885052574 -3.4272551212153584 -3.4237515052558614 -3.4189748793283607 -3.413695616832997 -3.408756375831432 -3.4050183779292915 -3.4049173168929636 -3.412680685350132 -3.4277160964678632 -3.4380308743878087 -3.4398052732537554 -3.4338305870075994 -3.4208206270931893 -3.401412920836658 -3.3739494592928487 -3.3381835624716834 -3.2937674922019067 -3.2403725208263383 -3.177838723262935 -3.106002422763268 -3.0243201577242855 -2.9348490823358104 -2.8410093647983063 -2.7475289482685525 -2.6664628337981355 -2.608831967969728 -2.57953396479978 -2.5800530780641653
-3.5589711334225833 -3.5267149070380075 -3.4942708345848894 -3.462608665673643 -3.4328467381437013 -3.4059812424354647 -3.383544167648566 -3.367224257503222 -3.3584018995498335 -3.3578771411335566 -3.3612530745938143 -3.361675713260389 -3.3592396269475913 -3.3539847546201957 -3.3464966972707697 -3.3372779174468086 -3.3270013749050973 -3.3165330113386324 -3.3068780050878916 -3.299106144469415 -3.294412675026521 -3.297203302467392 -3.306491401217216 -3.3096141457736747 -3.305407640588867 -3.2944164004554093 -3.277061061243302 -3.254670823177794 -3.2258348200986555 -3.1891854883740764 -3.1440985929605683 -3.089991426044076 -3.0264894467673553 -2.9536347748028406 -2.8721591266306703 -2.7834279754183973 -2.6900185927150413 -2.59745886048819 -2.513342359174845 -2.453834859127338 -2.429369366954626 -2.442044244207599
-3.535817487606249 -3.499870285755551 -3.4623730168127653 -3.424337715478681 -3.3875405912970664 -3.3539500159592275 -3.325717510207309 -3.305054503041149 -3.2939153889970667 -3.290800804211583 -3.2870318955002844 -3.282164697713591 -3.275839027702713 -3.2674567091137967 -3.2565410761157225 -3.242890829280917 -3.2269312111966473 -3.2107320676808895 -3.1956646498867043 -3.1830712885051824 -3.1743014852602682 -3.171548611037744 -3.173799287667782 -3.17017346087082 -3.160942932785426 -3.1461990511358326 -3.126190173619606 -3.100964217023802 -3.0722679430512705 -3.036316260760738 -2.9921111319113907 -2.9389229176233225 -2.8760907930990367 -2.803098927846018 -2.7203154682280344 -2.6291811196268786 -2.5328188836274133 -2.436921227646028 -2.3503523174370162 -2.286627132577743 -2.2663867884776128 -2.294395298841989
-3.512683464898082 -3.469409477941082 -3.4239780521140997 -3.378032019306949 -3.3334229739205794 -3.292309023182841 -3.2572471248840067 -3.23116325517958 -3.21624232787122 -3.2046520072414184 -3.1945429652403634 -3.185600353491747 -3.176506123768646 -3.1659190032523834 -3.152959785549541 -3.137292680143249 -3.1190471352690103 -3.0987112417820706 -3.077569222257131 -3.059145986204065 -3.0457210236718497 -3.0395180035126406 -3.0356810789716597 -3.0273036492927567 -3.0147899962107347 -2.9980007459593487 -2.9769707558838037 -2.950837235849135 -2.9222300595612447 -2.888812757549734 -2.8469739358394315 -2.795593689661272 -2.733829192637813 -2.6612565374794257 -2.578062732572252 -2.4847836349827883 -2.382997554309327 -2.277814738154548 -2.1800286616716744 -2.1094719182752817 -2.0927853992440806 -2.1422383537999186
-3.4840598270793595 -3.432972482106569 -3.3796335228262495 -3.32564777510164 -3.272840803750312 -3.2234261506002824 -3.180269915899401 -3.1471648901876783 -3.122511637369615 -3.101881402072806 -3.086915460067707 -3.0757640372192694 -3.0653960874232355 -3.0534855839690063 -3.0388041247712234 -3.0209977132813357 -3.0003273676822224 -2.977495516157206 -2.9539970444567074 -2.9321936194684186 -2.91535666913588 -2.906837487570063 -2.8985384325982757 -2.885799964505831 -2.8708447059637674 -2.853422464865656 -2.8330349678298723 -2.8084368728500277 -2.7811293364248 -2.7511499258174457 -2.714344894705348 -2.667466190248569 -2.6092895941450007 -2.5389651869182237 -2.4560995705090525 -2.3608988172378504 -2.2545143458861423 -2.139084314389171 -2.0216035827715912 -1.9282438292839084 -1.9175387600039118 -2.0031111019356165
-3.451035060136664 -3.3924452844847983 -3.3314762594549396 -3.269640639570465 -3.2086171144991122 -3.1504371890372482 -3.0979075578041044 -3.054142698693825 -3.014547467882522 -2.9851231707368244 -2.968004692671494 -2.957472325116432 -2.9475519452859844 -2.935032088269243 -2.9186837232932845 -2.898364388605523 -2.8746467729138017 -2.8501738442328026 -2.826562697323729 -2.804905179760196 -2.7865317879437894 -2.774351661310612 -2.763190077068563 -2.747540742927953 -2.731040080446367 -2.7145802051041663 -2.6969060072806066 -2.6764358960544907 -2.6532658162167477 -2.6278038681234475 -2.5973382190797327 -2.5579901707366557 -2.506599269380067 -2.4420577678848177 -2.3636366879941173 -2.2709609028186217 -2.163996796764661 -2.0431073327454414 -1.9092513315035395 -1.7671524909402412 -1.761864721918943 -1.9136352872321098
-3.4149630286606825 -3.3494193406202153 -3.2814787308667075 -3.212525583711396 -3.143978573338901 -3.0774426128925816 -3.0150943641303147 -2.9547930555863426 -2.895682389988707 -2.857395137324059 -2.8437950612027016 -2.837516404347145 -2.8291640518386365 -2.81600938897828 -2.79751390155306 -2.774369907883772 -2.7496083581405446 -2.7242548001622926 -2.699307917012339 -2.6762214436946814 -2.65687435290633 -2.643373663141089 -2.6291074708800943 -2.612911447566477 -2.5970094606202494 -2.5832835070097806 -2.5709336421609192 -2.557375940073346 -2.541565175571689 -2.5237633614330512 -2.500829276392115 -2.470091450642287 -2.4287553631687198 -2.3738513920912485 -2.30469285623892 -2.2211124325487974 -2.123432749535103 -2.012778832659628 -1.8926603106019808 -1.7810368122776894 -1.7884158749616104 -1.9300221388024568
-3.375565562865388 -3.303799945026357 -3.229865453617789 -3.1551292765122687 -3.0809026802395394 -3.0084206774745974 -2.938502552066453 -2.8608993210396925 -2.774671108985298 -2.725429529149176 -2.7269034019732885 -2.7254939461212375 -2.7172107851294736 -2.7019805458239454 -2.6807907360725673 -2.6569187025627166 -2.6310055361437223 -2.603651465952646 -2.5759531012641688 -2.5496397895161125 -2.527157908994736 -2.5115919360109187 -2.497217551226443 -2.4804540782393647 -2.4683470421037046 -2.461192843534481 -2.4573293973786834 -2.4539704038369607 -2.448975952373914 -2.4420532645264696 -2.4296597447194737 -2.4090212977654164 -2.37817550904683 -2.3358335945439874 -2.2803287378412413 -2.211829056525341 -2.132261079276753 -2.045949939021834 -1.9632608511974143 -1.9099973811668156 -1.9292525546354784 -2.038170368828949
-3.33390205539101 -3.2567038714838885 -3.1777898182881374 -3.09865948139308 -3.0207800772929576 -2.945569876952187 -2.8721348411687577 -2.7887753165450033 -2.6995189978448453 -2.6456249468139355 -2.6381816626521988 -2.630868906264001 -2.617591674549616 -2.5981543723687084 -2.5757162493838806 -2.550581281302496 -2.522689143599788 -2.4923922408950867 -2.460644855776403 -2.429247908059991 -2.401115669272537 -2.380427133641304 -2.365358388141238 -2.3505978026805145 -2.343248872548209 -2.3470700421788653 -2.3578611728960577 -2.36930872174669 -2.378717647615824 -2.385721058352611 -2.3864500385459033 -2.378250759142606 -2.3595605334725143 -2.3297505141838877 -2.2891045987097556 -2.2389523457359686 -2.181628405006956 -2.1231118810205656 -2.0746033630644334 -2.053657588180185 -2.0840876301367346 -2.185262927057666
-3.291115214729009 -3.209247601994477 -3.126318092347016 -3.044102695530476 -2.964477517699461 -2.8895153713052784 -2.8166363244476615 -2.737568468519567 -2.6621134492864025 -2.607661672824128 -2.577210490194905 -2.5553295088093018 -2.5328951928268957 -2.509848915409578 -2.4854888223081115 -2.458567001525521 -2.4283669916570023 -2.3947017886614392 -2.3580795050281704 -2.320025028162963 -2.2835841111481456 -2.2539511206893583 -2.2343272916911907 -2.2215686188715464 -2.222001374615726 -2.2406429983831537 -2.2717758010392495 -2.3050912743555974 -2.334321475414924 -2.3580534064701837 -2.3736580440171164 -2.379251054287211 -2.3739101119706647 -2.357747548734048 -2.3318670573822082 -2.2985332385824297 -2.261585679278404 -2.2270787213475782 -2.2037322705825395 -2.20229094489086 -2.2460224750677082 -2.3469962605056667
-3.2481155970651985 -3.1622055382459617 -3.075984392972984 -2.991573277870941 -2.911345621072142 -2.8380821546737587 -2.76709764841283 -2.6930570909573577 -2.6240079907903118 -2.5679203468594785 -2.5262319278653793 -2.493056358673514 -2.4641631990000668 -2.437967344742072 -2.4118047329373047 -2.3834850174921707 -2.3514994218358836 -2.3149340254430575 -2.2735675505222726 -2.2281894040286176 -2.181280268531543 -2.1383009543393534 -2.1075976868068897 -2.0922737684617663 -2.104453947884411 -2.144648668099525 -2.2029655069126615 -2.2628622286661413 -2.316202238586712 -2.360255557513292 -2.3927765463974877 -2.4129202974807544 -2.420922003742605 -2.4180885858528063 -2.4063622323644553 -2.388522285883666 -2.3685416876077303 -2.3517582350228885 -2.344695350942556 -2.356899431659347 -2.412173938919843 -2.515566300087843
-3.2056547592890596 -3.116132716787204 -3.0270048839042185 -2.9407183945527544 -2.8600822215419957 -2.7883593897366494 -2.7187577664796514 -2.6478999763839317 -2.581734888549801 -2.524809755000564 -2.478040918734405 -2.43948030670242 -2.4088737164262417 -2.3820616084260533 -2.3555995516436816 -2.327361521594104 -2.2951608305153233 -2.2573500121562726 -2.21284644443733 -2.161317386744861 -2.1037461678842426 -2.0439681302783987 -1.9924368596085555 -1.964176229724551 -1.989676837271714 -2.0658232731953334 -2.160274327822448 -2.2502328226813404 -2.328253887463528 -2.392233002146387 -2.441014590863862 -2.4753830299386346 -2.4966131837103878 -2.506555107936351 -2.5076822233309173 -2.5031206311526963 -2.4966944065266157 -2.492860306192161 -2.49706069292156 -2.5192064497575464 -2.581769946107449 -2.6861714682339133
-3.1644285308080073 -3.0715364727968324 -2.9795650827131173 -2.891210280645323 -2.809601872525524 -2.738205093583039 -2.6691323096283353 -2.5999621991737136 -2.5355344621832785 -2.479066794308851 -2.431193302767796 -2.3935424898110944 -2.364886359586314 -2.34083934817437 -2.317378333271895 -2.2916610333002767 -2.2618074208655075 -2.2256398770831827 -2.181372727961728 -2.1275967347346136 -2.0634118562500157 -1.989056649460324 -1.9087825281027628 -1.842791231682837 -1.8844786900787676 -2.022881302025528 -2.159646238528961 -2.2776016412044475 -2.376457556491791 -2.456552555497212 -2.5186208073330763 -2.5642373165862664 -2.595844035659357 -2.615967858706017 -2.627352251245002 -2.6330986783191177 -2.636636930052603 -2.6415938591934705 -2.653593905667229 -2.6826061293173264 -2.747862915650887 -2.8459288595623873
