_RESULTS/CROSS_VALIDATION_POSTPROCESSED_CLR/Berg/IZ/9comp/2/Berg_IZ_z_355_kriged_reverse_9comp_spherical_2.asc
ncols 100
nrows 90
xllcorner 5.6208707817415728
yllcorner 50.959635321741573
cellsize 0.00013419651685393446
nodata_value 1.7014100000000001E+038
[rows 19 to 37 of 90, columns 0 to 42 of 100]
0.8235497928227611 0.8095569789093857 0.7949958989885813 0.780657443343775 0.7672946098996893 0.7555990528339835 0.7461745059130559 0.73950922608024 0.7359504921531381 0.7356846108893051 0.738725529550845 0.7449139644664954 0.7539271958916223 0.765297873869323 0.7784388726923561 0.7926707410579872 0.8072486054018918 0.8213862221951692 0.8341588788111644 0.8441294797816551 0.8504381643424798 0.8523371659495809 0.84977946398752 0.8460503824396111 0.8417594489691355 0.8361471610595714 0.8237089892551324 0.8038364224647411 0.7725619988899759 0.7303361284971609 0.6783617729572997 0.6179212730132677 0.550550983439521 0.4783065124439527 0.4030048480161841 0.32695270991918657 0.2531128355585426 0.18415201222234934 0.12148924173770337 0.06659818225822134 0.022006989223634754 -0.008905751183956756 -0.02264178861821131
0.7998923455762597 0.7813132285357116 0.7624216099519006 0.7440938203236432 0.7271776381488122 0.7124640929455852 0.7006538255551988 0.6923206903606276 0.6878769060635139 0.68754503779875 0.6913417875194331 0.6990767462960834 0.7103663592724744 0.7246603618397017 0.7412759022680258 0.7594340178778527 0.7782939403905493 0.7969822720642852 0.8145554000607089 0.8290412008253736 0.8388715815494745 0.8440160230903425 0.8443355404969994 0.8404190804397792 0.8363280463756827 0.8287511470499972 0.8146782546523308 0.7941290570388192 0.7647369018012586 0.7231597404802153 0.6712159762787664 0.6105177840906264 0.5423678716755154 0.46827227155084605 0.39026962194928805 0.31019371692722664 0.22991227751566268 0.15103522351338516 0.07475631429667096 0.002472343698692425 -0.06300964980272528 -0.11559832906845902 -0.14412693334022353
0.7714365764836462 0.7480594252388116 0.7245854922460631 0.7019878338250055 0.6812259537252441 0.6632124076449444 0.6487702380002518 0.6385843657130952 0.6331530119905782 0.6327473885201749 0.6373879111572052 0.6468423555391172 0.6606463909007965 0.6781417654423645 0.6985241491945222 0.7208922177854872 0.7439330095126351 0.764161150872102 0.7811760634240734 0.794716977902645 0.8047010012155781 0.8111979704381578 0.8141178204379578 0.81318684663174 0.8095827124653551 0.8010702529533705 0.7869235296284102 0.7673999370931244 0.7421665976724277 0.7077083848752971 0.661897695345553 0.6046570624744783 0.5368267500014662 0.46217843185856056 0.38227882380332 0.2987579756583978 0.21296586910161874 0.12578531401343607 0.0377953984662216 -0.050367904747217196 -0.13691910742689584 -0.21573158026652184 -0.26731298992909425
0.7390514537525044 0.7106546974342207 0.6823217699570738 0.6551334675871812 0.6301801904798028 0.6085235595265531 0.5911429672984923 0.5788701084725356 0.5723198462299252 0.5718304742725132 0.5774275618501875 0.5888211237828973 0.6054369125267288 0.626473296316946 0.6507290790976253 0.6732087855355438 0.6926347779696554 0.709450233753811 0.7240469815086709 0.7364142497744585 0.746354694950222 0.7540137353923893 0.759372100886409 0.7622107145154842 0.7619912922324354 0.7536880431621833 0.7401828830679795 0.722515297069874 0.7002756959822222 0.6727074481059253 0.6360356990920231 0.5885826165136809 0.5299849863904929 0.45981160280232014 0.37977583458153885 0.2946482707493093 0.20542333256678702 0.11285864010235569 0.017106161367586026 -0.08200993493347908 -0.18462369745709672 -0.2896400842283282 -0.3826546804737867
0.7036744463345057 0.670034899663853 0.6365452891765295 0.604403048320216 0.5748497840125153 0.5491296838530755 0.5284238004923226 0.5137615840612854 0.5059204306778052 0.5053341537571132 0.5120357207465978 0.5256527152749882 0.5454570666612741 0.5682360000848798 0.588139371245641 0.6053636885020041 0.6203673509305498 0.6336059255717297 0.645525818871661 0.6563988023521243 0.666009392937125 0.6745523517547918 0.6821082073805278 0.6885558643420111 0.6934172522605081 0.6882111036628615 0.6761314885187846 0.6612353628999577 0.6429925378628111 0.6206292316551436 0.5930770895249868 0.5567278859554177 0.509738339570762 0.4514454060992499 0.38110006504702976 0.2983420843097395 0.20894110617093575 0.115143208223908 0.017195780271193284 -0.08472673560565891 -0.1904943766097642 -0.2990798473804488 -0.39416154772827894
0.6663237316338314 0.6272310049545597 0.5882758314571507 0.5507757429881577 0.5161422029960905 0.48584083780096154 0.4613144032362554 0.4438641248550318 0.4345009439211368 0.43379995260474713 0.44180518124289814 0.45802192717204226 0.4769976489497061 0.49328486680106254 0.5072591914469747 0.5192865039391633 0.5297792350448101 0.5392160794219428 0.5481246363010828 0.5570205035562115 0.5658983514359878 0.5749344506935627 0.5843473888607604 0.594165666336165 0.6040386931782249 0.6054840077535959 0.5963433087357356 0.5852130040696971 0.5720944976895843 0.5560514944904202 0.5359370791245665 0.510445969053545 0.47657189178290404 0.4318179261835332 0.3752833456776854 0.30601236015606104 0.22308106629093327 0.13222787637979883 0.0380709505303376 -0.0581208906870343 -0.15365863848814554 -0.24136808280759525 -0.28939500895348447
0.6281096197300656 0.5833896358508188 0.5386686414105442 0.4953768499028045 0.45510660433337347 0.4195855441798899 0.3905956099618103 0.36981857324214396 0.3586128305723083 0.3577721809729568 0.36735804229049895 0.3810119942398844 0.39270500145354403 0.4026461814185328 0.4109650532774132 0.4178690206238471 0.4237194331443431 0.4290402491529043 0.4344804060387548 0.4407468697799011 0.4483179321108762 0.45731299894825705 0.4681253552340606 0.48096534609676644 0.4956065580225968 0.5048707013848318 0.5022927778262908 0.49599814793744934 0.48921349599673225 0.48081447881110295 0.46946281689332703 0.4536769835618403 0.4318930688564615 0.40210850151691635 0.3612306599892442 0.30809563904444737 0.24184938418657898 0.16189258321939204 0.0755403254186866 -0.009910305057760027 -0.08993619371551098 -0.15583805631986203 -0.1787515516484992
0.590242160611744 0.5397932008010481 0.4890504484478049 0.4395305986092426 0.392993662231766 0.35130719186495085 0.31674578521326446 0.29167064645823804 0.27806484191169534 0.27711312245173425 0.2837490199207756 0.28983586512617776 0.29518246263765413 0.29940728472804445 0.3024296160705573 0.3042806129859015 0.3052811383134948 0.30604129516673584 0.3073893633593979 0.3102742328431902 0.3156331137707128 0.3238720083254185 0.33547789720614396 0.3508649265411321 0.36989976713687533 0.387412710813671 0.39461639766431666 0.39505306933758166 0.3958906490300873 0.3965238188997591 0.3953914362534169 0.390818038815008 0.3810932053604631 0.364536771938505 0.3395561749696353 0.3042512192713095 0.2566661957529277 0.19643805195168973 0.12414972336839525 0.050838586799576646 -0.014492544213356329 -0.06429482330318992 -0.0736522148340506
0.5540296993854057 0.4978520580007584 0.44036121914743864 0.383117355609241 0.3283076750659546 0.27849909614454127 0.23663808524841756 0.20587045744447885 0.18905577129721585 0.1848581341229243 0.18324446648793913 0.1834083003329231 0.1844296486595265 0.1850920883707985 0.18443030892405343 0.18195591512926623 0.17784588465394002 0.17341553596450776 0.16982719708106575 0.16835641408238722 0.17032474917580964 0.1768235465333956 0.18842229041157899 0.20599536451448486 0.22982600080679316 0.2563938404424341 0.27527103194657276 0.28614511704539947 0.29570962573069715 0.3060564020833755 0.3157721383389821 0.3233895158371277 0.3271528264339827 0.3248303298413612 0.3148193321625662 0.2957633605707093 0.26663083823360356 0.2268206352263863 0.17598106422424054 0.11665839659841071 0.06354028462156358 0.024987257281236186 0.023248154316553693
0.5198608660206131 0.45621011422626123 0.39050221686521513 0.32458732055766115 0.26070786326396367 0.2016689223300172 0.1510000549557754 0.11292462851032226 0.09092532695796496 0.07659631647234266 0.06788428956870463 0.06387276624539728 0.06217472631305432 0.06044771793051862 0.057132112107119104 0.051556716651700585 0.04379679483136378 0.03449281272499105 0.024966035590578084 0.01786870347355385 0.015786513559243875 0.021709192186091908 0.0360579946113464 0.05871050025932678 0.08919716701251745 0.12563496179595124 0.1576137568784436 0.1815605344365493 0.20271621357138125 0.2232588843274006 0.24339495053691507 0.26143879427631156 0.275963727847619 0.2858652981816896 0.29040056403494696 0.28794267376461546 0.27615694756354314 0.2545479357127579 0.2231656982459037 0.18266160008182242 0.13936940459270308 0.10843714807139204 0.11051261291943404
0.48582731775496724 0.41477172913423976 0.3410931378144887 0.26650857372321146 0.19314572112820583 0.12382594929515511 0.06250012213767697 0.014697986012710995 -0.019891107017933285 -0.04506584711783379 -0.05874861739884407 -0.0642237612580554 -0.066510522099265 -0.0694365262113057 -0.07505216086448252 -0.0840101136696052 -0.09600024142000607 -0.11004512885357842 -0.12367280088719945 -0.13269662490585832 -0.13489986903624462 -0.12815668114068424 -0.1113919707931883 -0.08436624643473545 -0.04754216559162683 -0.002109914816017744 0.04393698984235028 0.08282828970505307 0.11828976254887658 0.15199657213023954 0.1838424535650114 0.21338248470536403 0.23905068172953214 0.259711683880291 0.27467504110604757 0.28370006470642506 0.2870031796113426 0.28313891356525034 0.26980966141807905 0.24725983977976018 0.21612949674745818 0.18984841670463504 0.19082684864854127
0.4534137677974197 0.37565818993717304 0.29467551536223424 0.21195304166721407 0.12930074050504703 0.04916987506933712 -0.024658349815701586 -0.08724757628008595 -0.14142484997564408 -0.17727135108213665 -0.19194659194932417 -0.19474048744482086 -0.19520833632568269 -0.1984833513901787 -0.206534913621361 -0.21961112643559155 -0.23681558851141293 -0.2530568548819876 -0.26581824995251946 -0.2740323447137607 -0.2763232698638347 -0.27040117174600153 -0.25286594875738144 -0.22254415450806198 -0.17972515943953815 -0.12581906278213673 -0.06542701054660394 -0.009854497618024594 0.04168829969273036 0.09171135385277218 0.13794830955317583 0.17988721762645488 0.21727057477601208 0.2489476956690312 0.27429171752668824 0.2931620674308455 0.305870138597677 0.31314771754121506 0.3155900313921496 0.3095562229167854 0.2931097301402472 0.27061553654599513 0.26462056115265165
0.42412057229580113 0.34073455487784166 0.2536609749287808 0.16411995947924096 0.0734634303926226 -0.0166051771323108 -0.10344420592123571 -0.18858540913891653 -0.2696673803580487 -0.31655625597540227 -0.32367712402323123 -0.318470086942664 -0.3157490278822055 -0.3197821621638812 -0.3313428982463811 -0.34901206437375687 -0.36658273146838494 -0.38260142816333476 -0.3960872759584906 -0.4055196128953662 -0.4088768828325273 -0.40381998872644265 -0.38723690145363654 -0.3550953524114977 -0.30677492751147994 -0.24392616949667012 -0.17004841827402162 -0.09606894018787737 -0.026379256566936515 0.04156288263043706 0.1049877017356925 0.1617910658943429 0.21121564968626938 0.2537960802152087 0.2890778091509446 0.31704052328580457 0.33808749352995926 0.3529726022225489 0.3627130862342377 0.3683099381526713 0.3650761085097348 0.3476081108944119 0.3434287952529973
0.3983305746471978 0.3106873602844862 0.2192269326430104 0.12503118270525682 0.029164315118954454 -0.06732055979016915 -0.1637277977494096 -0.27199084933140694 -0.39210714851275474 -0.45363098753920883 -0.435531315800211 -0.4218316539942202 -0.418770111878217 -0.42631454135038993 -0.44230799458756476 -0.4596997635455937 -0.4774517663952269 -0.4949861960116988 -0.5111616410272926 -0.5241205730496648 -0.5311896642988589 -0.528963026153868 -0.513687261662418 -0.48122929625116595 -0.4279949808989072 -0.35551042746407613 -0.26837635136309035 -0.17472454608257393 -0.08464138730918913 0.002824625438195838 0.08435875707102514 0.15760564425574541 0.2212048931774252 0.274654935015749 0.31902589559983163 0.35496643260154725 0.3829980827386682 0.4039065467502537 0.41861990375273206 0.42803028232443663 0.43248649344930834 0.42998216530528865 0.43359337701789846
0.3769009428907102 0.28652067609628584 0.19258488083380465 0.09625456192185389 -0.0013057915329297565 -0.09890744300627197 -0.19789981070627416 -0.31185588723718016 -0.43437761861118696 -0.5014779843122144 -0.4962067433348807 -0.49146079984357294 -0.4966302756664702 -0.5113589262217508 -0.5282781202684246 -0.5464541231659747 -0.56602512281582 -0.5866652430195454 -0.6073837061277523 -0.6262473679678688 -0.6400681415477332 -0.6442161515152991 -0.6328913923853956 -0.600561131653673 -0.5426362421398494 -0.45904054480732626 -0.3564254394549511 -0.24384639478604342 -0.1309724168584243 -0.022519636184482383 0.0776609215579177 0.1671590698283375 0.24479360673556994 0.31028032462185895 0.36396781769500897 0.4066861898088846 0.440108231642827 0.465367691623248 0.4834002579141269 0.49510717174713703 0.5061415800238237 0.520185496168931 0.5342098420842164
0.3604061876751222 0.2687860465724399 0.17424486478291945 0.07823111787463577 -0.01762278346215096 -0.11129404044157032 -0.20580660253531025 -0.3099022694625315 -0.40893914263478903 -0.4762784296769422 -0.5073799374879986 -0.5261521782746206 -0.5467757642947457 -0.5668810734681824 -0.5863630607103842 -0.6068726930150656 -0.6293415771672513 -0.654081825832246 -0.6806375380767675 -0.7074284887650226 -0.73116553867304 -0.7461101321945871 -0.7436700681309012 -0.7138811786692589 -0.6502694618763576 -0.5524098622226548 -0.4301805788234163 -0.2973282527966492 -0.1619767993372545 -0.03160829912519447 0.08704459483436766 0.19185562603474082 0.2821108196785185 0.3579880642729084 0.42022776357563196 0.4699074772096996 0.5082837900830841 0.5366748711976815 0.5564085118066426 0.5720676484917182 0.5945217785585721 0.6188191539919513 0.6443879457312311
0.34896336944220696 0.2573956790193689 0.16377672294425427 0.0699352378393745 -0.021921087964516195 -0.10890093915216026 -0.1963589816653324 -0.2895693654983684 -0.37702293878725635 -0.4468550158526954 -0.49687642657879927 -0.5358500580484014 -0.5679697547459386 -0.5934522675763345 -0.616392055479773 -0.6396148430286204 -0.6650094520349079 -0.6937582781812226 -0.7262858667233587 -0.7619164965047482 -0.798089323594332 -0.8288508878479492 -0.8426091670673168 -0.8215536863614463 -0.7505384521705902 -0.6320204081845997 -0.48351199407353995 -0.32645157537708 -0.17074841577365119 -0.020343430428431564 0.11520874423033023 0.2332505048171033 0.33383113187443036 0.4177339845474589 0.48618210132585205 0.540610347998395 0.5825075610898032 0.6133236369441488 0.6345732448734618 0.6615965268722986 0.6941110388914024 0.7277006312257781 0.7615830490371474
0.3423276101501812 0.2517866522350585 0.16010929338482793 0.06946730304271376 -0.017483311716930627 -0.09738478776656279 -0.17823181919089537 -0.2634923545104195 -0.34520016983157453 -0.4169241833023085 -0.4771795140205226 -0.5276980991525819 -0.564988419958554 -0.5940342057504968 -0.619439381583375 -0.6443198457329924 -0.67134077658047 -0.7025438200313598 -0.7393862611335771 -0.7825536702289724 -0.8313105717401728 -0.8817085583334718 -0.921820287085432 -0.9222353104485248 -0.84289476733526 -0.6894407035407046 -0.5053224690565483 -0.3212205184018819 -0.14601089414176194 0.01729085198914393 0.1654345825772695 0.2932308889424511 0.4006981906486986 0.48941891355143086 0.5611626786716633 0.6177168629797893 0.6607877655111961 0.6919434979431532 0.7176921202093247 0.7559920111796912 0.7975647329082586 0.8397441561731263 0.8813937978654488
0.3400349489440476 0.2511571632695606 0.16193303775288082 0.07476527202314232 -0.007442181991357266 -0.08132885530983458 -0.1565620020285714 -0.2361241437053616 -0.31416874219740976 -0.38649458489588495 -0.45189393731223393 -0.5044224426804784 -0.5428087428802231 -0.5722200570888327 -0.5972697015970403 -0.6214954359449589 -0.6475741223854501 -0.6781445434152025 -0.7155019410839782 -0.7616383302044796 -0.818096597791661 -0.8852383079475661 -0.9588862331781316 -1.0098086333364904 -0.9192223043030907 -0.7019065094503434 -0.4760937998202166 -0.2682594175066646 -0.07908774660830264 0.09086340960251915 0.24129385595757957 0.3726934576907013 0.48282573508815085 0.5726396109407836 0.6444132645190876 0.700251081337484 0.7420337598618953 0.7714518232393393 0.8051157492383503 0.8519942364251709 0.9015032703467335 0.9526677452300416 1.00382741411257
