_RESULTS/CROSS_VALIDATION_POSTPROCESSED/Berg/IZ/5comp/1/Berg_IZ_z_180_kriged_reverse_5comp_spherical_1.asc
ncols 100
nrows 90
xllcorner  5.6208707817415728
yllcorner 50.959635321741573
cellsize 0.00013419651685393446
nodata_value 1.7014100000000001E+038
[rows 60 to 79 of 90, columns 44 to 87 of 100]
63.337715634555856 63.464935029154226 63.57047554143291 63.65217103761579 63.70794675928361 63.736214367685015 63.771691816298706 63.8489408990847 63.96097978901616 64.0978829293065 64.24980113014179 64.40717623888173 64.56614719185393 64.72110647461491 64.86230317975445 64.98092312839758 65.06969329878004 65.12332681978975 65.13877641889874 65.11530972740816 65.054445154243 64.95979696355204 64.83711110320684 64.6994991979578 64.55590385543 64.41313785264975 64.27877443682686 64.16064630902805 64.0665082855973 64.00396877536176 63.980377562375715 63.96880605420964 63.94790255059196 63.9187294316337 63.88347965176956 63.8454511896278 63.80898209556728 63.779329801405524 63.75945937437045 63.74533705267484 63.7388092932651 63.73858345562616 63.73858345562616 63.73858345562616
63.41064426683937 63.52187823154593 63.61257618239701 63.680405885808625 63.72313584224181 63.7385651545492 63.73858345562616 63.75711773547186 63.8123071627993 63.895037485457365 63.99619265403575 64.10694541123726 64.21917104698213 64.33066305418193 64.43571966166792 64.52661605327036 64.59683690635649 64.64150446351024 64.65765063667696 64.64433071153366 64.60260531232068 64.53542820895807 64.44747388985041 64.34492464274808 64.2352175328051 64.12724519904349 64.03219806050203 63.95775871734594 63.91127636143865 63.89822085868163 63.89097101975323 63.878394473952625 63.86089506910233 63.83981963107965 63.81748915493778 63.7967200912106 63.77696131059598 63.75940318653161 63.74612165349792 63.73917989946064 63.73858345562616 63.73858345562616 63.73858345562616 63.73858345562616
63.48210875693632 63.57660928266598 63.651935092690806 63.70535920705027 63.734084058718935 63.73858345562616 63.73858345562616 63.73858345562616 63.74264956454102 63.77245435250995 63.82418142257704 63.88972738325648 63.961463330060354 64.03265334550414 64.10189562727223 64.16473145477855 64.21543300269094 64.24957893318819 64.26433720431845 64.25861499808936 64.23308624855119 64.1901224870241 64.13365423003914 64.0689828818468 64.00255371884901 63.94169612883546 63.894343190961486 63.86875716991349 63.86330841845579 63.85658985207018 63.84730294498503 63.83544915607868 63.821256998968956 63.80525183764533 63.78829660218938 63.7715995217463 63.756679737563516 63.745274523724724 63.739170992341286 63.73858345562616 63.73858345562616 63.73858345562616 63.73858345562616 63.73858345562616
63.53062927140145 63.6081254587202 63.66873597436461 63.70959420343737 63.72768713860586 63.732473572772555 63.736469213763414 63.73852027778988 63.73858345562616 63.73858345562616 63.743592267463235 63.76544017215956 63.798351023089225 63.83598938692905 63.87284223970584 63.90772079634333 63.93829967790487 63.96068866204647 63.97228334119399 63.971939842923575 63.960043136491265 63.938481888770816 63.910550108245936 63.88079509969925 63.85482742441878 63.83910628134745 63.83704641114743 63.83481647826086 63.8301821739927 63.82318691995792 63.813959405262096 63.80277392089301 63.79010851942155 63.7766897324706 63.76351357348765 63.75183141606758 63.74308718547721 63.73879313697576 63.73858345562616 63.73858345562616 63.73858345562616 63.73858345562616 63.73858345562616 63.73858345562616
63.547785285484125 63.60807990212709 63.65366144630515 63.681551383489165 63.69290375570266 63.703805850301535 63.7151658516972 63.725684638133096 63.73391057336376 63.73827287386725 63.73858345562616 63.73858345562616 63.738702298506375 63.74439799263101 63.7551389481311 63.766755700527014 63.77733568785794 63.78723540975153 63.794332174078235 63.79754710916761 63.79709398064881 63.7944938675348 63.79251859303504 63.79504094656242 63.79950619015329 63.80186502091125 63.802031875895736 63.80000099719679 63.795845113366845 63.789730996318475 63.781948058826806 63.772942896642704 63.76335063583034 63.75401266325527 63.7459692303769 63.740414847949346 63.73858345562616 63.73858345562616 63.73858345562616 63.73858345562616 63.73858345562616 63.73858345562616 63.73858345562616 63.73858345562616
63.53185140401534 63.57482632296881 63.605175369231205 63.62087858389416 63.63537934541813 63.6528804114124 63.67211438900766 63.691615269769756 63.7097673471386 63.72484831666756 63.73506361743736 63.73858345562616 63.73858345562616 63.73858345562616 63.73858345562616 63.73858345562616 63.73858345562616 63.73859187111328 63.740317219830935 63.74433403573478 63.7496550835162 63.755402792214696 63.760850187236926 63.765433891835386 63.768748979939396 63.7705351734835 63.77066241513596 63.76912169900313 63.76602438174641 63.7616102055792 63.75626124785947 63.75051628713203 63.745077841546774 63.740802549999806 63.73866504813541 63.73858345562616 63.73858345562616 63.73858345562616 63.73858345562616 63.73858345562616 63.73858345562616 63.73858345562616 63.73858345562616 63.73858345562616
63.48087845884625 63.50644440862726 63.5216007544655 63.5360536551145 63.55622791407605 63.58092781690734 63.608682954584026 63.63781634671337 63.66650882004635 63.69285385412764 63.71489964803937 63.73067736106302 63.73821598184707 63.73858345562616 63.73858345562616 63.73858345562616 63.73858345562616 63.73858345562616 63.73858345562616 63.73858345562616 63.73912868312894 63.74086696641624 63.74313740268772 63.74536758130858 63.74712290832891 63.74811144795808 63.74818293193661 63.74732683481199 63.745672201669 63.74348942076252 63.74119162023023 63.73933109537473 63.73858345562616 63.73858345562616 63.73858345562616 63.73858345562616 63.73858345562616 63.73858345562616 63.73858345562616 63.73858345562616 63.73858345562616 63.73858345562616 63.73858345562616 63.73858345562616
63.39264556420121 63.40075650782667 63.41103400510602 63.429939517526776 63.45643685837388 63.48909626907766 63.526184345111695 63.56575702330864 63.605744133914285 63.644018149955826 63.67844399540452 63.70691003121905 63.72734225405953 63.737704445663255 63.73858345562616 63.73858345562616 63.73858345562616 63.73858345562616 63.73858345562616 63.73858345562616 63.73858345562616 63.73858345562616 63.73858345562616 63.73858345562616 63.7386181584186 63.73870508653264 63.738713188367115 63.73863208122861 63.73858345562616 63.73858345562616 63.73858345562616 63.73858345562616 63.73858345562616 63.73858345562616 63.73858345562616 63.73858345562616 63.73858345562616 63.73858345562616 63.73858345562616 63.73858345562616 63.73858345562616 63.73858345562616 63.73858345562616 63.73858345562616
63.264858923818245 63.2662279450234 63.27925974150686 63.303243975372204 63.33689983343355 63.37848373845421 63.42591825687709 63.47692017221449 63.52911116544109 63.58010225186616 63.6275500442955 63.669187493209 63.70283385484247 63.726388886252316 63.73781544644207 63.73858345562616 63.73858345562616 63.73858345562616 63.73858345562616 63.73858345562616 63.73858345562616 63.73858345562616 63.73858345562616 63.73858345562616 63.73858345562616 63.73858345562616 63.73858345562616 63.73858345562616 63.73858345562616 63.73858345562616 63.73858345562616 63.73858345562616 63.73858345562616 63.73858345562616 63.73858345562616 63.73858345562616 63.73858345562616 63.73858345562616 63.73858345562616 63.73858345562616 63.73858345562616 63.73858345562616 63.73858345562616 63.73858345562616
63.108685317941784 63.11039336892919 63.12664644764704 63.15653433045569 63.198433968957545 63.25017319514532 63.30921937258594 63.37285732155601 63.4383330121031 63.50295384992577 63.56414738568101 63.61948612619752 63.666687638574004 63.703598073228264 63.728165125966285 63.738404235092524 63.73858345562616 63.73858345562616 63.73858345562616 63.73858345562616 63.73858345562616 63.73858345562616 63.73858345562616 63.73858345562616 63.73858345562616 63.73858345562616 63.73858345562616 63.73858345562616 63.73858345562616 63.73858345562616 63.73858345562616 63.73858345562616 63.73858345562616 63.73858345562616 63.73858345562616 63.73858345562616 63.73858345562616 63.73858345562616 63.73858345562616 63.73858345562616 63.73858345562616 63.73858345562616 63.73858345562616 63.73858345562616
62.93099453841611 62.933218549410164 62.953327310046184 62.99022612907606 63.041799579557726 63.105277725558786 63.17751842514524 63.2552558948276 63.33528369124487 63.41456664132683 63.49029276875038 63.559882179687136 63.6209688485078 63.67136729377364 63.70903184385641 63.73201267252443 63.73858345562616 63.73858345562616 63.73858345562616 63.73858345562616 63.73858345562616 63.73858345562616 63.73858345562616 63.73858345562616 63.73858345562616 63.73858345562616 63.73858345562616 63.73858345562616 63.73858345562616 63.73858345562616 63.73858345562616 63.73858345562616 63.73858345562616 63.73858345562616 63.73858345562616 63.73858345562616 63.73858345562616 63.73858345562616 63.73858345562616 63.73858345562616 63.73858345562616 63.73858345562616 63.73858345562616 63.73858345562616
62.728978264400595 62.73428621617655 62.759135935546915 62.804566668959396 62.86773136498692 62.94500709925198 63.03242700167967 63.1260267610357 63.22206786245578 63.317146955821016 63.40822247201574 63.49259125759341 63.567840277376796 63.631789119058126 63.68243158967925 63.71787977488801 63.73631101155779 63.73858345562616 63.73858345562616 63.73858345562616 63.73858345562616 63.73858345562616 63.73858345562616 63.73858345562616 63.73858345562616 63.73858345562616 63.73858345562616 63.73858345562616 63.73858345562616 63.73858345562616 63.73858345562616 63.73858345562616 63.73858345562616 63.73858345562616 63.73858345562616 63.73858345562616 63.73858345562616 63.73858345562616 63.73858345562616 63.73858345562616 63.73858345562616 63.73858345562616 63.73858345562616 63.73858345562616
62.501237545781876 62.51264720548828 62.543513720375024 62.59962272869707 62.6769998562269 62.770776356595945 62.875862719734734 62.987422492096016 63.10111919836838 63.213188229579586 63.3204044930819 63.420002445571896 63.50958317265473 63.58702551813783 63.650407346545414 63.69793736348721 63.72789541001475 63.73857817598737 63.73858345562616 63.73858345562616 63.73858345562616 63.73858345562616 63.73858345562616 63.73858345562616 63.73858345562616 63.73858345562616 63.73858345562616 63.73858345562616 63.73858345562616 63.73858345562616 63.73858345562616 63.73858345562616 63.73858345562616 63.73858345562616 63.73858345562616 63.73858345562616 63.73858345562616 63.73858345562616 63.73858345562616 63.73858345562616 63.73858345562616 63.73858345562616 63.73858345562616 63.73858345562616
62.24665455520192 62.26554705501181 62.305389759407184 62.37529888754755 62.47054223518954 62.58439282073061 62.71023956884506 62.842198377611666 62.975319950132494 63.10555052937422 63.22958569137101 63.34470213423904 63.448605804984005 63.53930745043748 63.61502423178528 63.674101817966054 63.71495080087117 63.735991900435195 63.73858345562616 63.73858345562616 63.73858345562616 63.73858345562616 63.73858345562616 63.73858345562616 63.73858345562616 63.73858345562616 63.73858345562616 63.73858345562616 63.73858345562616 63.73858345562616 63.73858345562616 63.73858345562616 63.73858345562616 63.73858345562616 63.73858345562616 63.73858345562616 63.73858345562616 63.73858345562616 63.73858345562616 63.73858345562616 63.73858345562616 63.73858345562616 63.73858345562616 63.73858345562616
61.96285246902974 61.9895971346539 62.04305434739289 62.1314541956284 62.249742675679265 62.38838334200364 62.538756558516916 62.69382577118511 62.8481376381754 62.997535685105845 63.13882397349961 63.269479328334185 63.387433747626176 63.49091805994339 63.578350590408576 63.64825603756007 63.699203272566564 63.72975390837412 63.73858345562616 63.73858345562616 63.73858345562616 63.73858345562616 63.73858345562616 63.73858345562616 63.73858345562616 63.73858345562616 63.73858345562616 63.73858345562616 63.73858345562616 63.73858345562616 63.73858345562616 63.73858345562616 63.73858345562616 63.73858345562616 63.73858345562616 63.73858345562616 63.73858345562616 63.73858345562616 63.73858345562616 63.73858345562616 63.73858345562616 63.73858345562616 63.73858345562616 63.73858345562616
61.64566047798269 61.68101399819238 61.754110821793475 61.868284589527946 62.0170205031901 62.186556943538044 62.365817568695704 62.546753052546855 62.723759455157804 62.89293725006103 63.05148876989269 63.197300748146155 63.328674491097736 63.444155257721356 63.542422962632806 63.62221885752908 63.68229227032782 63.72135750129526 63.738054415394316 63.73858345562616 63.73858345562616 63.73858345562616 63.73858345562616 63.73858345562616 63.73858345562616 63.73858345562616 63.73858345562616 63.73858345562616 63.73858345562616 63.73858345562616 63.73858345562616 63.73858345562616 63.73858345562616 63.73858345562616 63.73858345562616 63.73858345562616 63.73858345562616 63.73858345562616 63.73858345562616 63.73858345562616 63.73858345562616 63.73858345562616 63.73858345562616 63.73858345562616
61.2883927217326 61.33380101010266 61.43578663371585 61.58737462705616 61.77701536797079 61.984917030294376 62.19758181166215 62.40666964989978 62.60717644173246 62.79602856945966 62.971205854285905 63.131241714187944 63.2749490011148 63.40127032900587 63.509193865088186 63.597702112166424 63.66573621205188 63.71216627344095 63.73576219460296 63.73858345562616 63.73858345562616 63.73858345562616 63.73858345562616 63.73858345562616 63.73858345562616 63.73858345562616 63.73858345562616 63.73858345562616 63.73858345562616 63.73858345562616 63.73858345562616 63.73858345562616 63.73858345562616 63.73858345562616 63.73858345562616 63.73858345562616 63.73858345562616 63.73858345562616 63.73858345562616 63.73858345562616 63.73858345562616 63.73858345562616 63.73858345562616 63.73858345562616
60.88097619854391 60.939214133064176 61.08635676824474 61.29435311954163 61.538799935517616 61.79295445372013 62.04252647324006 62.280647834706016 62.50412879260322 62.71143659563485 62.90171915550143 63.07436023082891 63.22878556354276 63.3643818405614 63.48046343563364 63.5762570744054 63.65089096393201 63.70338231373627 63.73262025083811 63.73858345562616 63.73858345562616 63.73858345562616 63.73858345562616 63.73858345562616 63.73858345562616 63.73858345562616 63.73858345562616 63.73858345562616 63.73858345562616 63.73858345562616 63.73858345562616 63.73858345562616 63.73858345562616 63.73858345562616 63.73858345562616 63.73858345562616 63.73858345562616 63.73858345562616 63.73858345562616 63.73858345562616 63.73858345562616 63.73858345562616 63.73858345562616 63.73858345562616
60.40931175018246 60.48622973303315 60.711417211298354 61.00503606065407 61.319357786863904 61.624943715236846 61.911640922061814 62.17692333123338 62.42078989092119 62.643847382930474 62.84664984454286 63.02951006490066 63.19247792881932 63.3353688425657 63.45779914459024 63.55921403810433 63.63890434807424 63.69601202697671 63.729525084013126 63.73858345562616 63.73858345562616 63.73858345562616 63.73858345562616 63.73858345562616 63.73858345562616 63.73858345562616 63.73858345562616 63.73858345562616 63.73858345562616 63.73858345562616 63.73858345562616 63.73858345562616 63.73858345562616 63.73858345562616 63.73858345562616 63.73858345562616 63.73858345562616 63.73858345562616 63.73858345562616 63.73858345562616 63.73858345562616 63.73858345562616 63.73858345562616 63.73858345562616
59.85781049300088 59.969256739768184 60.344228862773384 60.75687277497427 61.1467973104603 61.49985260263625 61.81752807302053 62.10401613310618 62.36308939038484 62.597522678889646 62.809159004522606 62.99910572774654 63.16792027795621 63.315753614779844 63.44245144150562 63.54762093581466 63.63067107064752 63.69083286482987 63.72716384151268 63.73858345562616 63.73858345562616 63.73858345562616 63.73858345562616 63.73858345562616 63.73858345562616 63.73858345562616 63.73858345562616 63.73858345562616 63.73858345562616 63.73858345562616 63.73858345562616 63.73858345562616 63.73858345562616 63.73858345562616 63.73858345562616 63.73858345562616 63.73858345562616 63.73858345562616 63.73858345562616 63.73858345562616 63.73858345562616 63.73858345562616 63.73858345562616 63.73858345562616
