_RESULTS/REVERSE_NEW/Berg/GZ/9comp/Berg_GZ_z_1000_kriged_reverse_9comp_spherical.asc
ncols 100
nrows 90
xllcorner  5.6208707817415728
yllcorner 50.959635321741573
cellsize 0.00013419651685393446
nodata_value 1.7014100000000001E+038
[rows 36 to 53 of 90, columns 0 to 40 of 100]
0.024142360975658993 0.02886323790975266 0.03504018419669243 0.04293674824350416 0.052750176403708826 0.06447488793452953 0.07768107234648083 0.09123890861098896 0.10320101894257057 0.11130216607876305 0.11411863419583611 0.11189560236485002 0.10638289916536708 0.09879908262562365 0.0898966733808053 0.08010188185551749 0.07011809668729754 0.06051189334086689 0.0516872845834187 0.04388528619000961 0.037203873014154024 0.03163280178285938 0.02711587377631632 0.024226184096917895 0.022925008014938686 0.022983709690947055 0.02418909079636284 0.026627847359091197 0.030398034424532396 0.03575480469017563 0.04297616977252169 0.051043499636486356 0.0625364370376327 0.07896792426133195 0.10244366987040233 0.13499960216890328 0.16821604416458108 0.19377237430784655 0.2033528991359656 0.18746970574690483 0.1527815542196305
0.025842057738732924 0.030434059412258744 0.03631133167383932 0.04361409157593559 0.052368241709090664 0.06236308413346375 0.07300237816396118 0.08320192850422038 0.0914858102362522 0.09641470127561759 0.0971942195404971 0.09446036370260431 0.08929773095397332 0.08258612132251002 0.07513161929541337 0.06735992386336856 0.05949023467128838 0.05194431936245422 0.04501136045561443 0.03885892849330561 0.03355492536984294 0.029094123339320713 0.02542494940751011 0.02281843568804227 0.02165579369810327 0.02177728760744917 0.023074372117128324 0.02548889234014665 0.02900100378897669 0.03383820345350113 0.04042151394172987 0.048666612888094936 0.058362030720515906 0.07159513514398896 0.08953018083149727 0.11335643852335073 0.13637150981792684 0.15113278980828287 0.1501261413061678 0.13145889244285247 0.10298556947618638
0.02793690401891382 0.03243846176740795 0.03802189505734428 0.04477768034464327 0.052611898605171535 0.06119242436296872 0.06985465325151946 0.07759078202158191 0.08322116737924601 0.08576343680889618 0.08493231524715136 0.08159443491821877 0.07646473668986627 0.0702832340326183 0.06371408565871735 0.05726062196287026 0.05100473679337635 0.04504812652035886 0.039593427688124384 0.03475370386950661 0.03057262846171033 0.0270446439171558 0.024135321062068414 0.021962900366268526 0.021069845697737937 0.021346709535507116 0.022756560038601055 0.025184483772022752 0.028523142080285432 0.032971336709328065 0.03860865313747764 0.04508786877947643 0.05241623114486914 0.06228384341190389 0.07495274736286775 0.09092921863834952 0.10624224463886613 0.11364793961132526 0.10776075640827919 0.09088980565601458 0.06911809649815889
0.030253389847879127 0.034990479362438216 0.040320212394416285 0.046589980065823475 0.053656851899950384 0.061123131244914856 0.06829466858826987 0.07420754182966494 0.07783696551602551 0.07846754402716444 0.07631331676120225 0.07224162834960429 0.0669068845757472 0.06097859003126751 0.055001610370498194 0.0493561126451796 0.044242807078485005 0.0395111483876673 0.03521586747289442 0.03142792848834476 0.028171502980354965 0.025472764108671896 0.023433341128331384 0.021964234009030626 0.021316249292039083 0.021772954246298375 0.023330051288041335 0.025820918675743116 0.02908165691279949 0.033142883584915975 0.0376661874304194 0.042522255450300236 0.047541636835557885 0.05271523438590534 0.06043256068625522 0.07016089524201163 0.07977470929467945 0.08299040151567715 0.07648692019187264 0.06286393316628859 0.04673922302571486
0.03275048919589206 0.03783210171578788 0.0433308611120271 0.049194163752331176 0.05562641926776425 0.06224011254751533 0.06832738766179516 0.07290780522821692 0.07496645109653831 0.07394101580699759 0.07050940616201297 0.0655477770702632 0.0598115076618252 0.053928320364565976 0.048327362349251654 0.04326365493483807 0.038867346244388166 0.035076567278732644 0.03169716358592026 0.028760016027324857 0.02634822542912179 0.024598412324714415 0.023420800742387823 0.02273807320222969 0.02250011676832312 0.023203646454955703 0.02498121534231412 0.027613259147683356 0.030795335054649993 0.034183142792664906 0.03765038996718745 0.04106971084707515 0.04427230633154319 0.04704147118332383 0.049316335251153365 0.052939555357003766 0.05829453494175553 0.05958258796509048 0.053827927302602836 0.04340303890082589 0.03174876815084026
0.03540443831382227 0.0408191410422648 0.04662806418639655 0.05262871146743069 0.058589640631792096 0.0645571760746829 0.06992440995129846 0.07362455696691281 0.07443370049856723 0.07182191996471085 0.06689450682666591 0.06082209164300988 0.054517968353235094 0.04854088606668261 0.04317575540328986 0.0385427852373831 0.03467230696213455 0.03153816461512387 0.0288903207514633 0.026735960141105596 0.025259518844941427 0.024387543907264338 0.02406163607693587 0.024240314234850013 0.024815680980676758 0.025934792021966815 0.02804767183656646 0.03080513164130681 0.03359556587691067 0.03623865480816706 0.038643909571062146 0.04072078757913597 0.04234864603296617 0.04338092734906417 0.04372659748795973 0.0436670527457457 0.04436657495995016 0.043193270801572 0.037787873313633764 0.029831935241838123 0.02155646745219671
0.038177865975310005 0.04387914746520535 0.04992306524009271 0.05613042042574057 0.06226040481620669 0.06795513015075905 0.07292893076336104 0.0763084294474426 0.07624938788411204 0.07181277380655826 0.06489473558081144 0.05744254162700182 0.050472703794110646 0.04434952095585287 0.03915558499805271 0.03486529883093712 0.031416419354130386 0.028741590724119765 0.026745564191908308 0.025450604293507085 0.024807511757875777 0.02477683857977164 0.025353528776064428 0.026546095668515218 0.028277461507223458 0.030440832619008415 0.032850364176725655 0.03550437343842139 0.037784031629551774 0.03952332707615524 0.04075860577995042 0.04149589233193662 0.041681909374246866 0.04127624879353387 0.04059210883795365 0.03962252887486434 0.038193770330945 0.03507213619308738 0.02938648590239642 0.022342386562656975 0.015688661156078615
0.04102570422913646 0.046918949509864444 0.053038472234809675 0.05923720055089952 0.06537241998184543 0.07126799368515627 0.07661010040788713 0.08057677355796157 0.08061923225638458 0.07345568565729099 0.06370613679982415 0.05475522097937042 0.04720131536855895 0.04099674660091836 0.035982323530844816 0.03199759521592255 0.028906508221468185 0.026626475038724215 0.02533127738324031 0.024789099273243718 0.024918313327396788 0.02573769684393642 0.027316472407246904 0.029750165573309617 0.032923540331673 0.03646222109130527 0.039702983950061485 0.04232210357257234 0.04379655201979523 0.044274243297564506 0.04412032113612851 0.043450477336743475 0.04225500620805198 0.040864410330856554 0.03937889608423084 0.03769572354702245 0.035622393104285305 0.03191518442659955 0.026196843714166505 0.019323557808062726 0.013252540524006073
0.04390713607309672 0.049843400381704595 0.055780258488672435 0.061603963991164905 0.06726820376382231 0.07275856010236026 0.07806328992675846 0.08315171621031549 0.08745766064798628 0.07445046685267084 0.062014991466061965 0.05226431527898896 0.04458609862186917 0.03852490322616776 0.033753954361868295 0.030038912368058085 0.027213921023921814 0.025373002346667648 0.02461435068964748 0.024703266688740923 0.02556341789723532 0.027254730706469946 0.02983305537754147 0.03343640423020067 0.03802023756915093 0.043370053846788346 0.04890678293444953 0.052210619115876204 0.05200998531955203 0.05062371842266644 0.04883591376630358 0.04668647818509601 0.04435114031446276 0.04214129119240763 0.039911682816766554 0.037570130880899916 0.03492737809799928 0.030787892481571884 0.025490499761482606 0.019101108022256483 0.01303966367163887
0.04680134420054698 0.05257887485444545 0.05797947154311333 0.06294723644809194 0.0675234482745708 0.07173867080691917 0.07550988188386952 0.07839773686445073 0.07792196651118034 0.06949924738885872 0.05915156526312504 0.050275898917354934 0.04308222276660347 0.0373457386494868 0.03282304069873834 0.029312602041479133 0.026732923330737447 0.025294107316659244 0.02490582344706049 0.025428290779082895 0.02672741796103428 0.0289293832545577 0.032255973471930606 0.036927647967359215 0.04280416543876881 0.05004054552404185 0.058817541509159896 0.0649012120747541 0.061834253500957184 0.05839593392558566 0.05500521793425616 0.051482594921046565 0.048263153299173064 0.045235365205254126 0.042240763760370094 0.03920910429695121 0.03599731197480416 0.03141286859938284 0.02584307815276414 0.019966346965759035 0.014091343832603635
0.04972223869695714 0.05508406624557009 0.05950593149484431 0.06311066646369715 0.06607340393652225 0.06845483966963582 0.07032253169545731 0.07090976953860814 0.06857481263574121 0.06264285552045301 0.05515929893551397 0.047964252671698106 0.04174581535692121 0.03660028746144699 0.03244458556184673 0.02916165165557209 0.026919921979928804 0.02580068394161016 0.025703079721069767 0.026572398431329927 0.02826777906476142 0.030935082514745867 0.03478314865975089 0.03993184877214879 0.04654597707351987 0.054776199807608415 0.06390812135649761 0.07022807084148097 0.07024438472778911 0.06730974083270669 0.0629226007666523 0.05847754315989057 0.05442807814428172 0.0505257662350048 0.04665548794701959 0.04280472687357769 0.03893386683757388 0.033839328282220256 0.027828318412991042 0.021760810679254682 0.016185821597503227
0.05272743710328015 0.05731288737751499 0.06019902762702106 0.062017050184466266 0.06332775203231342 0.06444770230666104 0.06501028507272602 0.06434175470775866 0.06166756864538446 0.056996034490812475 0.05138637554686756 0.045712135118100024 0.04052638499939075 0.03604648261334414 0.03230971898134699 0.029341648268293802 0.027485909727583916 0.02668297468675958 0.026880486631611876 0.028089200236625318 0.030180605556468763 0.03324172024452163 0.03737461425556218 0.04279553801618942 0.04957390456281431 0.05769253446304628 0.06650965884173657 0.07368344715850374 0.07677737404235063 0.07617451723491178 0.07291213827578948 0.06853980539937805 0.06367857742927781 0.05874213100793141 0.053747379489340136 0.048806112888321644 0.04404398995558324 0.03831351424130281 0.03168330804210997 0.025077587062991572 0.019167611926231648
0.055920147253172084 0.05900331596018755 0.0596707121449756 0.05989023486991521 0.06021964538388154 0.060467631119292924 0.06025259405855038 0.05909227551862871 0.05657610019672017 0.05277910697408945 0.04841457193551563 0.04392057033507826 0.0396503527665143 0.03581239206815839 0.032497848676286654 0.029931553598484453 0.028449375025909832 0.027961797756526026 0.028462097851699564 0.030009699894279162 0.032391748782467984 0.03565148491342779 0.03997017935215079 0.04554260280922101 0.052368071531994825 0.06033369423237343 0.06897388290549425 0.07717557229044539 0.0828197901013438 0.0849171604294586 0.08395606980399194 0.08120871754183374 0.07681448509267905 0.07107072115007436 0.06453663588414614 0.05799335569358667 0.05186097561497194 0.04529169212076672 0.037797838368536195 0.030377783064130047 0.023701450005056555
0.059446231777384305 0.05865184448369905 0.057523246277000055 0.05700267301413576 0.05682106672819044 0.05666428118810386 0.05617806818753073 0.05500541299905388 0.05288146433183845 0.04982207940167187 0.046374530279605204 0.042796688502629875 0.0392963958209738 0.03603557142235165 0.033119307634435914 0.030992864305844515 0.029869715035781685 0.029696973467770723 0.030467874228159324 0.03219924198997472 0.03472779295218837 0.03811978934145363 0.04254727776577207 0.04819823346284634 0.05508115144358425 0.06310240499041829 0.07202740137270908 0.08097018550546127 0.08867934116796998 0.09381076198751145 0.0961365826445562 0.09590783237418701 0.092744515895147 0.08688367291835718 0.07923895797291128 0.0709831345941893 0.0630781242378666 0.05540219084449623 0.046797805645402965 0.03827572662783739 0.03055153576134018
0.05231947285231763 0.0537765631737795 0.053537581360627126 0.053290253510479536 0.05321001194802932 0.05312188293725781 0.05277186643521922 0.051902332125271775 0.05031876314687001 0.047971998428438974 0.045276173176281236 0.0424504492972536 0.039606761001071064 0.0368587161959524 0.03433851766494753 0.03262746791970203 0.03180387481227385 0.0318203781314961 0.032712584472389075 0.03455346644038301 0.0371653369748911 0.04061512239704737 0.04507380852191021 0.05073600065627902 0.057695075394633547 0.06591186172691704 0.07534912326362009 0.08516877171612476 0.09452993261911911 0.10276617180628904 0.10943548899657661 0.11293372056239666 0.11175217079489862 0.10569708905865632 0.09634446085617014 0.08590021061326863 0.07600023477284244 0.0672150014451097 0.057809883657824676 0.04833204490349992 0.03956787755285912
0.04450950583008829 0.04701945044353826 0.048264394085707395 0.04900072158851077 0.0495492488405693 0.049927066551762884 0.05001933294771719 0.04966872720265624 0.04873685068392235 0.04714741065755186 0.04513244070401806 0.04297299832509355 0.04070502182328211 0.03838747008788731 0.03618367883775698 0.03472799300485721 0.03407086705744425 0.034203471550125486 0.035180892120926115 0.03707314264851286 0.03968387232760059 0.043097308840339535 0.04749081286186149 0.053076561384784 0.06005601251900732 0.06847939108336527 0.07836273117491316 0.089039495267763 0.10012172109636881 0.11131345939780016 0.12325537236005145 0.13238129618953295 0.13434126734923796 0.1275074069449202 0.11507265079485811 0.10138955078078657 0.08896700102397194 0.0786942488654439 0.06902399503725237 0.05911009513377138 0.0497578022949379
0.03811592303643659 0.040805527422760474 0.042829695504937766 0.04440049652272755 0.04569468020607138 0.04675658906478137 0.04752884016575864 0.04790107571225914 0.04775395317033028 0.04699614309554408 0.04567246025157999 0.044113959106375 0.04234789946174398 0.04039550731027447 0.038465189875164604 0.03722381625260359 0.036699014902099675 0.036902531748856396 0.03790800237182899 0.03976246682129083 0.042259401514865416 0.045513921676785585 0.04971354826671605 0.0550912108703548 0.06193348594988839 0.07042547111364425 0.08039724403944845 0.09161040401646663 0.10410963981747234 0.11830836603541593 0.13574857833529663 0.15354542823285477 0.16103238341790843 0.15130902285880254 0.13311253964400926 0.11508882786481771 0.09998795329571714 0.08815723681497194 0.07873281581102591 0.06923895520751427 0.06006877100999987
0.032885117763427424 0.03551877997458143 0.03788220862296551 0.03999500131538593 0.04190702206746068 0.04362797319821864 0.04511053478332492 0.04626226629282813 0.046967814703967686 0.04711376333118979 0.04661807324810198 0.045711487626109146 0.04449615939420772 0.04294735992407575 0.04129496009684482 0.040234586253273454 0.039791083757872915 0.0399959022776975 0.040943572165844114 0.042626657077295585 0.04486279191301845 0.04780268532538101 0.0516437868804112 0.05663334208749465 0.06309153809935801 0.07126075215389832 0.08078901306080219 0.09185765772116475 0.10482299521943608 0.12084230520004759 0.14287610613201204 0.17186712295426815 0.1923065606546364 0.1718145216983988 0.14507979751764005 0.12329399522189781 0.10654554914195807 0.09400712000169179 0.08490930661200757 0.0769171042748773 0.06890693292762667
