_RESULTS/REVERSE_NEW/Berg/GZ/9comp/Berg_GZ_z_63_kriged_reverse_9comp_test1.asc
ncols 100
nrows 90
xllcorner 5.6208706962070707
yllcorner 50.959635321741573
cellsize 0.00013436758585859339
nodata_value 1.7014100000000001E+038
[rows 0 to 18 of 90, columns 0 to 43 of 100]
54.05871263078554 54.05867862834114 54.058633858815874 54.058576644299585 54.058505686010136 54.05842026635654 54.05832035591147 54.05820650710494 54.058079371372884 54.057938624992175 54.05778103021005 54.05759729268868 54.05736730742181 54.057053323879224 54.056590528079255 54.0558745659119 54.054745655331395 54.05296918646372 54.050213098213675 54.04602282101823 54.03979511973353 54.03075266245209 54.017921493399065 54.000113772482315 53.9759182295144 53.94370092970499 53.9016193385846 53.84765334952048 53.77965757090997 53.69543882345542 53.59285975546497 53.46996148175439 53.32508364233725 53.15694182295461 52.96461317143321 52.74741432335996 52.504787059296376 52.23658297776069 51.94447658614598 51.635210976740645 51.32520390814006 51.04346954949407 50.82795013006197 50.71330363787023
54.058642046247115 54.05857743136089 54.05849236921965 54.05838370154813 54.05824902923697 54.05808713576229 54.05789826488251 54.05768405499225 54.05744686400903 54.057188145946014 54.05690546375263 54.05658764370127 54.056207500611904 54.05571150746415 54.05500578064891 54.053937853797365 54.05227397909523 54.04967217653704 54.04565196289227 54.03956258145822 54.030552487884485 54.017543625445185 53.999214424649246 53.9739953200393 53.94007984599886 53.89545315712312 53.83793833462642 53.765259318609715 53.67511782127474 53.56527977761129 53.433663607709505 53.278415504514165 53.09794338198927 52.890861523287434 52.6557858135095 52.39095856892247 52.09386335754173 51.76142608681128 51.39204836266554 50.99097064461156 50.57883571831695 50.198726655417104 49.912353851729726 49.779497285831205
54.05851497181492 54.05839521829372 54.05823758318332 54.05803625533291 54.057786887220786 54.05748743751514 54.05713879445631 54.05674485273195 54.0563116140125 54.0558447819788 54.0553452290369 54.05480162608664 54.05417945665523 54.05340560581173 54.052347770572794 54.05078815742076 54.04839140608525 54.0446674864298 54.03893147950133 54.03026359201966 54.01747424942366 53.99908032759876 53.973299117822634 53.938066104669815 53.89108082177398 53.82988185291418 53.75194757768285 53.65481387906444 53.53619441500441 53.39408414236838 53.22682318961456 53.03309500464667 52.81182669686193 52.561947756072044 52.28195518614152 51.96927589386304 51.61962867130272 51.22714318869958 50.78691578833777 50.30225186060614 49.79698925386639 49.32697403582834 48.97726526126071 48.83451308075184
54.05829225225972 54.05807579819686 54.05779088181221 54.05742705528343 54.05697659716074 54.05643611825849 54.0558078437909 54.055100035058956 54.05432586290766 54.05349991474211 54.05263141363139 54.05171315456856 54.05070512702772 54.04951182226303 54.04795238136418 54.04572313054384 54.042352805589786 54.03715200561181 54.02916017446846 54.01709557225397 53.9993159580513 53.97379956161369 53.938156761820146 53.88968207777457 53.825453024390654 53.7424765791081 53.63787513063708 53.50909208380828 53.354084314394676 53.17145787783241 52.96049971393011 52.721065320890936 52.45329900366919 52.15718168317507 51.83191861255146 51.47522845168644 51.082786029106806 50.648586297314765 50.167887567011604 49.64498458923263 49.10630241505536 48.61296141284452 48.25884421693202 48.141803670214635
54.057912300691044 54.05753074847966 54.05702850235576 54.056387213783864 54.055593452716074 54.05464165497601 54.05353659966854 54.05229454635205 54.05094194217175 54.0495104460206 54.048026923543105 54.04649704513517 54.04488117120957 54.04306136004704 54.0407986566476 54.0376804501163 54.03305880081395 54.025982403307296 54.01512733020669 53.99873475718198 53.974567100949855 53.93989675855067 53.89154308409911 53.8259724192482 53.73947179016305 53.62839795802121 53.48948851504357 53.32020032098279 53.11901555167905 52.88563519584819 52.620977681754745 52.32693013392794 52.00586387339169 51.6600052000812 51.29081395495943 50.898554704666864 50.48231144625831 50.04093714921501 49.57590526276502 49.097316718326475 48.633101329477206 48.23728005982254 47.987592496214035 47.96318461775938
54.0572815262681 54.05662561928257 54.055762166241536 54.054659698039096 54.053295353353256 54.05166010612833 54.04976332220958 54.04763525114169 54.04532574431043 54.04289729908622 54.04041048558885 54.03789991588888 54.035339150950804 54.03259331599442 54.02935877908986 54.0250901957201 54.01891675947331 54.009551850817125 53.99520354722682 53.97349750973002 53.941428138318784 53.89535783438001 53.83108671142971 53.744014836695605 53.629414166787534 53.48281497213506 53.30048843237917 53.07997169678793 52.820539111039764 52.52349082626172 52.19213752073693 51.83143597270528 51.447370660594686 51.046316103679224 50.63464733092423 50.21874485908796 49.80538221678125 49.4025058956795 49.02067145742015 48.67555018440981 48.391334919335115 48.20309420585061 48.1538624693316 48.282360464036344
54.056262729270145 54.055163167087 54.05371548532054 54.05186698512446 54.0495795986756 54.04683887045179 54.04366199659821 54.040102719514124 54.036250428555846 54.03222061227696 54.02813388724685 54.02408118156474 54.02007322893875 54.01597329367506 54.01141303296586 54.00569276334478 53.997669395806966 53.98563822765715 53.96721879840221 53.939260035268575 53.89778549383456 53.83800488040891 53.75442213098014 53.64107139607649 53.4919072595542 53.30135921020735 53.0650262795784 52.780432937225605 52.44770315903941 52.069974197222194 51.65342780867832 51.20700605662986 50.74211874437896 50.27266156522068 49.81517270053454 49.38824718058742 49.0104438593838 48.6974261452489 48.46054316541181 48.308312233850266 48.249600718102954 48.29545486113928 48.457122551554704 48.7400219494752
54.054662275013776 54.052864747660735 54.05049768479846 54.0474749263663 54.043734485913 54.03925352417378 54.03406202203216 54.02825172330654 54.02197629156403 54.01543843549659 54.00886007942024 54.002432459555116 53.99624419900334 53.99018682409494 53.983838779289904 53.976330880895 53.96619859254837 53.951229858036385 53.92832175315011 53.89336493186637 53.84118143769789 53.7655483127603 53.65934548363788 53.51486933049778 53.32434804914333 53.080672016728826 52.778300107923556 52.414218299175396 51.98874164224571 51.50596476685355 50.973940895496995 50.40525739555354 49.819078692408745 49.24460930225155 48.72251448623929 48.29832295030868 48.00666907871215 47.85640157522319 47.83027181060629 47.9006885622444 48.04808357393628 48.26812035838424 48.56586393199455 48.944302514156206
54.05221775429049 54.04935227148386 54.04557794556983 54.04075725218359 54.03479151234275 54.02764514774944 54.01936817174388 54.01011166304398 54.00013009740417 53.989764289013934 53.97939944266121 53.96939437978266 53.95998015189667 53.95112869646429 53.94239469476483 53.932736331132226 53.92032344999814 53.902345057342636 53.874832610129076 53.83252130051752 53.768778544115406 53.67563679237636 53.543975479231335 53.36390076597809 53.125362427896405 52.81900666264778 52.437169062513966 51.97476256905814 51.429704407344836 50.80276734558588 50.09790990775998 49.326432120728825 48.51927401978533 47.74464151948102 47.110900650288485 46.72954083626954 46.64890833895599 46.81656378567588 47.114024008497424 47.43468673579795 47.73550415599361 48.03249620557371 48.36564485621905 48.76706272606697
54.04858893479967 54.044134686792454 54.0382658379744 54.030768085922155 54.02148786169565 54.01037054144558 53.99749631216076 53.98310578739343 53.967606261180464 53.95154950679291 53.935573471392885 53.920302984006106 53.906208283468274 53.893424213486384 53.88153678504109 53.86934717889588 53.85462622618208 53.83387536726055 53.80211361698929 53.752714706705454 53.67732473568759 53.5658983259381 53.406898710054186 53.187707305980204 52.89526170074193 52.51684807030793 52.04076062303958 51.45619829366891 50.751556406987866 49.91125301485889 48.9158043290114 47.7592192557828 46.4999104892972 45.32355509248208 44.52693720384884 44.357315738143136 44.814441703071076 45.62064876941142 46.41803289598525 47.002224840882555 47.376188686846874 47.64978848394525 47.93663642615767 48.30931750466495
54.043355924976524 54.03660455270896 54.02770554541006 54.01633285926286 54.002252855534294 53.98538288823096 53.96584684747917 53.944015989820706 53.920521719143096 53.89622724195283 53.872147526099525 53.849311580838474 53.82856709330247 53.81033390673796 53.7943186631045 53.779207391950145 53.762355670089136 53.739497548670926 53.70449554903295 53.649155706636954 53.56313486946922 53.43397227853309 53.247280031546616 52.98711174844184 52.63645226308643 52.177539539112615 51.59119307713852 50.85340128347643 49.926785200804886 48.7478409705707 47.227684884953405 45.31809134048028 43.18387633071076 41.3451835454249 40.49674809457375 41.025721249867104 42.6495055366576 44.544630639390626 45.96998381756405 46.7397066258451 47.071565531844115 47.24110059216965 47.43592767633099 47.75379280722329
54.03602929620425 54.02605145783479 54.01289325601315 53.9960703242088 53.975235122141655 53.95026440971509 53.92134289130185 53.88902615202695 53.854263706844264 53.818363599694926 53.78288402254585 53.74944464900544 53.71945979059641 53.6938054753522 53.672441289583276 53.65401376839295 53.63547045859502 53.61171268466679 53.57531165407462 53.51630861479006 53.42211699943906 53.277542342691454 53.06492531223932 52.76436080843475 52.35375743005732 51.8079579637928 51.09484297428787 50.16395928257541 48.92155913733147 47.197031233363155 44.76259973013813 41.560870317768476 38.13534272269852 35.67646906946818 35.313065893121205 37.33972646538097 40.83643744045416 44.076541519455674 45.982834909684506 46.73257507468771 46.918147442497826 46.9519551252075 47.04522148413786 47.29791923593569
54.026077015848884 54.01169922854522 53.992727410755336 53.96845883687171 53.93838794298023 53.9023335570126 53.86056150946062 53.81387873631757 53.76367180870917 53.711863902020816 53.66077032264599 53.61284357958772 53.570313184030915 53.534740435567485 53.50652143181706 53.48437963292779 53.46489072467835 53.44207706744052 53.407098308854614 53.34805169538982 53.24988284101627 53.0943931755875 52.86029556882379 52.52314884877367 52.05460789769237 51.41930033826972 50.56487621529742 49.39560389778533 47.717632619289205 45.18080619153409 41.40180733307093 36.571670214122136 32.05083687128856 29.681319445932935 30.606096166634167 34.779253641419906 40.3699064612463 44.56506430290477 46.46562088898379 46.995706505745474 47.0180995174185 46.93874952975931 46.943029207251335 47.12619824128862
54.01297196414263 53.99277239670378 53.966099531557944 53.931957536481434 53.88962700684632 53.83884529186594 53.779981573127145 53.71417366000711 53.64338907680466 53.57037460603714 53.498467193470844 53.43125478405265 53.372096342848195 53.32353252789018 53.28663764107886 53.26037488292684 53.241017088018495 53.22168311798876 53.19201832547227 53.13802084981166 53.041988102033976 52.88252522699523 52.63448680318999 52.26850097487426 51.749025706495836 51.02788839290092 50.0253180221533 48.58171599097389 46.36586854842455 42.82619499589957 37.59130196094356 31.539155147132096 26.88938793631242 25.533631471574353 28.31061309278659 34.75405455599437 41.725002656288105 45.80323060441067 47.238557275817946 47.54191798897578 47.47617260420027 47.334486403216914 47.27208864090501 47.38548094453341
53.99626116322721 53.96859372127736 53.9320283729359 53.88518646697125 53.82706634211848 53.7572924084444 53.676358795726365 53.58582300128697 53.488398918637536 53.38790065177671 53.289000350422015 53.196784902488005 53.116125433954466 53.050905568459896 53.003182611289134 52.97237260563096 52.954549132265406 52.94192442591055 52.92254351556668 52.880176121163814 52.79434422052813 52.64036867764693 52.38920577027222 52.00650364547841 51.44925377209556 50.65542575626905 49.514794556809306 47.798466827341485 45.044331754355404 40.59687646396548 34.39244323148608 28.120915101950324 24.32198658056345 24.563966091475038 29.436594274374244 37.51952236488198 44.188041076249306 47.20096064425896 48.17595309686433 48.41728566614606 48.36724234981535 48.22057997906858 48.12013900623209 48.168085893220194
53.97565352128335 53.938708511900494 53.88983190089724 53.82715874888806 53.74932405258552 53.65579803309139 53.54721666413449 53.425648897661716 53.29473377671906 53.15962279327459 53.02667789641659 52.902903905476236 52.79513351012303 52.70902809356883 52.6479991964518 52.61218148385341 52.59758682805651 52.595535032797734 52.592395490949094 52.56960106330837 52.50382471545814 52.36713330025784 52.12678412666221 51.74388845437095 51.16882248571151 50.327572144021126 49.08499102423497 47.16303536054342 44.040435516185184 39.138838541744036 32.843405672507195 27.301025616201773 24.9299966660007 27.05747902152203 33.69257948182234 41.6000694022148 46.44239223201006 48.44670317038495 49.297759143122775 49.65030959896916 49.70587211608584 49.611299044736285 49.50536307663545 49.49499761675467
53.95111722300303 53.90302354053986 53.83932070650368 53.75754338144299 53.65587062141668 53.533565600946744 53.39141263159649 53.2320767804081 53.06030032314323 52.88285201806002 52.708162937155855 52.54561754421525 52.40451955895522 52.29281387395248 52.21570733348724 52.17437398247188 52.16493258909569 52.17783288440668 52.19769076438979 52.20350087149025 52.16905603074075 52.0633123586814 51.850276623628154 51.48751297743258 50.920937670523394 50.06986214320226 48.78919986882717 46.79548219678889 43.61615095217944 38.89193159936891 33.346980131158354 29.15114387153503 28.45561947825696 32.19230573401153 38.98832261273361 44.844880587561 47.98472507835109 49.62548433677848 50.62570296153077 51.194937745151705 51.424595482096954 51.43448216041823 51.3555772322072 51.29536877725349
53.92297180067147 53.86193972628004 53.780984626864914 53.67692138460026 53.54737182508422 53.391326278779786 53.20970640106165 53.00583695937373 52.78572003017399 52.55800561546169 52.33357161035301 52.12466542436939 51.94362057556775 51.801242983838506 51.70505330719205 51.657646063281994 51.65544171885822 51.68803351915137 51.73817897949742 51.78231439341944 51.791338677914645 51.73132428935537 51.563677243282 51.243844506867 50.71642378650735 49.90159682343891 48.663744472282175 46.76121407102679 43.85337350646924 39.83018284678409 35.546549886641635 32.89691014808685 33.551739926657945 37.60407098032595 42.826027558831704 46.709552121571996 49.13624386404979 50.837674212145366 52.088754250656585 52.91979075793313 53.36717783065661 53.521530772878954 53.49722717686893 53.39619367780229
53.891954917533425 53.81645066026904 53.71613445377705 53.58698457503665 53.4259605742714 53.231701042971395 53.00522879561704 52.750553465430784 52.47504431597557 52.18944485465995 51.90741809561942 51.64454919912396 51.416796619966696 51.23848371610686 51.12005967389458 51.06599419330086 51.07322313456636 51.13045769438238 51.21842215697859 51.31081294839306 51.37559917797733 51.37622934803988 51.27225516808146 51.018606890706245 50.561902621252585 49.830450721305546 48.713767271859325 47.03989792492597 44.62011563511313 41.52577642095256 38.5475793948848 37.10078768074643 38.18471914908907 41.351011514579156 44.95961144457844 47.90235201643466 50.18686917280846 52.0505842733882 53.54561664593091 54.63352760367592 55.308161184236916 55.62407766511777 55.66998552618936 55.535314889999185
