_RESULTS/REVERSE_NEW/Berg/GZ/9comp/Berg_GZ_z_90_kriged_reverse_9comp.asc
ncols 100
nrows 90
xllcorner 5.6208707817415728
yllcorner 50.959635321741573
cellsize 0.00013419651685393446
nodata_value 1.7014100000000001E+038
[rows 0 to 18 of 90, columns 0 to 43 of 100]
11.126973019181548 11.12699770047613 11.12703016872869 11.127071498574338 11.127122286574064 11.127182297736331 11.12725000121853 11.127321945289978 11.127391871078533 11.127449383888548 11.127477887912242 11.127451351478333 11.12732932511673 11.127049519600098 11.12651721831139 11.125590911124254 11.124063854794082 11.121641817691936 11.117918021802828 11.112347123006195 11.104220727892358 11.09264709232694 11.076536926927517 11.054595421857542 11.025317806869166 10.986982631720842 10.937634791195816 10.875050995696219 10.796685939465895 10.699609313994822 10.580461926075044 10.435480591591602 10.260659415878466 10.052118596352832 9.806727543727414 9.52296630877857 9.201910061920422 8.8481113997101 8.470086256004555 8.080139880609845 7.69342499139025 7.326363780489638 6.994795868517942 6.712341835018129
11.127023359046877 11.127070200860404 11.127131882346507 11.127210499485141 11.127307292241916 11.127422024294123 11.127552198736899 11.12769205084157 11.12783118507424 11.127952602029959 11.128029689166578 11.128021539286346 11.127865746426044 11.127467671297236 11.126685156607598 11.125307914397645 11.123031406864323 11.11942605904788 11.113904037644511 11.105687409199035 11.093782859860756 11.076968739608404 11.053799325549997 11.022628355689406 10.981648996656707 10.928941212730653 10.86251177302295 10.780309601165856 10.680202976414495 10.559917727440844 10.416957454804491 10.248554897902602 10.051730121037004 9.823543669544424 9.561615538503768 9.264920248422632 8.934763671394217 8.575722894692833 8.196240457589372 7.80857338157373 7.427936588970568 7.070913990395584 6.753461577363925 6.489026697244377
11.12711343731065 11.127200090518388 11.127314308359448 11.127460059282413 11.127639802711824 11.127853414094167 11.128096873691605 11.128360662105743 11.128627700524639 11.12887049368101 11.129046875108106 11.129093438007171 11.128915416557629 11.128371560992134 11.127252568619642 11.125252066233907 11.121930156722136 11.116671248423057 11.10864023277333 11.096743769263442 11.079605859434107 11.055568102004393 11.022723887971434 10.978991319830241 10.922221468823372 10.850327598529388 10.761409725152596 10.653841489999897 10.52628766310379 10.37763464578413 10.206844102042231 10.012777611005395 9.794078726682157 9.549223669925139 9.276845633266893 8.976384748475297 8.649011678078802 8.298636865885932 7.932699644069384 7.562396944495593 7.202100620011712 6.867912545593273 6.575581282384944 6.33832063589832
11.127270162409488 11.127426404530597 11.12763255785628 11.127895925992478 11.128221197127571 11.128608606349962 11.129051767022311 11.129535142344487 11.130030983420895 11.130495298030173 11.130862029831317 11.131034154083373 11.130869921340475 11.13016216044733 11.128608609392304 11.125771946665267 11.12102981059265 11.113517786530277 11.102072051421537 11.085182653030861 11.060972320957813 11.027217777230138 10.981428898121585 10.920994065767893 10.843386869417685 10.746411131567148 10.628441883888508 10.488605834830627 10.32684364190063 10.143813908916103 9.940636462298684 9.718524409991103 9.478408301160723 9.220694547320889 8.945306244956573 8.652112369379473 8.341753783582915 8.016731619766691 7.682471447252591 7.3479740492510635 7.0256701322104504 6.73025229154799 6.476586217368435 6.277273123201728
11.127535181242862 11.127809744950854 11.128172413114466 11.128636265019368 11.129209929252152 11.129894488514038 11.130679933817182 11.131541220302106 11.132433783739517 11.133288001458281 11.134001515741666 11.134427633122346 11.134357305386981 11.13349172443625 11.131402660046753 11.12747874123427 11.120858323305832 11.110353646284372 11.094376594344514 11.070882863928198 11.037357320820975 10.990866508980623 10.92820179356684 10.846125726362816 10.741713580170352 10.61275332507201 10.458136646215998 10.278151103959978 10.074580979058673 9.85055029773434 9.610096197209772 9.357533538909363 9.096743532449995 8.83056935459593 8.56051414685311 8.286901447112568 8.009569064012242 7.729023012689646 7.447791906040211 7.171541823563109 6.909430034041621 6.673309625731799 6.475811628024101 6.327921509454618
11.127970494869599 11.128440691686682 11.129062516758745 11.129858779989847 11.130844864618112 11.132023597367896 11.133379522219203 11.134872807721157 11.136432769808204 11.137950463608007 11.139268974563901 11.140168998755051 11.140346249044649 11.139376510874117 11.13666429568963 11.131372591712994 11.122334764270239 11.10795557679344 11.086116471544818 11.054109726339986 11.008634802163543 10.945894737343549 10.86182647245295 10.752482276007598 10.614547927507163 10.445939771771167 10.246376858286297 10.017792279231594 9.764447609745313 9.4926577039226 9.210116745794801 8.924919432505474 8.644461883905729 8.374457531477212 8.118302083015593 7.876972916171722 7.649558818097459 7.434382079399896 7.230490014969441 7.039086047745985 6.864345636680478 6.7131715569900985 6.593855630579508 6.514174181943208
11.128664607248574 11.129449224508837 11.130488271581163 11.13182051565044 11.133472587205379 11.135450623644703 11.137731144894602 11.140251732542568 11.14290178013467 11.145512850667368 11.147846992894594 11.149579844151104 11.150273785409178 11.149335331036331 11.145951049543664 11.13899846682428 11.126933410303833 11.107663620951719 11.078430013696423 11.035730355637039 10.975332341710036 10.892429149175943 10.781984120604983 10.639285984648497 10.460689045889803 10.244448709940606 9.991497083640098 9.705961685076465 9.39523996874321 9.069518531649733 8.74075732351393 8.421305390890694 8.122420452295932 7.852987809242125 7.61867061204526 7.421612177590752 7.260709737312525 7.132417837609369 7.031986082185086 6.954924871044008 6.898326727377402 6.861585972399399 6.846230738546508 6.855008589866417
11.129738113514346 11.131013718612971 11.132705599429999 11.134878007439813 11.137575792758746 11.140811039029913 11.14454873288804 11.14869264354855 11.153072237721863 11.15743045988946 11.16141052370387 11.164537648112693 11.166189367933601 11.165546396809706 11.161516043217501 11.152623062802622 11.136869692575535 11.111578141078128 11.073244728497947 11.01745326617908 10.938911865881018 10.831685140970958 10.689683464710384 10.507433564374194 10.281086339484762 10.009526180062629 9.695355809893245 9.345481359950362 8.971055071414783 8.586666574718109 8.208881883218542 7.8544359760104046 7.538488326368823 7.2732755050121956 7.06726071232206 6.924645381201365 6.845089703688331 6.823727164960694 6.851784509909124 6.918012151909153 7.010699217773052 7.119636016001089 7.237348504726279 7.359342481763888
11.131346828142272 11.133366960137373 11.136051196983805 11.13950344457525 11.14379730593325 11.148955112790327 11.154925763507443 11.161563546514182 11.168609759604612 11.175677607740466 11.182238497530703 11.187604667506019 11.190899718885374 11.191006096371746 11.186478348456507 11.17541471153703 11.155288729542457 11.122758134515653 11.073489635861868 11.002062909435779 10.902039005829288 10.766287801164507 10.587653046972195 10.359979451837544 10.07942909201348 9.745886952370219 9.36413551811338 8.944426237049067 8.502152253965347 8.056556085983873 7.628737007213782 7.239512688899259 6.9077268096269195 6.649220145349985 6.4760644358228365 6.39544045534951 6.40821458412244 6.508160707809885 6.682630935541617 6.914391861734136 7.183736932213305 7.470418612534026 7.755482503058543 8.023041614038373
11.133679630023853 11.136795335084 11.140944158240194 11.146290154364893 11.152951188495313 11.160966691270872 11.17026394117278 11.180626636919577 11.191669195067831 11.202818476702102 11.21330137659626 11.22213219211238 11.228088787809497 11.229662759296964 11.22496807065347 11.211597237773491 11.186426080719865 11.145388496318025 11.083270904531533 10.993608269984138 10.868791800482565 10.700509231484384 10.480614373294337 10.202446279441329 9.86248401246998 9.462050227294668 9.00862242848315 8.516264084107867 8.004839429910037 7.498062391931791 7.020966552544553 6.597782650778683 6.250955329420352 6.0007885393470275 5.863964677331349 5.850179599505518 5.959240369390804 6.181802735956738 6.50315561886546 6.905836740842078 7.36858499081207 7.863841357186131 8.357877949829232 8.815312367263102
11.13694735449206 11.141626132997288 11.14787214399929 11.155938422541425 11.16600937753901 11.178152222826863 11.19226654870706 11.208038187001023 11.224903344385824 11.24202678683481 11.258293414626284 11.27230623740595 11.282376707234224 11.28648762444125 11.28220714325366 11.266537823426958 11.235699877059933 11.184874116707064 11.107966494262925 10.997497407335361 10.844754326492675 10.640358076274605 10.375357942550789 10.042866296280803 9.640062690027015 9.170169477239416 8.643807476859417 8.079110220238123 7.500247034472323 6.93465452410771 6.410180450512076 5.9538577295417605 5.592755348554834 5.353898559495687 5.258988734610743 5.315908252959897 5.516341803827859 5.8444079704927665 6.287936334178311 6.8402670516684525 7.491004637521314 8.213553427359018 8.958795430132017 9.661340141550719
11.141358605239752 11.148197195651935 11.157354217104702 11.169211138819582 11.184050177260623 11.201982676723652 11.222875014696672 11.246281640807581 11.271395019519652 11.297019581685662 11.32157088671137 11.343092463393473 11.359272758929324 11.367436033429874 11.364477651956218 11.346720195098735 11.309685662608384 11.247812407585014 11.154191522459682 11.02044922272091 10.83694516933853 10.593468842983047 10.280567145302797 9.89149793745711 9.424568458355365 8.885325026422384 8.28782308317713 7.654206483626585 7.012281021879368 6.391865169278602 5.8222784694424785 5.333771634455425 4.961461392524318 4.742729981765685 4.702239384314039 4.837154878440079 5.122677698349327 5.536583547959587 6.076315167656253 6.7534202698526276 7.575118312878416 8.523233187948588 9.538218901154575 10.521389886326988
11.147078702147189 11.156803482562697 11.169872751866567 11.186848921038797 11.208154868188105 11.233970600192835 11.264126357134312 11.29800656551723 11.334479859944546 11.371867343108006 11.407953631354708 11.44003340427399 11.464972049979693 11.479246234757284 11.478923955676578 11.459549522832548 11.41592165802636 11.341794390064234 11.229587885171588 11.070260321934716 10.85354416738971 10.568762195828588 10.206373389124764 9.760221731396184 9.230163431883936 8.62438357750027 7.960428200222074 7.264022493994919 6.565478632996551 5.895348208539072 5.283653788298954 4.766478957026372 4.39262699546015 4.21189039947276 4.245565251019073 4.471562338366681 4.849872495187025 5.364237383981319 6.0296426271516195 6.869822597491399 7.894905399386606 9.080961048387758 10.351954069706215 11.580838955511497
11.154169558298516 11.167617107078096 11.185769242036983 11.209437218392981 11.239241927333586 11.27546806365184 11.317912777259613 11.36574960497063 11.417430440826921 11.470645146334345 11.52234891746096 11.568851849684314 11.605945510958126 11.6290225170768 11.633134088321162 11.612935167544398 11.56249325376587 11.474987902239084 11.342398613993872 11.155356835616685 10.903399895093042 10.575876185778279 10.163667893525682 9.661679449941426 9.071678160178841 8.404634750983325 7.6813796999981605 6.93050293203425 6.183559417568501 5.4706355095722055 4.8233246314440645 4.288112911383844 3.931261676943852 3.8104706200011043 3.9343310379078575 4.260122768576311 4.748106560249026 5.4079797292207425 6.276638628217078 7.376814105447236 8.695118210698736 10.168546280229359 11.679274703520083 13.071010477869196
11.162511422611733 11.180581480013025 11.205103997951813 11.237224245432293 11.277835918073803 11.327379948097919 11.385634315712103 11.451523814120954 11.522982584974244 11.596899571104041 11.66916580072608 11.734822166468637 11.788279452574074 11.823554863091026 11.834450718595972 11.814602242991544 11.757351270427295 11.655464049277816 11.500797804948299 11.284115203944904 10.995319347483482 10.624393256991402 10.163226962326423 9.60825738443925 8.963424069748998 8.242438205245765 7.468996503795772 6.673787576472215 5.8888060468026975 5.143848328754476 4.474679904834492 3.9413496649143474 3.6238612644509742 3.5764367137471833 3.7870385454339877 4.199156833125726 4.792472705085444 5.611126969724584 6.707904115838498 8.09607078303034 9.729117977928777 11.493602280307549 13.221254649398531 14.725199528797997
11.171712198166245 11.195286505165157 11.227487853886778 11.269898800844356 11.323780540420085 11.389801699658527 11.467752203394781 11.556281104030166 11.652704133858018 11.752925627045348 11.851507040645021 11.941888903705058 12.016736677934556 12.068341232695142 12.088974372143321 12.07109454876374 12.007330042556722 11.890240136831665 11.7119601023232 11.463950192398364 11.137156261720397 10.72290230333008 10.214718467530542 9.61101567736379 8.918046994308154 8.152043093182845 7.339039748953673 6.511283142499273 5.701334793784387 4.940382728039739 4.2707461046735595 3.7635813902076385 3.5014229237273096 3.5229523006925985 3.793936210120758 4.259026952328593 4.929199952640656 5.8718694979632415 7.1409736942402215 8.73787299654198 10.593403701001003 12.562817160439572 14.445782455394603 16.032136127550835
11.181016078078255 11.210839867936032 11.251904633074394 11.306350633010135 11.375922298884692 11.461611225057283 11.563274658913022 11.679279903745542 11.806236423647979 11.93887961648339 12.07015786225937 12.191543652534236 12.293541272366893 12.366306680096589 12.400247618339371 12.386455600503268 12.31685406976649 12.184033656633323 11.980873354068448 11.700185393719087 11.334727073071091 10.877940085702548 10.325649423648414 9.678635818230292 8.945494007555881 8.14461925806522 7.303832009812202 6.456693743194402 5.637190978579793 4.87987575744039 4.233314522526517 3.771710992015502 3.5673805136797005 3.6372523014065785 3.935080331405198 4.427161244516677 5.154308411611619 6.188463425480315 7.573557414625615 9.297623535652297 11.274840977017316 13.3417250540156 15.281578517261691 16.874616044880188
11.18922959569653 11.225758178684462 11.276554856917285 11.344451488739873 11.431811180271133 11.540069649338209 11.669237517290966 11.817426542291539 11.980480655110345 12.151800670567276 12.322441409448464 12.481524000906608 12.616942821669621 12.716266512715208 12.767660245233369 12.76062336251074 12.68636771923136 12.537763575449542 12.30893434734932 11.99475053730179 11.5906028625935 11.092862472586337 10.500302328690298 9.816420749883658 9.052095834871352 8.227443518323767 7.371485507071895 6.5189084499606285 5.7058217733391 4.970764575451906 4.365252054174 3.9572350627603705 3.8005802639048056 3.8944837211113295 4.200517618927801 4.71689815234382 5.498852253990027 6.608010904831506 8.072276755307223 9.86320152218137 11.878442803307927 13.941531384101635 15.830532406643727 17.32980870555192
11.194688345063543 11.237909117503937 11.298761605810633 11.38090944232105 11.487484418645671 11.62051187869444 11.780276171451412 11.964702034896613 12.16885448431069 12.384677093924813 12.601083921806522 12.804480036707266 12.97970370008178 13.11127220835834 13.184707747237889 13.18766458467982 13.110607986626551 12.94691314792365 12.692435251216311 12.344804953395077 11.902865855445164 11.366719357262827 10.738712556006833 10.02536672794304 9.239736290295166 8.403165352372135 7.545206800177466 6.701165542016589 5.908959666207443 5.209776112608727 4.653701847599475 4.296591804546798 4.173949639099995 4.279932244233477 4.59793616565647 5.149710984929625 5.9878887772247795 7.156539996316311 8.664058777792981 10.462745151772578 12.434516438129577 14.396097982809103 16.131072735239755 17.440605409508105
