_RESULTS/CROSS_VALIDATION_POSTPROCESSED/MHZ/IZ/4comp/2/MHZ_IZ_z_180_kriged_reverse_4comp_spherical_2.asc
ncols 100
nrows 81
xllcorner 5.5967107548124995
yllcorner 50.982328804812504
cellsize 0.00017565037499993607
nodata_value 1.7014100000000001E+038
[rows 0 to 18 of 81, columns 44 to 87 of 100]
48.74831046811829 48.81733635830432 48.89644852417713 48.98105676234514 49.06669134597626 49.14913499996311 49.22454765132842 49.28957725409772 49.34144896585723 49.37802696359973 49.397848534220444 49.400136838589376 49.38480293483406 49.35244576162051 49.30435124652585 49.24248338048788 49.169456505525574 49.08848090801986 49.003280332906805 48.9179860364429 48.83701491230062 48.76493887807913 48.7063502855374 48.665724944887025 48.64728126348532 48.64658788267079 48.64658788267079 48.64658788267079 48.64658788267079 48.64658788267079 48.64658788267079 48.64658788267079 48.64658788267079 48.64658788267079 48.64658788267079 48.64658788267079 48.64658788267079 48.64658788267079 48.64658788267079 48.64658788267079 48.64658788267079 48.64658788267079 48.64658788267079 48.64658788267079
48.81540273138626 48.90453510306181 49.002086478903514 49.103825921710744 49.20499326829626 49.30111525985231 49.38814558853727 49.462588697052844 49.521593525533206 49.56300612258746 49.58538027038258 49.587960202908036 49.57066001791479 49.53368174066186 49.477937127376016 49.40603269383607 49.32112377050712 49.22682646425 49.127115124419284 49.02619085884501 48.9283390582102 48.83779073071638 48.7592519111754 48.698233834729436 48.65930835119111 48.64658788267079 48.64658788267079 48.64658788267079 48.64658788267079 48.64658788267079 48.64658788267079 48.64658788267079 48.64658788267079 48.64658788267079 48.6449602717066 48.64058541935519 48.635369828109646 48.6308478185002 48.62810240237007 48.62772561773044 48.62979572159215 48.63387411497573 48.63902239502746 48.64383736630531
48.87968586617459 48.99487811171027 49.11449139375976 49.23280031254609 49.34838835864012 49.45706308663024 49.5545898678563 49.637371699144296 49.70255330766812 49.74805860053223 49.77204263702754 49.771857732163426 49.74823855786373 49.70273201622721 49.637383600485684 49.55481180964669 49.45823681843516 49.35143135991858 49.23859966550026 49.12421341053517 49.01283676071247 48.908963605063775 48.8168779722626 48.74053860895827 48.68350317409413 48.65147997871356 48.64658788267079 48.64658788267079 48.64658788267079 48.64658788267079 48.64658788267079 48.64631349954244 48.640130937989625 48.62805636281042 48.612903871163645 48.59720536869911 48.58313476261614 48.57243146799879 48.56633118718652 48.56551222737142 48.570064397683446 48.5794848029584 48.59270113100309 48.60811916783614
48.93357119887926 49.074124864621886 49.21859372066562 49.35984961416262 49.491041714629006 49.6107787073955 49.717276975801624 49.806886499511734 49.87641018620432 49.9205631668843 49.93876854306444 49.931913194627064 49.901147820314 49.847886772697784 49.773968660811995 49.68186025919623 49.57476879824614 49.456604479296224 49.33181940610057 49.20518598789171 49.08157159609705 48.965742925775785 48.86221146651543 48.7751169703181 48.70813841853435 48.66441934395904 48.646695678051564 48.64658788267079 48.64658788267079 48.64658788267079 48.640882497715104 48.62422702044613 48.600023803484596 48.57158750125663 48.54204253649066 48.514237221130344 48.49064602549535 48.473268482696035 48.46353584852356 48.4622376137454 48.4694785135208 48.48467269103075 48.506575942767604 48.533350991926625
48.97421670237492 49.138937021012985 49.30697674261859 49.47071953296024 49.62278315434228 49.756275958784464 49.86977106038529 49.96169456445383 50.026190874237564 50.063499214048036 50.07467291066325 50.061030488578396 50.02377274860058 49.96397674397201 49.88298375535447 49.78287878985462 49.66675022077289 49.5386441392691 49.40331111704513 49.265882220351166 49.13156837025015 49.00542386346049 48.89217886352199 48.79612781016696 48.7210546414614 48.6701757565274 48.64608398827276 48.64644233385922 48.64590910403616 48.63285759277433 48.606034983451195 48.56918326069105 48.526027459972724 48.480220234746334 48.43526033239339 48.39438613879119 48.36044989660066 48.33578342778182 48.32207093165161 48.320246878453744 48.330435529814366 48.351942687073304 48.383301158847594 48.42279591535902
48.99911575782496 49.1866263625053 49.37676176288003 49.56136781524937 49.73254233385858 49.88293517431953 50.001691430805806 50.08664299505302 50.1426613979806 50.17092944912551 50.17363838985981 50.15300165337069 50.11030363987465 50.045854116799816 49.9599323644202 49.853866214695195 49.730515322749646 49.59412275369105 49.44985380564076 49.30329860325391 49.16006962820886 49.02552391939362 48.9045929088191 48.80168815281536 48.72065118779573 48.6647211639477 48.63650022800885 48.63605289183081 48.626057482121674 48.591318829892565 48.54262822093106 48.484661373075426 48.42146903880879 48.35709727886694 48.2954937292365 48.240377617466805 48.195078490760885 48.16235686545095 48.14422857166666 48.141820163610134 48.15528188336284 48.18467863769796 48.235257076203496 48.303341895070346
49.00623923226735 49.21502483773422 49.425643456163264 49.62935464008791 49.8176508644017 49.97742069265424 50.09835015941066 50.177453104679145 50.22161886484932 50.23741093930919 50.229204043124575 50.201183425866226 50.1548315138634 50.08870744551926 50.000901103818585 49.891433361758736 49.762926255079606 49.62003887266523 49.468578603670785 49.31474631227799 49.1646235650021 49.02387298458591 48.89758995164968 48.790246356562626 48.705679414728884 48.64709212860745 48.61570057270923 48.59599297999791 48.573533439071106 48.52497501080167 48.454412247913176 48.37431619273257 48.289857053189195 48.205531262668316 48.1258202967528 48.05503578934408 47.99711433480223 47.95537662653036 47.93228102758959 47.92921394726791 47.95294512179388 48.00828919781937 48.08945735135523 48.18978153905368
48.994174532381265 49.222622546675595 49.452032191255675 49.67305156507783 49.872186627104995 50.03482876103088 50.15550483727026 50.23052171241776 50.26030640656628 50.25820502519666 50.23461734505924 50.19843461768845 50.15173099829462 50.08878294624969 50.00323243999719 49.893254122819236 49.76162917470745 49.61395978929314 49.457063086630825 49.2979342178849 49.143171624034345 48.99870904427732 48.869731274990905 48.76068459838425 48.67532114914123 48.61650779056103 48.56961617520246 48.52844554793558 48.4912174652365 48.430568130271894 48.34509617702208 48.24207269305828 48.134986190882586 48.029113255517096 47.92956217309987 47.841372783003955 47.76925936624845 47.717286051984246 47.68887247772932 47.697907397243455 47.74773606912085 47.83307975603574 47.94722698950537 48.08241469534744
48.96225990693344 49.208688043854295 49.455159892878804 49.68947626661907 49.89285438526444 50.05700723356243 50.175551773385806 50.24352269331539 50.25897324985523 50.230945350293254 50.18316550032108 50.13710166753006 50.0969475563563 50.04506885026009 49.96664264335368 49.85859253088044 49.72525642180952 49.57409933367089 49.41338453402036 49.25103593233375 49.09413758372782 48.94878452675672 48.82011764476624 48.712432806579514 48.629295502909855 48.563199006321064 48.49782729337522 48.43792107454309 48.38517008251928 48.31202375178545 48.21340615872726 48.09222799864571 47.961057087753545 47.83184247617204 47.710413119801956 47.6026981916075 47.51441472235125 47.45126254071028 47.43236855837167 47.46354048021663 47.54093932716584 47.65855067948805 47.80851268805215 47.98166419552967
48.910713240617284 49.173365851033125 49.43482602609864 49.675324534060245 49.88196423323865 50.046982435784074 50.16283918311011 50.22266926289194 50.22150528242598 50.16077596297901 50.07019616500309 50.00959539918611 49.9928310641043 49.96288282674268 49.894565188550565 49.78857619582252 49.65339027304298 49.499257376406284 49.336112889755135 49.172743643686125 49.01652797115709 48.873493444598076 48.74852457308962 48.64559804599577 48.565138588017525 48.4852452531947 48.40490755384339 48.32930928354546 48.26173633834566 48.17578744116343 48.063210775761014 47.927073123336314 47.77281456680335 47.61828737887595 47.47260524487593 47.34276685997478 47.235966687990704 47.17457616290612 47.171273371574344 47.224947892131915 47.33156570425782 47.48416539767298 47.673359424316175 47.88816311348562
48.83366643379316 49.11493634811635 49.388218107349324 49.63311028176472 49.842421775787486 50.008422585322066 50.12281032435691 50.17720673596872 50.16332170828717 50.07356213334423 49.912073232821804 49.81884349612458 49.86549579163842 49.85813551680502 49.79402918662251 49.685507473049746 49.54608852947855 49.38859264611722 49.2242601216101 49.06233362416122 48.91006655125214 48.77303616794359 48.65556799024992 48.561112566680656 48.47748040510809 48.38752901778455 48.29607544386074 48.208152719879585 48.12755919138774 48.02867778980946 47.90147838192235 47.74915800216481 47.57565225701813 47.393791447978955 47.221141140139906 47.06599815124828 46.94855226633093 46.89358623820331 46.90435204178567 46.98070926070128 47.11848734556175 47.309431710626235 47.54204051337251 47.80289564139789
48.72646436199105 49.026834123086765 49.31085350458149 49.56360714471252 49.77718140778836 49.94480212117123 50.06005473340157 50.11488413016618 50.10131113018007 50.01294098937573 49.85689927117121 49.75982446195399 49.774889838867544 49.74948990011915 49.67104205081014 49.55085269495477 49.40307835824457 49.24134496390826 49.077263089100356 48.91979608537294 48.77540008061115 48.6486448602828 48.54291012832107 48.45872308748733 48.37104453546205 48.27563786247327 48.177217541596114 48.08064909947888 47.989544747592014 47.87787045651218 47.735666784910805 47.56614529369029 47.373383247287435 47.164735864029105 46.96212860265446 46.782437480459116 46.66051845959963 46.60788163118008 46.63022025046789 46.72915845053171 46.9005030958023 47.13408379317289 47.4153035561136 47.72742512552352
48.59193359339282 48.90892563313133 49.2039129426662 49.46583980550823 49.686399835686196 49.85848732344697 49.976699883654994 50.03688532923067 50.034706397113794 49.97139630855545 49.86568540759027 49.77302855384581 49.70993200649079 49.63401912658493 49.524271827622314 49.38350089465921 49.22328207014382 49.05676356789031 48.89511343983541 48.74610073947417 48.61442509632708 48.50289595329285 48.41351048954622 48.33852771227406 48.251936429981015 48.155876303087794 48.05485475881431 47.95358742686569 47.854761046567646 47.73081186155434 47.57367664419122 47.38642309550816 47.173042559778814 46.938857080110985 46.70337783416622 46.50630949400455 46.37391950347166 46.317560024666236 46.34740171479096 46.468384258937725 46.67652144109099 46.958482974427646 47.29483568342802 47.66425564014843
48.43297820541165 48.76386500696183 49.06992743069388 49.34159631049491 49.570408709380246 49.74924134171712 49.87293909979691 49.939282194975405 49.949250459588825 49.906173133573986 49.821825798696885 49.7200998137737 49.614203796328624 49.49265544853055 49.347090161719876 49.18081120732616 49.00533607763166 48.834402199555576 48.67870952476415 48.543681910184624 48.43080182729043 48.34013389818191 48.271911151523106 48.20731738888002 48.12710516693289 48.03520444388836 47.936027133487194 47.834195830994844 47.730252287650096 47.59503611821017 47.42369617113439 47.21897652717351 46.98448717943858 46.72510180990041 46.460453374375085 46.244060561061595 46.093047084388836 46.02393726747064 46.054481650011624 46.19627031329878 46.44604147182295 46.78450563931287 47.184131175895224 47.61736884751757
48.25289613289544 48.59497977781757 48.91126336882753 49.19227730203808 49.42950877799719 49.61588647459168 49.74643513942711 49.81913358879504 49.83587288801581 49.801770946917514 49.72209801303556 49.60793773341365 49.473038340549216 49.315729597282065 49.1361458931124 48.941999602957615 48.74883730139339 48.57458145347227 48.43045789053762 48.31730201071795 48.23075899504821 48.167010391420646 48.123699481154844 48.07314042691275 48.00425144441663 47.921068563397576 47.82807482151364 47.72988496869475 47.622756996752166 47.47786252329922 47.29389157884072 47.073111196923975 46.81845434937113 46.533912858768396 46.247192013927304 46.0059868045648 45.826585025923805 45.73128659034879 45.7505389840883 45.9106386975771 46.210469597868254 46.61753759772985 47.09002454834952 47.59289041736341
48.05533631521482 48.40616228230241 48.730893764050116 49.019965006427164 49.264790487752904 49.45828394476434 49.5954506352971 49.6740141046779 49.69485878547955 49.66170968223169 49.5786902908875 49.45153246554474 49.29410949704473 49.107997232512304 48.89676440184482 48.671614085512424 48.45547023086561 48.278509665136696 48.15543597157432 48.07577252926462 48.02433262823537 47.99304848637122 47.97692807173844 47.94499175104318 47.89156205419026 47.8210918740218 47.73830392906592 47.64788576874742 47.53833512777825 47.385968583467076 47.19191111526262 46.95789341841855 46.6860016300257 46.38058569847468 46.07690009344063 45.808457096493356 45.59176754694227 45.45161962969935 45.43664717771858 45.60976179023865 45.97715548625577 46.470890322664424 47.02497235244057 47.59847090922605
47.84563230570957 48.20242465140251 48.53380677624109 48.8293025909436 49.08001969340103 49.27902168555063 49.421609602858915 49.50514964668795 49.52917148344535 49.495499696617266 49.40643675137262 49.26753567665876 49.09288900004562 48.88437110217419 48.6448987730196 48.38410843755715 48.13043942452019 47.94762445852104 47.86540741413066 47.83573283232273 47.82691323859761 47.83082104574777 47.84281886965494 47.83230606799909 47.797213020243916 47.74261477152138 47.67354931196021 47.5941526421238 47.48193622932597 47.32486965213019 47.12421865736472 46.88127032439916 46.59735742210304 46.2803191195959 45.9652865726111 45.67465100175394 45.42056977539989 45.21870227998433 45.12361454062591 45.29515584181878 45.773658736593696 46.37404267547913 47.00819824378535 47.6266803725023
47.650291025005316 48.015060246584206 48.3523028723998 48.65133442959294 48.903471702350046 49.102267401387 49.24358839778029 49.32552722101956 49.34807343462758 49.312439643434466 49.21971089846577 49.07245818098317 48.887213192893405 48.665388925003676 48.407457251980965 48.11514336646048 47.79712751104542 47.58713662341677 47.5968980668474 47.627541805797016 47.65929542822567 47.69471284254717 47.73262689338239 47.74400177276702 47.72864506913078 47.692121923964955 47.63968201858241 47.56994794920638 47.45697269503906 47.298385180305694 47.0953576048941 46.848980666761754 46.56023137347447 46.242129424839774 45.9264850771261 45.62955463980103 45.35932847186424 45.11661124834986 44.90479232487164 45.02137470983501 45.69168481166366 46.37689152883861 47.04822840300951 47.682460753490766
47.50042618488662 47.869466852224576 48.20889079999305 48.50764489059895 48.75722670170576 48.95171886541142 49.08763368403375 49.163575970106514 49.179701729232775 49.136963055644586 49.0362149823509 48.88200939154546 48.69327336467982 48.47067789614668 48.21383858542499 47.924282858301446 47.61039109837899 47.410020701947644 47.43780929264052 47.48915026313954 47.54152886854969 47.59724498116114 47.655501950880264 47.68721146263111 47.69174535526893 47.67466127032945 47.64113647049148 47.576395669476426 47.464984422773824 47.30821125221996 47.107332214759495 46.86356645451304 46.57809777950735 46.269465323220835 45.96669727911152 45.68619520950344 45.439097201080514 45.235621247246016 45.119808874687806 45.302412790577264 45.85645453937741 46.50807377521479 47.151786544337575 47.772070411695736
