_RESULTS/CROSS_VALIDATION_POSTPROCESSED/MHZ/IZ/4comp/2/MHZ_IZ_z_1000_kriged_reverse_4comp_spherical_2.asc
ncols 100
nrows 81
xllcorner 5.5967107548124995
yllcorner 50.982328804812504
cellsize 0.00017565037499993607
nodata_value 1.7014100000000001E+038
[rows 18 to 35 of 81, columns 40 to 79 of 100]
0.005567253775357693 0.004066106710598639 0.002675841398742723 0.001621297672731787 0.0009324133014067782 0.0005532950305603281 0.00034846557153434633 0.00023638474474904476 0.00017514704490319375 0.00014364668292680074 0.0001320841307472698 0.00013783736896580683 0.0001650919964782212 0.0002291019077706108 0.000370718591267455 0.000696685977418908 0.0014474875845979878 0.003261315983460251 0.00786573009228257 0.019842473951890885 0.049448280527080064 0.07677707895560973 0.05528316266186499 0.03585545014065387 0.022837752362753868 0.014404104778050889 0.008968887685731201 0.005382003139932022 0.003101088611734104 0.0017176334464486355 0.0009157421612140275 0.0004860121338827889 0.00026582148857321044 0.00015088578694977852 8.950930299781282e-05 5.5885998861668844e-05 3.698482745523927e-05 2.5440805939575833e-05 1.7557437764716954e-05 1.160122199640555e-05
0.0070612853155654735 0.005273819905656212 0.003505860257357575 0.002131128896801866 0.0012242458713013135 0.0007243818445423796 0.00045647512268232277 0.00031128245828473635 0.00023300543421077494 0.00019389772249951318 0.00018142254063173503 0.000192760805108761 0.0002344788918723892 0.00032845946572408996 0.0005312377017935273 0.0009829664184428323 0.0020094025391222932 0.004305381255684022 0.009435385884161351 0.0204006109969425 0.038923580847885185 0.05272613257906926 0.047307392228976404 0.03418748417367035 0.022675217879541573 0.01445222049459248 0.008972760728805956 0.005336721941692912 0.003035777918702721 0.0016565409613854393 0.0008770492598973573 0.00047204576469541564 0.00026159660689240667 0.00015038747873629037 9.035495313257621e-05 5.7161543106795624e-05 3.836960298907397e-05 2.668364220992698e-05 1.8639034764358373e-05 1.2482277947205186e-05
0.008430283104517709 0.006379516093131192 0.004269626963157814 0.002595899576065336 0.0014842017685698062 0.0008698748602671987 0.0005451154160239442 0.0003714595581776636 0.0002791584355588327 0.0002340957124004981 0.00022115227122298685 0.00023712556408256498 0.00029005906970038035 0.0004057425287938342 0.0006483354791229458 0.0011637983025296929 0.0022850705081821346 0.004628903446333485 0.009210296956433018 0.017038822457948067 0.027351646037078327 0.03462353886904218 0.03363036414904947 0.026801139569631177 0.018977333942508542 0.012547412984128939 0.007940655306470557 0.004771694421779122 0.0027222103020895024 0.0014842876718565853 0.0008044861047313925 0.00044439558119122003 0.0002523329668945534 0.00014849197094130638 9.130232796097226e-05 5.913774560716902e-05 4.069337295626829e-05 2.904293903506686e-05 2.0828831560791195e-05 1.4308703261718817e-05
0.009732932885031072 0.00723122116051574 0.0048234241722657275 0.002910883775184063 0.0016488977174938188 0.0009497952300445683 0.00058817412890399 0.0003983359725195274 0.00029900909142568347 0.00025135243300874327 0.00023840570850821696 0.0002563953249995118 0.00031333261462759647 0.00043473664918030854 0.0006813488341658293 0.0011773570354613417 0.002193027814135384 0.004182954467564657 0.007669432906111906 0.012836421765766092 0.01850557561065986 0.022308790171492916 0.02221893678432514 0.018775617627455294 0.014062990162363979 0.009695419186617168 0.00631242809252129 0.0038794335173450824 0.0022452899601458614 0.001259639199358461 0.0007103368433616473 0.0004069198323882215 0.0002390803625060404 0.0001453869082754147 9.232573302931897e-05 6.17770482425784e-05 4.3960946603067896e-05 3.260688486995348e-05 2.4216420486136866e-05 1.7169571190289763e-05
0.011147954676346866 0.007865393063873096 0.005020614301628829 0.002973467930368762 0.0016618409905277366 0.0009344161524741002 0.0005687770132180543 0.00038128938202949115 0.0002849199149194261 0.00023934819427096123 0.00022723251501789843 0.00024436176837489145 0.0002974524288172688 0.0004082852323216151 0.0006253290790680936 0.0010391516536952757 0.001836055924127954 0.0033123322527838658 0.005687691703933651 0.008905534416350001 0.01217202976896563 0.014124684902334022 0.014109507692750553 0.012299198987755043 0.009584695664913014 0.006851881132746451 0.00458985682096209 0.002899780997576673 0.0017374718884590654 0.0010273225473272788 0.000607888301458878 0.0003641649024161661 0.00022321061664109637 0.00014138274332478682 9.344203352056704e-05 6.50655414336908e-05 4.82106760851737e-05 3.752153832234874e-05 2.894536742114563e-05 2.1243277912626017e-05
0.013086007421142437 0.008506223818614423 0.004930302173166492 0.00273028491285184 0.001492869826800776 0.000820244171767293 0.0004893091729452641 0.00032412596736119075 0.00024086411902685326 0.00020208562816225752 0.00019198183142957707 0.0002064385905346412 0.0002504030515993847 0.000340413298713902 0.0005091844695118336 0.0008167194482667889 0.0013787533845811047 0.0023708763892285197 0.0038732980219263967 0.005790065556938169 0.007670190161664788 0.008779912361316889 0.00870958252230594 0.00770123470374165 0.006155318458675784 0.004523538306957438 0.003106571961750243 0.0020379581467314598 0.0012985155098504109 0.0008135331838938189 0.0005081440500539806 0.00032035545224969796 0.0002061635574537146 0.000136880922023696 9.47312420444176e-05 6.903993289168183e-05 5.354055612968489e-05 4.3984162683202654e-05 3.518473840519437e-05 2.6776161653263152e-05
0.01568729976050799 0.008986247786139873 0.004606990761635479 0.002311804003896922 0.0011862116589690986 0.0006362652892009054 0.0003722209018010148 0.0002439279776524051 0.00018055915764240708 0.00015161668735201773 0.00014449398894852243 0.0001558191924811055 0.00018898395248713806 0.00025516586141739755 0.00037369446327907736 0.0005823448113715707 0.0009480691430791399 0.0015689613672192602 0.002470023911387794 0.0035741366579446665 0.0046370187058322266 0.005289400518318105 0.0052489334283184015 0.004659950589495278 0.003779339202683623 0.002831696927483815 0.0020131665533107894 0.0013983153618260618 0.0009493895930304894 0.0006320116722599042 0.00041829906627819773 0.000278753572082169 0.00018923929567088598 0.00013233370863261908 9.634930164275294e-05 7.381369442562519e-05 6.013922276607166e-05 5.189162258495116e-05 4.307346500400965e-05 3.403850833078776e-05
0.01841267704957869 0.008619325288413842 0.003902940381039436 0.0017970953949817507 0.0008629012564601194 0.0004415071670029133 0.0002496569909915018 0.00016243995990461018 0.0001202704627650503 0.00010154937170192822 9.759100673839205e-05 0.00010613337569062354 0.0001294812890506383 0.0001739119474230842 0.0002510161983501963 0.00038307529153951223 0.000607300136457175 0.0009765005519341283 0.0014957799114231193 0.0021146382825065007 0.002704161208182457 0.003078069178441628 0.003085789361140048 0.0027404577438519366 0.002243557876302689 0.0017409159297414386 0.0013020544069905595 0.0009513015088542309 0.000684952978180503 0.0004844637067382456 0.0003407188077698615 0.0002411560370044192 0.0001734785662928948 0.00012820806026017135 9.853493113154604e-05 7.960333583229556e-05 6.832561294378838e-05 6.099349767633939e-05 5.263438258914703e-05 4.324946538448241e-05
0.014682421058178418 0.006611898007189053 0.0028605347840631027 0.0012576704525380387 0.000577946024011702 0.00028443707908700654 0.00015345817166130863 9.631877423236574e-05 7.153938370653046e-05 6.116097126888353e-05 5.972532066386578e-05 6.602756502137586e-05 8.147060593861808e-05 0.00010929573277563634 0.00015667456225281428 0.00023610563920510816 0.0003678365980750786 0.0005795450930431866 0.0008697597506512874 0.001208697275432349 0.0015293544779051034 0.0017378868920632467 0.0017582646860978754 0.0015927031854001755 0.001328839519978043 0.0010509743337888172 0.0008023231728710947 0.0006016101718376905 0.0004501850589998861 0.00033687092485620656 0.0002526100945480405 0.00019205455151462738 0.00014945220564095636 0.00011993209899182006 9.98219864343642e-05 8.654788091597077e-05 7.803484449462998e-05 7.094815853388967e-05 6.365985426458406e-05 5.4461013667979494e-05
0.00823180082419929 0.00410617413950084 0.0018287234970698835 0.0007977197994746488 0.0003582954467821517 0.00017175545565608513 9.0552307275314e-05 5.430538825779623e-05 3.923307878490963e-05 3.371410307018064e-05 3.356503380969723e-05 3.804313593426301e-05 4.759083465115233e-05 6.429877667074867e-05 9.22691601934143e-05 0.00013838649909949695 0.00021356895988558107 0.0003318937678654732 0.0004902659993466367 0.0006724114787687129 0.0008475164287789098 0.0009718634581001951 0.0009878475586739075 0.00089081042603523 0.0007324974157625757 0.0005779631950611541 0.0004455527984472853 0.00034109672372449227 0.0002632344045286174 0.00020719686487853732 0.0001656931337881617 0.000135506779614119 0.00011434118240636622 0.00010022419943313511 9.170992729274895e-05 8.788157118411927e-05 8.522259665681465e-05 8.123185156983659e-05 7.5586208787254e-05 6.733267809376886e-05
0.004627051618648208 0.0023747052602055745 0.0010845404854351185 0.00047408211646626807 0.00020984974021849285 9.847272174416263e-05 5.099259118648728e-05 3.0125311790936823e-05 2.112397218972369e-05 1.8172807462742585e-05 1.8416557813312808e-05 2.1153978250140455e-05 2.676322905835729e-05 3.649919857525937e-05 5.2666040568520596e-05 7.91130038246593e-05 0.00012196836550515507 0.000188669677125657 0.0002776022979807962 0.0003821280087588303 0.00047798607656392763 0.0005294417347885356 0.0005224372768914656 0.0004632429441173523 0.0003752163899092243 0.00029345580807272123 0.0002270774415096255 0.00017659539362342418 0.00014002849397208114 0.00011463918919064119 9.757577661756094e-05 8.591593525106569e-05 7.8762785044888e-05 7.561447746473737e-05 7.631174107922097e-05 7.963384471201851e-05 8.26443503805472e-05 8.464971490501997e-05 8.494969793786748e-05 8.047119298296905e-05
0.002738862210874966 0.001390189467464758 0.0006352863875723519 0.0002756837555015691 0.00011970485872294509 5.4721417408902994e-05 2.771828317362458e-05 1.6305948582002207e-05 1.1475524688451416e-05 9.901635396949537e-06 1.0295657353299319e-05 1.210343422001078e-05 1.5607079281523066e-05 2.1577911194629898e-05 3.141859093049507e-05 4.747831265363225e-05 7.354638329614464e-05 0.00011363451858662357 0.00016684240477842549 0.00022184321030059627 0.0002623178209237637 0.0002772426051348497 0.00026383929902130135 0.000228225156085858 0.00018163767006186256 0.00013995036177661126 0.00010807009182279565 8.494847060204773e-05 6.894437191178034e-05 5.878150927885031e-05 5.3228312588777676e-05 5.103054520167963e-05 5.127419980462955e-05 5.407772089691712e-05 5.935512630510484e-05 6.541554084530052e-05 7.19619433503181e-05 7.884379224637816e-05 8.535218745222637e-05 8.765890556072914e-05
0.001735317593150932 0.0008563125748794597 0.000384607076133421 0.00016363208069658183 6.896856555303364e-05 3.0312250882636796e-05 1.4794914134660869e-05 8.61300409095182e-06 6.2700348115502236e-06 5.618338028660292e-06 6.029548004306078e-06 7.3509114827289855e-06 9.734722999810729e-06 1.3711488508633992e-05 2.0248718996936326e-05 3.092345328798533e-05 4.8285989697798334e-05 7.412006838987136e-05 0.00010320231045686713 0.0001279413240394345 0.000142048157196108 0.00014237893762006186 0.00012975795303564125 0.00010861025724845139 8.449620285966892e-05 6.375005560918408e-05 4.921753026189632e-05 4.019536259831221e-05 3.4882031391425737e-05 3.2222179085165524e-05 3.169953527001425e-05 3.3187666941894337e-05 3.6807558738148856e-05 4.2390649209469074e-05 4.9014398233362324e-05 5.644509145864659e-05 6.444866237996357e-05 7.273855064092082e-05 8.102593511111099e-05 8.570335067818625e-05
0.0011895263100856986 0.000567685867062721 0.0002487786485051857 0.00010315164032635635 4.1908845686965e-05 1.7438128807647133e-05 7.961683351782584e-06 4.474558871352657e-06 3.412886772258745e-06 3.3588123362221583e-06 3.870780346814305e-06 4.972607595289335e-06 6.861063771934811e-06 9.967484978064394e-06 1.503428267743348e-05 2.3284495916423987e-05 3.6563631435741024e-05 5.303166058382231e-05 6.818142353113379e-05 7.808339403815091e-05 8.024985907784354e-05 7.476331288414093e-05 6.393795284970377e-05 5.094704769520425e-05 3.868683785828381e-05 2.984905221114347e-05 2.4479482806073296e-05 2.141824180311953e-05 2.0037747464902054e-05 2.0061780018102026e-05 2.147719096865514e-05 2.4523191157719284e-05 2.9388454309719876e-05 3.5841585369177147e-05 4.3666301020063136e-05 5.2638248272400834e-05 6.24211437603508e-05 7.253559399013506e-05 8.243066414566444e-05 8.708539323231646e-05
0.0008881598759560651 0.0004110868765357641 0.00017633246611636376 7.167628760491442e-05 2.829433216711824e-05 1.114481006210501e-05 4.56684043841752e-06 2.2811122849779814e-06 1.942630648086353e-06 2.2445596642306804e-06 2.9035330996349695e-06 4.0460621227877336e-06 5.819163840295505e-06 8.65878326817872e-06 1.3267203740043677e-05 2.0755142415146462e-05 3.1359369069271505e-05 4.1880559730054703e-05 4.949937216755318e-05 5.209575416383972e-05 4.925211396057973e-05 4.230927169941358e-05 3.3492481280607094e-05 2.5662515659565923e-05 1.990698813648399e-05 1.5990019645022494e-05 1.3898013048949824e-05 1.2998878499254972e-05 1.3099133078091e-05 1.4225279003603792e-05 1.6593564425370786e-05 2.0299784936217352e-05 2.556268825053532e-05 3.267972354676523e-05 4.184929432443296e-05 5.291518663278594e-05 6.521512045888292e-05 7.796816527812826e-05 9.01801000914563e-05 9.539697921716979e-05
0.0007208462527856665 0.0003276107030398446 0.00013914418756290985 5.63545377409779e-05 2.2151523282826086e-05 8.601683696442535e-06 3.360338652040458e-06 1.4098050425276095e-06 1.4854359361355008e-06 1.9294572140498575e-06 2.670323378212774e-06 3.929415544799969e-06 5.958369327887387e-06 9.124464511515874e-06 1.4101305547060402e-05 2.1793790929148164e-05 3.0334758101829997e-05 3.71347974311511e-05 4.015724557825039e-05 3.862955165376569e-05 3.337936659124305e-05 2.6262171188530948e-05 2.0154639196677884e-05 1.565630507677256e-05 1.2356585848288039e-05 1.0137843085855131e-05 9.088872071852957e-06 8.999851633594674e-06 9.758376022774897e-06 1.1377527877766362e-05 1.4062814295968615e-05 1.8184412680018793e-05 2.4206856400512316e-05 3.260568998558019e-05 4.370999669833295e-05 5.749319533351556e-05 7.339105410780237e-05 9.015065749516013e-05 0.00010588334784405142 0.00011239638305159252
0.0006339815172352904 0.0002846062896139263 0.00012084449670938738 4.96351199886708e-05 2.012061282741899e-05 8.281959725729875e-06 3.710750497641746e-06 2.1137461231030406e-06 1.8743206033882664e-06 2.2423986570538815e-06 3.0628108814651787e-06 4.552745585096489e-06 7.102189672310275e-06 1.120678604851882e-05 1.7775284307493528e-05 2.6221401062862725e-05 3.358070229148883e-05 3.753276102817171e-05 3.697211859122518e-05 3.2342233163619064e-05 2.5410258925027065e-05 1.9349715019265002e-05 1.4900895381620333e-05 1.163536344314666e-05 9.258538953320946e-06 7.708311244666543e-06 7.041292713700931e-06 7.102567779935195e-06 7.951891998155444e-06 9.74530198968691e-06 1.2763893770727135e-05 1.7580285938279986e-05 2.494712305858768e-05 3.567410046229909e-05 5.0301931058844157e-05 6.87553906522608e-05 9.014921295395905e-05 0.000112596336542228 0.0001333967748081763 0.00014198313804799744
0.000611618249964125 0.0002687761323604837 0.00011029136349944336 4.6294520774338726e-05 1.9819533118352565e-05 9.099806264147448e-06 4.791815290208135e-06 3.1548448496829595e-06 2.7703238606595216e-06 3.120322784239595e-06 4.148437065099801e-06 6.156168727960379e-06 9.751329012736823e-06 1.565077659763127e-05 2.4746188811659456e-05 3.4316757359483316e-05 4.1049648855645984e-05 4.2547906356002855e-05 3.848659337084066e-05 3.0678601884973536e-05 2.3079368897477812e-05 1.7503762941546872e-05 1.3394828704395215e-05 1.0371566969287521e-05 8.164199251693939e-06 6.739127775722728e-06 6.108912423495145e-06 6.154083358066403e-06 6.952445888465657e-06 8.836162664618103e-06 1.2323496926852667e-05 1.798804173104469e-05 2.688260418776906e-05 4.0206529734898634e-05 5.890347073011288e-05 8.31018671725308e-05 0.00011161610797397001 0.00014182167143336218 0.00017006067772229024 0.00018440330330074018
