_RESULTS/CROSS_VALIDATION_POSTPROCESSED/MHZ/IZ/4comp/2/MHZ_IZ_z_710_kriged_reverse_4comp_spherical_2.asc
ncols 100
nrows 81
xllcorner 5.5967107548124995
yllcorner 50.982328804812504
cellsize 0.00017565037499993607
nodata_value 1.7014100000000001E+038
[rows 18 to 35 of 81, columns 40 to 79 of 100]
0.02033549235455593 0.013173435107437266 0.007766781784676282 0.00426820244860791 0.002250334562994327 0.001221581650229634 0.0007006049613756207 0.00043085430973292284 0.0002881654260114993 0.0002124905756459398 0.00017506028855915866 0.00016321121051171138 0.000174265764986108 0.00021527699030759025 0.00030988072749580243 0.0005159468931737973 0.0009420430843057503 0.0018606510411748418 0.00392954491897222 0.008688080643354194 0.019153542570242293 0.028984334548043784 0.023684618361970347 0.01778096777676688 0.013118456891006996 0.009556643479894652 0.006907226862879591 0.005147584948368392 0.003965412450257555 0.003140736895908767 0.00254458137876983 0.002169179637624159 0.0020033799189524033 0.002005997815591733 0.0021791539086906853 0.0025698035701877875 0.00329146040727504 0.004423314601772842 0.005903606138747076 0.007497690849242197
0.02083496088693684 0.014106626409610024 0.00856864154693031 0.004812394403484481 0.002580644563129083 0.0014221413942241989 0.0008302991506602816 0.0005219043569481018 0.00035835132254050377 0.00027232835370221835 0.00023179564181482869 0.00022332650479294164 0.00024574311621336774 0.0003109041327131309 0.000453834929622763 0.00075375226675626 0.0013649255462336405 0.0025857106752255367 0.005022647849202316 0.009730989828810347 0.01715374863748101 0.02304616078012937 0.022266916525494024 0.01806801650926436 0.013648105362889539 0.009939826999908566 0.007087719925706959 0.00516693869513075 0.003880522663483202 0.002990521213822791 0.002376410883169904 0.0020292409206735256 0.0018738052344648801 0.0018724619078271051 0.002025913453342089 0.0023738301209412756 0.0030117813494366244 0.003965707346432523 0.005142085028360788 0.0062560307325311496
0.019512812005915505 0.013683378064217731 0.008559925943541253 0.004916510249998639 0.0026821011499327126 0.0014966026771923338 0.0008871827109005315 0.0005683574386574284 0.0003992533496908668 0.000311351219827364 0.0002723379418102696 0.0002694201186450187 0.0003032932972708605 0.000389851080554681 0.0005722491122471012 0.0009366386994871561 0.0016527033035199216 0.003004099966143145 0.00540019826250885 0.009170236222584787 0.01395675729230464 0.017605630553625354 0.017971284704570906 0.015635540750252534 0.01233840856426356 0.009174787243160596 0.006563425894589396 0.004728471993530606 0.0034866655917448375 0.002629055098019228 0.002095181884523539 0.0017974124400771951 0.0016620958301855923 0.0016580767739564715 0.001785008832134835 0.0020733035708839893 0.0025955514493015614 0.0033469008150221495 0.004203712479869946 0.004871313780145304
0.017371306874985167 0.012204233670500818 0.007796364014410107 0.004556616923731882 0.00252340366733605 0.0014189896220753238 0.0008509620532449744 0.0005538651885989849 0.00039683173634754457 0.0003165113716956647 0.000283446583046814 0.0002867210673270864 0.0003287123641416265 0.00042730345498483125 0.0006273071742071425 0.0010051879186472265 0.0017128500695027915 0.002979847712837658 0.00503146856331389 0.00788878314424549 0.010942938306229855 0.013167663227593948 0.013600977003069505 0.012298289644822205 0.010065883114859136 0.0076744498288698546 0.005555614316123136 0.0039750187279822225 0.0028895999035349457 0.002179886765935851 0.0017573048382566376 0.0015181120088465232 0.0014078693580687745 0.0014029377785465956 0.0015025296592335725 0.0017283958547640364 0.0021318413039485605 0.002702107292953949 0.003294494795127263 0.0036535610880717453
0.015138340780707811 0.010335365977760053 0.006489852191327745 0.003824404182243993 0.002143439671358792 0.0012085529169874106 0.0007303964173337874 0.0004816699875536729 0.00035122838360987995 0.00028597367864471054 0.00026172005328291146 0.0002702152616828846 0.0003149686885035496 0.0004135486743763879 0.000604840282991676 0.0009481160257905144 0.0015608354260151823 0.0026103003088660984 0.004197140945283787 0.006253540604772011 0.008313797420960098 0.009637130255899 0.009899855229777288 0.009103098304268833 0.007627604413220002 0.005936738449037608 0.004359401265845208 0.003102348528259657 0.0022560119759041032 0.001733960848300722 0.001416657573092178 0.001234368235093793 0.0011494458288596242 0.001145179745861224 0.0012208683359066891 0.001391558453783967 0.001692257568414065 0.0021214088814796666 0.002521814771274992 0.002703098569078388
0.013324569909615192 0.008620570584767251 0.00508658024144133 0.00289472801853311 0.0016299159916392338 0.0009216269162281676 0.0005597230902151068 0.0003733930276039999 0.00027689070429254064 0.0002300997954745892 0.0002152589980030215 0.00022697880454676826 0.00026927959748907106 0.00035773518119181354 0.0005199128941577316 0.0007996649425292767 0.001279408963164277 0.002071128961557826 0.0032134343681995653 0.0046272476678031966 0.006011319434646212 0.006885733437062391 0.006982465261630982 0.006443790686844121 0.005465583131459632 0.004313412810064752 0.0032042673790159703 0.002300457009803976 0.001711997487430067 0.0013408903312849324 0.001110967483784018 0.0009771865669003497 0.0009145905774983607 0.0009119691173772484 0.0009689894208235429 0.0010961137855122094 0.001317263412389399 0.0016429896968666834 0.0019119848360079235 0.0020032966730330016
0.011887188660170342 0.007042919573571854 0.003822946062159229 0.0020383639915018516 0.001108554165796611 0.0006272931892445361 0.000382511062877849 0.0002581475336798565 0.00019485418913686652 0.00016555018340196474 0.00015868722289242632 0.00017139328917353954 0.00020767677906387386 0.00027962620347589856 0.00040386572756368546 0.0006127297874502976 0.0009599556018032899 0.0015165026017323557 0.002294730444660099 0.00323020883882238 0.004136298605234372 0.0047310511927808226 0.004781827623164488 0.004394036756026143 0.0037413958957621977 0.002974637601079333 0.002260848640691944 0.0016866480254260877 0.0012824050174290325 0.0010222716829134853 0.00085861084929026 0.0007625569634759461 0.0007178482046632244 0.0007172106645703479 0.0007607397800695336 0.0008559897760220601 0.0010198366354978714 0.0012631486077029843 0.0014494051841861964 0.0015004787262302996
0.010492509060384509 0.005386737190854168 0.0026797092519050634 0.0013469246602932654 0.0007012390446797316 0.000386586357297402 0.00023336640125952912 0.0001595596729316267 0.00012291311948734243 0.00010715358372587334 0.00010571619768772572 0.00011755565374151857 0.00014629495576347237 0.0001991147921733764 0.00028730704846150623 0.0004327254321045964 0.0006690376789869564 0.0010395262667442604 0.001546388713502881 0.0021442815363338303 0.0027207411256223437 0.0031109872533583486 0.0031708094004786855 0.0028956335874600024 0.0024667062495779654 0.0020115077939046825 0.00159245025427536 0.0012376677631195006 0.0009614756875093309 0.0007781873706799366 0.0006620414970991212 0.0005939340775393829 0.0005628410898880119 0.0005640874802617611 0.0005983715019507893 0.0006714738351219956 0.0007959434282348016 0.0009685667877637306 0.0011048497006239616 0.001140936357236276
0.007137902237992525 0.0035496751089355845 0.0017050710484949594 0.000828453125275722 0.00041833155635017424 0.00022499827536548081 0.00013196657138413745 8.889038893864553e-05 6.99355809312298e-05 6.29043299294888e-05 6.429975211487341e-05 7.414202144319995e-05 9.502684151568852e-05 0.0001307617235245228 0.00018968105783117407 0.0002854954060704001 0.00043875199342574306 0.0006750171884298283 0.0009927447794363246 0.001362688471340778 0.0017184705559036186 0.001964826792430604 0.0020185192081285156 0.0018733169750288945 0.0016292657920352295 0.0013636473331040731 0.0011108669802461747 0.0008908597018576503 0.0007109363545901654 0.0005820430824522933 0.0005012678518866749 0.00045543187343891636 0.0004371842701509468 0.0004434686158721027 0.0004748314206383617 0.0005354295193102876 0.0006304898691067724 0.0007448757736849604 0.0008493531012162786 0.0008820704920902568
0.003852029747482831 0.0020435676245220786 0.0009961234213638152 0.00047921890741832245 0.00023747435820250517 0.00012535355791908867 7.258562717653684e-05 4.758938399810118e-05 3.710134854512669e-05 3.410748143974595e-05 3.61923750121816e-05 4.3580494575691226e-05 5.730374383983263e-05 8.027251645167165e-05 0.00011780954543585793 0.00017828736014160315 0.0002740102255659837 0.00041952847434780253 0.0006121670650845931 0.0008343744402724576 0.0010523721033904626 0.00121830607259566 0.0012790844525166448 0.0012158032561317604 0.0010685080010362333 0.0009094121597615148 0.0007580382599093096 0.000625111376963055 0.0005150000415312722 0.0004287787820873552 0.00037326096525496416 0.00034330219585779767 0.0003340019080007977 0.00034373052698904755 0.0003737393762810318 0.00042828966506112476 0.0005007779858418826 0.0005807662926100645 0.0006590692101197447 0.0006922765396158255
0.0021229960507261315 0.00113979349140336 0.0005611924502410992 0.00026846167659564215 0.00013087537988227572 6.779343429811092e-05 3.877956424477412e-05 2.5308674933123996e-05 1.952095113168482e-05 1.827475016632485e-05 2.006741726771e-05 2.4765977217422106e-05 3.32342201660063e-05 4.742662971821253e-05 7.061950818560423e-05 0.00010795204155079866 0.0001670310591969874 0.0002565540085927165 0.00037564766506061596 0.0005168610083229083 0.0006580080302202889 0.0007649846647567772 0.0008108952579563726 0.0007842416903976213 0.0006981040524492745 0.0006017697349077166 0.0005113127678238931 0.0004321904685108597 0.00036668545042889736 0.00031491649600312875 0.00027747298723045924 0.0002582252200639493 0.0002547601041506112 0.00026637769128031255 0.00029479216443552877 0.0003393562411665529 0.00039236284403526935 0.0004512599598277816 0.0005116001480566223 0.0005465422005741022
0.0012434575971915528 0.0006568681406642162 0.0003207140553322242 0.00015121058602732433 7.202418386614922e-05 3.6317694486841344e-05 2.037024868326317e-05 1.33147004758181e-05 1.0439207900800982e-05 9.995823617118625e-06 1.1382462862668243e-05 1.4487961164844049e-05 1.9971785767022557e-05 2.9116610544530447e-05 4.407128268507664e-05 6.823303073083344e-05 0.00010671961061864764 0.00016488741298552683 0.0002426940538686785 0.0003327867884340142 0.00042035244035347295 0.0004877627365721919 0.0005194751172998504 0.0005082294825739256 0.000458382705166842 0.00039877905888646996 0.00034420998507107625 0.00029731562749877054 0.0002591531044511236 0.00022976739568079512 0.0002086892329754029 0.00019673087709924325 0.00019695115890992827 0.00020953313629825122 0.00023445594012831572 0.00026687487633004554 0.0003057853507114291 0.00034964220931954623 0.00039548561752712075 0.0004268526478496623
0.0007872954366611541 0.0004045528023585328 0.0001934109110611637 8.897753538978192e-05 4.0972492601562866e-05 1.9811261998372905e-05 1.0702989460560388e-05 6.946074429078072e-06 5.676004590116894e-06 5.6987135209641896e-06 6.762567038706937e-06 8.989237032825557e-06 1.2811928461174764e-05 1.9147374170091637e-05 2.955784041626098e-05 4.6475214768500894e-05 7.358001395573422e-05 0.00011386927742817657 0.00016527366755294466 0.0002224879572041794 0.0002771997409210922 0.0003194925829026202 0.0003400842321443192 0.000334604550091033 0.00030505422077258134 0.00026698032668658116 0.00023338374752584476 0.0002055120635257003 0.00018373578402674536 0.00016799992581327015 0.00015812647008353576 0.00015405857556650724 0.00015686031067904956 0.00016880627327583663 0.00018683421386358508 0.0002105581850065247 0.00023957375996937338 0.0002728520370060559 0.0003084394541265009 0.0003295031810490971
0.0005458867799490652 0.00027236634664919813 0.00012706730539466853 5.685271336119315e-05 2.515721687886385e-05 1.1474265765334687e-05 5.779206740307301e-06 3.6156680564871e-06 3.097788031686263e-06 3.428389493910692e-06 4.399409551837327e-06 6.197800289039905e-06 9.245163354260393e-06 1.4304634890365084e-05 2.2628855103327198e-05 3.618678333556597e-05 5.7827392922787074e-05 8.789458925029046e-05 0.00012419746802275737 0.00016267418377093125 0.00019731377688184126 0.00022184952395678097 0.0002318888591249082 0.0002263833319266337 0.00020737364601946924 0.00018228739655814924 0.0001610533625437169 0.00014425631171919093 0.00013200419074016484 0.00012427626911711877 0.00012111281652113703 0.00012279122747421242 0.00012873891632196496 0.0001373276103245574 0.00015034756119662466 0.00016814183082316413 0.00019042667009046328 0.00021652247085773122 0.0002450933469029456 0.0002597071592835444
0.0004184866968899144 0.0002038227477663815 9.336511728066609e-05 4.098067806680014e-05 1.7598987934566162e-05 7.568058289585066e-06 3.3838964105894225e-06 1.8554350343419983e-06 1.779975029731207e-06 2.3250977116735227e-06 3.353525757110997e-06 5.118008558827177e-06 7.967772230997013e-06 1.2649171459931814e-05 2.0355475824388504e-05 3.291455144162844e-05 5.201786964444129e-05 7.669649768831605e-05 0.00010494872216205136 0.00013302264074466902 0.00015617289329692997 0.00017014839365658436 0.0001726649628761537 0.00016417537578559645 0.00014733850591420948 0.00012830582192137138 0.00011412942014830036 0.00010369424069082374 9.689752487701179e-05 9.378023904716784e-05 9.447451838715593e-05 9.79771200509163e-05 0.00010390112472195971 0.0001122893386433411 0.00012315339111927873 0.00013703382349491313 0.00015484477482001426 0.00017616337672373436 0.00019997661601922154 0.00021171310444938562
0.0003556045318981442 0.00017123977613708942 7.808046610985514e-05 3.4205400786322236e-05 1.4595144554127862e-05 6.150631587719771e-06 2.597831600031402e-06 1.1727875937457016e-06 1.4007891290717147e-06 2.055615026229972e-06 3.1599939232407326e-06 5.064631366774746e-06 8.249293510737052e-06 1.342309313447382e-05 2.1765644888760895e-05 3.5110602079672184e-05 5.366718323958808e-05 7.626906645530202e-05 0.00010045946701532922 0.00012248401404596954 0.00013832430218898407 0.0001450714362853354 0.00014204621776789473 0.00013070215914285293 0.00011386403992753436 9.654250592686905e-05 8.430095801030448e-05 7.694807125057587e-05 7.324072875641888e-05 7.20884962219781e-05 7.31636185892878e-05 7.649345825840059e-05 8.215504465895302e-05 9.025512234066479e-05 0.0001008959678636276 0.00011412566313218376 0.0001298732484511232 0.0001481779085313022 0.00016904427240550508 0.00018014986951353883
0.00033496085665234187 0.00015919423417238548 7.279625546887091e-05 3.2358886100608616e-05 1.4228422406531809e-05 6.352573908225849e-06 3.083169413981299e-06 1.91241396622104e-06 1.8779628432288546e-06 2.496621032432289e-06 3.746047594816293e-06 6.0103357839179565e-06 9.96576709997881e-06 1.6549107729714225e-05 2.7320704603624266e-05 4.3394368260616905e-05 6.38729309740935e-05 8.693671498638208e-05 0.00010954791651931808 0.00012769241934608316 0.0001378381954856926 0.00013835995111487293 0.0001298763675075603 0.00011478191324694669 9.630882679975197e-05 7.910123608928792e-05 6.710396845049502e-05 5.943825900922452e-05 5.555017040227e-05 5.450437997720585e-05 5.550352708559716e-05 5.858672926292173e-05 6.386182085433876e-05 7.148778700818982e-05 8.160758254538554e-05 9.436261701305744e-05 0.0001098917739778575 0.0001281314240184614 0.00014863768337866853 0.00016121019580241165
0.0003480544832778461 0.00016115541337946405 7.175081000421661e-05 3.267274147858239e-05 1.518735573556702e-05 7.566287147150868e-06 4.3218355404837384e-06 3.0959997673207e-06 2.9728978641113487e-06 3.6598157951236803e-06 5.2704465865044655e-06 8.343150092225276e-06 1.387847092574243e-05 2.3179453204130843e-05 3.8281931477557055e-05 5.9239028897151876e-05 8.464630744677494e-05 0.00011133771933421625 0.00013467188018105006 0.00014994508570554568 0.00015423280403461978 0.00014733292440093453 0.00013145865499582712 0.00011032247542790252 8.77843347512462e-05 6.860018835460984e-05 5.538577287698628e-05 4.6846431115524016e-05 4.2039547715845404e-05 4.0446172494115405e-05 4.130509159167884e-05 4.378091922857876e-05 4.8031489739809587e-05 5.430460984729362e-05 6.290124856729477e-05 7.416167740915581e-05 8.841904748722178e-05 0.00010591030429604074 0.00012663571160221023 0.0001435103053311524
