_RESULTS/CROSS_VALIDATION_POSTPROCESSED_80-20/MHZ/IZ/1comp/4/MHZ_IZ_z_90_kriged_reverse_1comp_spherical_4.asc
ncols 100
nrows 81
xllcorner 5.5967107548124995
yllcorner 50.982328804812504
cellsize 0.00017565037499993607
nodata_value 1.7014100000000001E+038
[rows 57 to 75 of 81, columns 43 to 85 of 100]
1.1745044015024326 1.165673067635972 1.1486874701182321 1.1196776059943934 1.0803831283183596 1.0344417561484909 0.9846244896525602 0.9338744605267651 0.8847971274463616 0.8391183170860202 0.8000182266881237 0.7673367689568062 0.7375867299976466 0.7101632113027392 0.6845072269136488 0.6602991018416233 0.6371896868969501 0.6190030238309563 0.609668841601654 0.607047403196783 0.6049105618799493 0.6027814982731154 0.6004511820266141 0.597701529205061 0.5943206954156433 0.590348801545862 0.5983120490936469 0.6326174429268226 0.6684560697196124 0.705452573944578 0.7423979503387307 0.7781575673147961 0.8115167691996191 0.8410141305691258 0.8655095719038098 0.8843581921601418 0.8974118801159339 0.904886710436598 0.9072004811167862 0.9048524026304636 0.8983579889826763 0.8882220260978652 0.8749300990504352
1.1324227893961658 1.1256241939639946 1.110740573540617 1.0894378076233198 1.0616877528501487 1.0271330641661909 0.9878280816417648 0.9461708073407809 0.9044561227945558 0.8642659288904363 0.8260245575674906 0.7912894552744082 0.7577356158892007 0.7257326593322436 0.6954103682655134 0.6666697011152948 0.641204551477809 0.6233468655062411 0.6138674648450371 0.6089859605790994 0.6048016806321057 0.6009173959019771 0.5971381875848173 0.593312854290694 0.5894979695571186 0.5870571639777337 0.5963387447261399 0.624426579391152 0.6587635788726697 0.6952668976048686 0.7320647207646065 0.7674686784698184 0.7999953977175477 0.8290920056604253 0.8537861882260047 0.8733632925356059 0.8874788165674201 0.8961105380140247 0.8994718719278556 0.8979267601345905 0.891925255239906 0.8819608333510637 0.8688260851624887
1.081327371524364 1.0788196726725106 1.0694291089570742 1.0563797870442677 1.0391802013692544 1.0148992883639503 0.9850041779467845 0.951689035232655 0.9170749106937607 0.8827230617569783 0.8469587857988924 0.8095985856801418 0.7726342926125702 0.7368472495932612 0.7026214073509961 0.6709422362308956 0.6463584886891001 0.6296003940862012 0.6191354174527174 0.6114967640587579 0.6056935568680331 0.6006787441699133 0.5964004421512293 0.5930126208433509 0.5912393575634014 0.5933424459821162 0.6043597924153761 0.6266663905365735 0.6571503228658937 0.691603446816154 0.7274012084770869 0.7625424927334196 0.7952077848212156 0.8238501931129559 0.848326768859376 0.8680835152228589 0.8826332978614531 0.8917844503487917 0.8955969069646895 0.8943243357131935 0.8883572229462393 0.8785345249945203 0.865861945263616
1.024166058033266 1.0283212664994477 1.028152827393913 1.0234002100684383 1.0145750574761618 0.9996471109150924 0.9782428354907076 0.9525367502674085 0.9245613214520582 0.8954989478196076 0.861583711222918 0.8217824512589942 0.7819628504463451 0.7430745854683661 0.7062000514063633 0.6757757939259406 0.6529341513371483 0.6375881450699503 0.625179019816103 0.6147310350863328 0.6071644980590378 0.6013826737572731 0.5970990446093888 0.5945871141356838 0.5946740732216538 0.5996857464806468 0.611710126106553 0.6324222213742131 0.6603782465179797 0.692890764395443 0.7275482368817382 0.7622671671049819 0.7951461824025776 0.8244197147752517 0.8486825299577339 0.8682156193713751 0.8827109536347639 0.8918482315745009 0.8955732763077503 0.8941082294283941 0.8882637660035162 0.8787239931274539 0.8661404772214566
0.9647796582032448 0.979070926199796 0.9883414111974709 0.9916664543508023 0.989441964951779 0.982218845754903 0.9681203680706133 0.9491364277764721 0.9269429931431937 0.9015325143805378 0.8688180737268746 0.8274694679244534 0.7853918952947356 0.7446946579610847 0.7097686222151696 0.6818041261027785 0.6612588895918144 0.6451845144135419 0.6309466219289748 0.6187122963272338 0.6092833974100601 0.6024045374914702 0.5979373846826451 0.5960694155712999 0.5980264770628111 0.6050233864211546 0.6183979783093672 0.6391106076947556 0.6660628972115928 0.6974865850551384 0.7314176571945346 0.7659035180300547 0.7990454179890522 0.8290253116502391 0.8541664653060763 0.8733984067122338 0.8874656915083606 0.8961586420392526 0.8996269308151781 0.8981994318185965 0.8923287567301501 0.8826043124715389 0.869690764030006
0.9085188460650496 0.9326699612572407 0.9512445407286994 0.9620890154991463 0.9651668413434329 0.9630907543544424 0.954921535637139 0.9416523991221911 0.9234239208544014 0.9005579196199178 0.8684009949153434 0.826369731961298 0.7839414821551951 0.7463220536401227 0.7145969163629068 0.689518686559861 0.6695183012171594 0.6515156318098211 0.635721085914009 0.6223799914519077 0.6116723352936523 0.6036567848434757 0.5985614753246945 0.5971495613487449 0.6005537224715987 0.6092111070748149 0.6244076243770891 0.6459272099229164 0.6729598299634355 0.7042026118936765 0.7380437647636209 0.7727101606458354 0.806355284292262 0.8371307781782337 0.8632740105841599 0.8833051115620265 0.8970226561670023 0.9055261217175959 0.9087701555011923 0.9069677892501423 0.9005659271075488 0.8901734305692892 0.8764885464399923
0.8564479830476649 0.8895159785985911 0.9175739484528633 0.9354200423627792 0.9415131456533913 0.9419085995621175 0.9383911725918096 0.9292379288674326 0.9143796865214281 0.8923004270878686 0.8605964220963729 0.8213834078674968 0.7832658650856985 0.7495559607330731 0.7213279396389376 0.6975860317438934 0.6757145598048466 0.6560328123395371 0.6388820916896014 0.6245818739787454 0.6133896249695978 0.6045154878811925 0.5988728583001309 0.5982077293930019 0.6026812950429211 0.6133171537633539 0.6301655742010771 0.6528485644361531 0.6806362063978297 0.7124362723850086 0.7468527894166985 0.7822640281275076 0.816899078010535 0.8489218170022862 0.876536098193285 0.8981138149184702 0.9123942597440916 0.9204678366533834 0.9230617335497586 0.9203900195140495 0.9129374685488604 0.9013709469316601 0.8864901126375663
0.808215777560947 0.8480102739212488 0.886159488564916 0.9117089354226624 0.9161022683096811 0.9173465226572444 0.9175841366114589 0.911723634067061 0.8995568830752756 0.879263216842228 0.8520327343343589 0.8182856799841444 0.7847362188376104 0.7551448015924819 0.7283496323405729 0.7029368905937848 0.6794108864145971 0.6582331899748307 0.6398360500344197 0.6246244609257282 0.6129446592107907 0.6040604227566687 0.5988658018197497 0.5988974309548735 0.6052732624870322 0.6179387230911173 0.6366072073430814 0.6608321710507951 0.6899290928303871 0.7229327937673508 0.7585927721642589 0.7953956582402287 0.8316091979764619 0.8653543652344458 0.8947170906179848 0.9179026794986009 0.9334152863468541 0.940948162403203 0.9424681490481963 0.9384079015508761 0.9293491639269649 0.9160683382536603 0.8999042308910096
0.7629184390691006 0.8045721266018192 0.8459896554021838 0.8758242823468803 0.8824731808707678 0.8878625986962874 0.8931771236051166 0.8933706994922861 0.8856178760085212 0.8695821617866601 0.846576664851815 0.8178574707345456 0.7887387730479405 0.760041645973812 0.731967490423907 0.7051606973403285 0.6802113119710145 0.6576768785505626 0.6380950739105702 0.6219787968320437 0.6097675092649204 0.6011877154497658 0.5976463393889724 0.5999868099992223 0.6084105127821983 0.6231749696952685 0.6438839603073698 0.6700303199138506 0.7009452833650092 0.7357379089177712 0.7732522479666479 0.8120463186480356 0.8503980573339167 0.8863517343946645 0.917825557768266 0.9427953962021076 0.9595394729481066 0.966961024467102 0.9669468307156034 0.9609152600395785 0.9496305114813821 0.9340479855002946 0.9167727129152999
0.7262666013070889 0.7637140650321456 0.8000544693058251 0.828821484095221 0.8474889880620204 0.8623394907212445 0.8753414900222594 0.8807584552727411 0.8768918050477682 0.8647700802179159 0.8454885461112591 0.8189227755674834 0.7901299947195803 0.7608856699850749 0.7319741808398914 0.7041077965114373 0.677954139605171 0.6541647227216187 0.6333954036575121 0.6163025299331848 0.603463555429609 0.5959941548393894 0.5950156562170917 0.6004175601411583 0.6119254874576451 0.629191006261154 0.6521778458058786 0.6805694992883266 0.7137073822877956 0.7507604811396993 0.7906520309814998 0.8319996217392291 0.8730771604472635 0.9118187902190241 0.9459033894855031 0.9729664397027915 0.9909475497831505 0.9984768992533397 0.9964261868205935 0.9877224435506418 0.9734935992584258 0.9554222898966855 0.9362326334726639
0.7059427154036574 0.7382345534787369 0.7700799876616762 0.7989952712022557 0.8242032104604332 0.8470588596939045 0.8655361004301224 0.8746333605259954 0.8739442483083173 0.8634117838240937 0.8435338151631431 0.8157126205488298 0.7869245695610172 0.7576915526020015 0.7284052941337963 0.6998295447545679 0.6726904401642093 0.6477181256086447 0.625689361255716 0.6077063781533535 0.595121606222233 0.5893848427935269 0.5908718462911747 0.5993628822220725 0.6143421229606829 0.6352258508373244 0.6614868176096165 0.6926462067160916 0.7283003574327974 0.767950641183799 0.8106207356668638 0.8550070131887615 0.8993956106302906 0.9415982496002698 0.9789704902383493 1.0086245042280793 1.0279363899562088 1.0352299304817147 1.0307549938966019 1.018401163519809 0.9997862863277911 0.978154386860205 0.955631183364657
0.7010220271749528 0.7294599774613224 0.7586632424070655 0.7874913609592348 0.8156935067632737 0.8411470708744416 0.8608140174635545 0.8705368717212475 0.8695364982026124 0.8582270217697752 0.8371819293648556 0.8085598374701799 0.7794084172480013 0.7506201870678373 0.7214524510210151 0.6925602827283278 0.6647510126664307 0.6390307954102367 0.6163979298060537 0.5980340869225363 0.5856583511487772 0.5811935748802274 0.5850857092873798 0.5968698895901303 0.6155563739339047 0.6402117592916396 0.6701587272461457 0.7049014375632728 0.7439848910740472 0.7868633817924477 0.8327810791594944 0.8806486952148594 0.9288986681777445 0.9753139959248586 1.0168820150045637 1.0498786352911231 1.0705688436278742 1.0765688070579116 1.0679625198296834 1.0494661674705317 1.0256957967549192 1.000038138383372 0.9739525853482534
0.7038863011200918 0.7297421632683778 0.7574233263531652 0.7859736092095815 0.8132843431856286 0.8373008500525683 0.8556839265308442 0.8640854054615843 0.8618895280032888 0.8493643862387492 0.8270188053954627 0.7982476194942386 0.7691684404398537 0.7404779835134853 0.7122146852859252 0.6839851201493209 0.6565515126136102 0.6307416857721037 0.607511120685857 0.5881572185981259 0.575124619544903 0.5712712410732534 0.5777313507797073 0.5933409699550516 0.6160922111591296 0.6445912247516691 0.6780942357866179 0.7161791264360533 0.7585043617522943 0.8046552255671601 0.8540251465903523 0.9056918044236574 0.9582482648224231 1.0095362619372146 1.0562369520517019 1.0934900670698164 1.1155359559341784 1.1186869105377533 1.1039572189844813 1.0786519607876723 1.0497737712844821 1.0197778542800313 0.9901168775189071
0.7130825428476295 0.7369523739072595 0.7623976069589979 0.7880113385104841 0.8130507667515403 0.8351677039904992 0.8516773798911002 0.858173261088244 0.8542263587416418 0.8400602816297534 0.8162240286340059 0.7881038591661791 0.7595982566713725 0.7312419690033735 0.7034894594073273 0.6764217628368278 0.6497382908146023 0.6240959232984195 0.6002666763803469 0.579347996451822 0.5640446339202163 0.5595400612624115 0.5694075194343529 0.5899257570047026 0.617023776419657 0.6491290852188927 0.6857193701597541 0.7265771976596463 0.7715221344978546 0.8202875661067067 0.8724348284367557 0.9272615216175777 0.9836625112233379 1.039856269730164 1.092752074521138 1.1365306343379142 1.1613588121585563 1.1596866874090983 1.1367395708431867 1.1043707475550226 1.0699559670625498 1.0357687606815325 1.0029119654940633
0.7272585747386804 0.7474779399392484 0.7693212709426278 0.7919042187510996 0.8145323337924014 0.8346364202292585 0.8487577622581606 0.8529448333172336 0.8469596908844474 0.8309852415494876 0.8063168104881782 0.7793263638702366 0.7517597677504702 0.7241465872600578 0.6969317669575755 0.6704871274681162 0.6450136844285884 0.6202016349415849 0.5964527956891205 0.5742207172037569 0.5549613488150301 0.5460001049636269 0.5628179808009341 0.5892205543409599 0.6200185984880033 0.6547834591643872 0.693501635463731 0.7361860161184197 0.7827860291442383 0.8331402498407543 0.8869354928919313 0.9436613123096672 1.0025454075358018 1.0624240268920848 1.1213527597989026 1.174880503493401 1.2073856264129668 1.196701980268313 1.1626763890246985 1.122832529592408 1.0836590543627689 1.04627778434758 1.0111531407813246
0.741860861643046 0.758611950019222 0.7772401194627907 0.7969964118062016 0.8172517404240415 0.8353852494154811 0.8466145559820276 0.8482166203440212 0.8399856220938912 0.8220832708227716 0.7978633030133029 0.7722847035673245 0.7459998358980074 0.7195355790477979 0.6933407439002871 0.6677937647905758 0.6432122085789831 0.6198648466452137 0.5977171136174807 0.5764195660325012 0.557447664580326 0.5478527348200954 0.5670159637986022 0.5948137866225207 0.6266444785315787 0.6622701908039584 0.7017080149810945 0.7449686878750077 0.7919942986308262 0.8426229252598998 0.8965591791118854 0.9533474717073543 1.0123485249345223 1.0727208242829795 1.133409191659255 1.1934067936403374 1.2522765385641603 1.215843350577903 1.1730411322778083 1.1295641664858547 1.088458389648419 1.0498828161748843 1.0139466975050306
0.7559445465498231 0.7697337824283903 0.7855314409008536 0.8027035797560724 0.8207137963210771 0.8366477542653812 0.8447593362611795 0.8436156538404828 0.833016856305462 0.813682475056794 0.7911345723286566 0.767216589308495 0.7425240291921553 0.7175867913322022 0.692872902929198 0.6687988386646043 0.645748936996753 0.6241138120075596 0.6042943199393573 0.5862136366567768 0.5729797884139558 0.5705638514979847 0.5834122523911596 0.6070572027279314 0.6369615565761542 0.6715120947731874 0.7101634167579917 0.7526591173007966 0.7987819035508855 0.8482504640470462 0.9006579720869412 0.9554185467622495 1.0116988324232876 1.0684285948747696 1.1243156177090448 1.175295693777126 1.2063983755918488 1.195877845796651 1.162023758359058 1.1223842265436708 1.0833354338581571 1.0460332206382859 1.010962987792347
0.7690429280902386 0.7803361269132169 0.7936729777705537 0.8085209170889356 0.8244312398398281 0.8376502344409729 0.8425867992870534 0.8386333530145845 0.8256237265446843 0.8069502408836098 0.7862790320928887 0.7642352554000773 0.7414021531137697 0.7183170437804404 0.6954762509525567 0.6733502629201636 0.6524143570547895 0.633208472759759 0.6158745848446242 0.6009169344270151 0.5915255683925863 0.591528256272507 0.602278328161651 0.6223401923343223 0.6492967210861166 0.6815478185394414 0.718212273759402 0.7587541301632679 0.8027399201227676 0.8496989965066198 0.8990976098364722 0.9503233448839246 1.0024018131231545 1.0537815748643922 1.1017093437028214 1.1408514539496952 1.1621380381855573 1.1588671611880106 1.1357237748501998 1.1036073917549598 1.069373927727399 1.0353157466205969 1.0025535828276133
0.7808060808650845 0.790018175658515 0.8012379881774975 0.8140225100162869 0.8278049440759213 0.8376315979962558 0.839416834379237 0.832668590852227 0.8187236839301738 0.8019997268031943 0.7833427161245928 0.7633490683992834 0.7425911711944382 0.721614060219987 0.7009415684941428 0.6810938648929648 0.6626209356212006 0.6458842174182936 0.6308665342761801 0.6185635717790451 0.61128335779544 0.6119944509284329 0.6212449309487399 0.638433189047851 0.6623063399106243 0.6916602843722486 0.7255869166005019 0.7634112193312972 0.8045636291955417 0.8484668102574481 0.8944349316509451 0.9415617277485813 0.9885621738530528 1.0335173774587723 1.0734833939353572 1.1041414326669698 1.1204484237957428 1.1194626702207402 1.1028455453487451 1.0777202763776343 1.0490225482267765 1.0191721286280941 0.9896266357193919
