_RESULTS/CROSS_VALIDATION_POSTPROCESSED/Berg/TZ/2comp/4/Berg_TZ_z_90_kriged_reverse_2comp_spherical_4.asc
ncols 100
nrows 90
xllcorner  5.6208707817415728
yllcorner 50.959635321741573
cellsize 0.00013419651685393446
nodata_value 1.7014100000000001E+038
[rows 0 to 18 of 90, columns 43 to 85 of 100]
1.8550178699563122 1.8865073906644807 1.9193997542179695 1.9534454188447272 1.988449804111026 2.02420288960923 2.032322216686294 1.9964313233565532 1.9612397321631958 1.9269610060276405 1.8937931391535334 1.8619192917178131 1.8312880274265784 1.8002665717719666 1.769286007873615 1.7392508621401865 1.7109615674601852 1.6851086531121298 1.6622698861719527 1.6429099501941415 1.627382309257416 1.6159329608488915 1.6087057949223185 1.605749238629752 1.6070237929400784 1.6114067377613 1.6163922509549202 1.6214179758237315 1.6259216117858206 1.6292793171708408 1.6308219871786829 1.630854052202556 1.630854052202556 1.630854052202556 1.630854052202556 1.630854052202556 1.630854052202556 1.630854052202556 1.630854052202556 1.630854052202556 1.630854052202556 1.630854052202556 1.630854052202556
1.8530206418940525 1.8834229029234268 1.9149444807267848 1.9470893835399694 1.978414256658196 2.004133293524431 2.0077179377102548 1.9850109253107275 1.9542881994066814 1.9221066878163484 1.8901481408423713 1.8573752057882746 1.8227360055917894 1.7874485153464459 1.752605239163205 1.7191764440837451 1.6880105968030308 1.6598333212741938 1.635247016158524 1.614731829495546 1.5986482376435291 1.5872413304442028 1.580646801424986 1.5788984885318027 1.5819371093966157 1.5885629426459986 1.5963181396701724 1.60461296040024 1.6128327697769014 1.6202962335559061 1.626272445237901 1.6299989741013357 1.630854052202556 1.630854052202556 1.630854052202556 1.630854052202556 1.630854052202556 1.630854052202556 1.630854052202556 1.630854052202556 1.630854052202556 1.630854052202556 1.630854052202556
1.8466241572117303 1.8746912859157658 1.9030238114843643 1.9305487362372082 1.955022959302456 1.971652822288126 1.9735641651137816 1.9596920154794337 1.9362729350615215 1.908606812169068 1.8762937223668512 1.840136842361968 1.8019448577494097 1.7631894293844572 1.7251223738360237 1.6888227655280628 1.6552168992749794 1.6250874771456592 1.5990785904699216 1.5776993879829542 1.561327936605178 1.5502162215226658 1.5444968805158854 1.5441918823008034 1.5492229088387426 1.5581760605345654 1.5687753305207706 1.5804206571944985 1.5924426527705502 1.6041012644081594 1.6146038517968715 1.6231237295394982 1.6288192389556477 1.630854052202556 1.630854052202556 1.630854052202556 1.630854052202556 1.630854052202556 1.630854052202556 1.630854052202556 1.630854052202556 1.630854052202556 1.630854052202556
1.8365590040475013 1.861534179851771 1.885922625141627 1.908412659588193 1.9268581637461428 1.9381785320305385 1.939403018881759 1.929857473542516 1.9118296900991216 1.8846447450172517 1.8503424500691388 1.8116446074644788 1.7706546556522786 1.7290728520198628 1.688318837926018 1.6495959061252432 1.6139245666877184 1.5821604440262746 1.555004122395427 1.5330070313066275 1.5165759649215271 1.505978168704007 1.5013484218745354 1.5026988807661772 1.509930703271211 1.5212532185569438 1.5347645523600386 1.5498290720107328 1.5657189236853122 1.5816333583781255 1.596717835088621 1.6100828920503099 1.6208230772341015 1.6280363322156013 1.630844173809075 1.630854052202556 1.630854052202556 1.630854052202556 1.630854052202556 1.630854052202556 1.630854052202556 1.630854052202556 1.630854052202556
1.8237892211872757 1.8453941319797158 1.8658116119474533 1.8838065671359934 1.8977102250188445 1.90562216740441 1.9061026322091237 1.898796067153916 1.88026635320956 1.8513733631294396 1.8151666777952986 1.7742883069136028 1.7309416929810277 1.686966368872345 1.6439135503465423 1.6031000235198052 1.5656424924714616 1.5324781349051966 1.5043759962852292 1.4819427224724542 1.4656256848105897 1.4557164135024125 1.4523568800579396 1.4555502215104055 1.4651099887571943 1.4788509394111435 1.4953435050608217 1.5138902018709457 1.5336993267029193 1.5539065972411072 1.5735952517236182 1.5918148998146202 1.6075998147298523 1.6199874302476325 1.628037664918253 1.630854052202556 1.630854052202556 1.630854052202556 1.630854052202556 1.630854052202556 1.630854052202556 1.630854052202556 1.630854052202556
1.80927883009863 1.8275524160405656 1.8443134528527816 1.858530979747312 1.8689937948775093 1.8745147736043484 1.8743072086039325 1.8644947951783803 1.8429863569462475 1.8118019179495313 1.7734922005762834 1.7304975047042088 1.6849909743702418 1.63886296726099 1.5937460061644475 1.5510462975552448 1.511969656132544 1.4775387584784927 1.4486019103522398 1.4258350559253163 1.4097400599982801 1.4006433554542757 1.3986992217894967 1.403900700300362 1.415808767967303 1.432051068900638 1.451604281160074 1.4736983462780926 1.4974703089672203 1.5219886955063748 1.5462743205260985 1.5693184389363364 1.5900996081528924 1.6076005700059546 1.6208261330934572 1.6288226224240456 1.630854052202556 1.630854052202556 1.630854052202556 1.630854052202556 1.630854052202556 1.630854052202556 1.630854052202556
1.7938634452990383 1.8090026790908313 1.8225141204936588 1.8335844309180223 1.8413510800419086 1.8450525517149847 1.8421272039513155 1.827417608340591 1.802212619362935 1.768345169262878 1.727712904840644 1.6825471065061104 1.6349328127284943 1.5867518340083524 1.5396745742047482 1.4951713152310022 1.4545274133710753 1.4188542260398536 1.3890919671546067 1.3660039955286891 1.3501653796721236 1.341951685694795 1.3415353915872397 1.3488957150008725 1.3630887683977693 1.3819421592763181 1.4046562601803418 1.4303734850904672 1.458150022880885 1.4869830847982521 1.5158315700386358 1.543632286051917 1.5693141722941684 1.5918125836145367 1.6100850249330556 1.6231290629967772 1.630002599227608 1.630854052202556 1.630854052202556 1.630854052202556 1.630854052202556 1.630854052202556 1.630854052202556
1.7782130747291502 1.790469536571019 1.8011206395609163 1.8095417936273566 1.8151198502200458 1.8168865573850013 1.808530327622174 1.7890288702362152 1.7598949651390448 1.7229813934324933 1.679888230110603 1.6324857421211254 1.5827544437874481 1.53253491361735 1.4835045448980015 1.4371767333722558 1.3949083556234954 1.3579049725906192 1.327216471373215 1.3037198112451394 1.2880912068067252 1.2807767846941966 1.2819752422777162 1.2916203446852281 1.3079926230013184 1.3296084728220516 1.3556164463645046 1.385051276953809 1.416876788376698 1.4500152522363772 1.4833659782926774 1.5158175053878729 1.5462574489754966 1.5735829571160087 1.596713529811521 1.614606971140693 1.6262785437775373 1.6308229523515139 1.630854052202556 1.630854052202556 1.630854052202556 1.630854052202556 1.630854052202556
1.762843071632935 1.772469556934844 1.7805972733477937 1.7867532294382593 1.7905004873219679 1.788219537942861 1.7745725376982053 1.7505395143579474 1.717577070836703 1.677416593345859 1.6317918642238305 1.5821299622287208 1.5302673938482496 1.4779861921110067 1.4269491149701876 1.3786956487150268 1.3346478832144135 1.2961142381942343 1.264279664677481 1.2401740819093523 1.2246190582441383 1.2181662165761291 1.221053032716415 1.23284505173118 1.251539608215427 1.2761294357133772 1.3056095651950428 1.3388812061314999 1.3748037976644867 1.4122235782792416 1.4499862474007823 1.4869418252811735 1.5219478438891496 1.5538746280352056 1.5816145196662998 1.6040956048605737 1.6202997122552107 1.6292840183545674 1.630854052202556 1.630854052202556 1.630854052202556 1.630854052202556 1.630854052202556
1.7481411628072356 1.7553694936277615 1.761255559688452 1.765444320779474 1.767188316634244 1.7596538085309346 1.741223970944496 1.7130261732432543 1.6764776716416179 1.6332088366396227 1.5849609100547695 1.5330838685344694 1.479107110070281 1.4247423226419402 1.371619213500345 1.3212860413656051 1.275221803479603 1.2348468196202438 1.2015145395029059 1.1764664737570172 1.160741585191789 1.1550572757411495 1.159702849805776 1.1734196434907453 1.1947354546306779 1.2225935622962436 1.2557806432657486 1.2930341149009321 1.3331001632889017 1.3747541427814516 1.4168004645464267 1.4580654824984247 1.4973914732146099 1.5336356133176354 1.5656752850168894 1.5924196414089375 1.612826662061278 1.6259246214315317 1.6308368069196981 1.630854052202556 1.630854052202556 1.630854052202556 1.630854052202556
1.7343949968122319 1.7394305399202097 1.7433098870107597 1.745768292889739 1.7442849225022115 1.732026294095638 1.7093621758518844 1.6774453451028004 1.6376583105812736 1.5915492031413396 1.54075807634399 1.486763980019625 1.4307472283210636 1.3743121502367044 1.3190347382413845 1.2664485299049562 1.218071770135298 1.1754379963730894 1.1401060025207015 1.1136126688587682 1.097333932241636 1.092262746612727 1.0984077922831892 1.1142310812266936 1.1386038713788813 1.1701328382457754 1.2073230169727995 1.2487194052472244 1.292957042342039 1.3387576925170037 1.3849064241588134 1.4302271601554355 1.473565448752597 1.5137808500023473 1.5497487246773425 1.580370215548979 1.604588898867248 1.6214125478366976 1.6299385387448355 1.630854052202556 1.630854052202556 1.630854052202556 1.630854052202556
1.7218151008676674 1.7248396911540467 1.7269119712719483 1.7278352259078977 1.7224150636030282 1.7060800622846004 1.6797665818058023 1.644638095118954 1.6020417673099103 1.5534523253483206 1.5004107910966857 1.4444204676734926 1.3865167532518923 1.3280937703563427 1.2706479249185383 1.2156630222411142 1.1646593649778214 1.1192611756326396 1.0812562044150325 1.0525850163084012 1.0351606467653238 1.0303678040843551 1.0377038114464083 1.056189635435884 1.0842540631219417 1.1199861385004777 1.1615237385071768 1.2072096655446962 1.2555950389764998 1.3053850732563195 1.355379692029371 1.4044279783145717 1.4513998982644576 1.495173486544483 1.5346345945461424 1.5686864812211616 1.5962669211986469 1.6163708454481511 1.6280768090612998 1.630854052202556 1.630854052202556 1.630854052202556 1.630854052202556
1.7105530736810266 1.7117321680357733 1.7121734407646088 1.7113820940418578 1.7022076459387854 1.6824608932779066 1.6531145543202193 1.6153312345273607 1.5704207633679923 1.519789212133884 1.4648854464397665 1.4071505852034067 1.3476118351016313 1.2873882063841682 1.2278667828452423 1.1704338479341039 1.116545827320179 1.0678462807863462 1.0263204796465788 0.9944155488946758 0.9748940451190321 0.9693935298862446 0.9782919857836504 1.0003410988195667 1.033010684534274 1.073601304660143 1.1198233425325268 1.1698647431838365 1.2222649298598542 1.2757750543476327 1.3292553753717102 1.3816110910381163 1.4317573520817255 1.4786049294247054 1.5210605192899809 1.5580376278261003 1.5884751732600086 1.6113616159514776 1.625762830459402 1.6308522301455064 1.630854052202556 1.630854052202556 1.630854052202556
1.7036665665891366 1.7019452853487076 1.6998562388059486 1.696472068956933 1.6841933579867363 1.661715498467598 1.6299789991178544 1.5901372220602399 1.5434614680128647 1.4912933796480898 1.4349963347137733 1.375911324773391 1.3150957540887231 1.253398504362752 1.1920618508572611 1.1323223156113413 1.0754803240131228 1.023056281600174 0.9770683769739194 0.9404413796627613 0.9167055116775411 0.9096814163837064 0.9209972743793416 0.9481237126049931 0.9866491874317191 1.0327757925966468 1.0838717859703777 1.1381365489947102 1.1942283164534857 1.2510264495052124 1.3074992100436584 1.3626347281491649 1.4154085583837557 1.464773338084644 1.5096627652002987 1.549005485583842 1.5817460935443741 1.6068712001878742 1.6234389028748883 1.6306102466806391 1.630854052202556 1.630854052202556 1.630854052202556
1.704268205630092 1.6995454741585967 1.6943521684541996 1.6869986834136905 1.6702418865102986 1.644457370858994 1.6108274638788749 1.5695538595801461 1.5217042318758403 1.4685615596694883 1.4114127391044913 1.3515068737371643 1.2898832040850878 1.2272042053614776 1.1645353669917535 1.1029289655672756 1.0434432354296146 0.9872852782381489 0.9361357918935884 0.8924084049859085 0.86136844365089 0.851569184861859 0.8671914850533168 0.9019703561395728 0.9477701851132219 0.9997881352232727 1.0555291899844497 1.1135214796828214 1.1727009977821163 1.2321468385052416 1.2909650845164757 1.348237977144021 1.4030048930486099 1.454261014000944 1.5009672568455825 1.5420681536263776 1.5765156244377287 1.6032970594458522 1.6214663181769489 1.6301763952513915 1.630854052202556 1.630854052202556 1.630854052202556
1.7120625400963314 1.7044016388077214 1.6961488133196736 1.685045052042463 1.6641888537508178 1.634400718699445 1.5971524490270603 1.5539744245021017 1.5054302455486313 1.4516825848226262 1.3941853581609684 1.3341779233709907 1.2725734575487466 1.2097075120140175 1.146436274865093 1.0837772750683112 1.0225328966552978 0.9634468378934267 0.9069534574357885 0.854653006733522 0.8116957653149668 0.7953684989712698 0.820501434797493 0.8665960339917961 0.9201565154499788 0.9773438634765559 1.0367161876079063 1.097421631674385 1.158746847609603 1.2199760529581847 1.2803404810936136 1.3390014193683 1.3950492419794438 1.447512136409284 1.4953718998368934 1.5375854119206773 1.5731107281548042 1.6009367496037943 1.6201153708780562 1.6297950157956924 1.630854052202556 1.630854052202556 1.630854052202556
1.7268356571122996 1.716273617528339 1.7049673944328356 1.690446723082567 1.6655937195492385 1.6302019862291053 1.5866529334645902 1.5373915096172477 1.4846145682559109 1.4297953775852164 1.372618181619959 1.313959536730584 1.2545676716975371 1.1945682786997827 1.1343271370739938 1.0741467263727615 1.0139874618721827 0.9536138842182172 0.894236549897853 0.836562712560658 0.7810012689151392 0.7429095799394752 0.794037260255504 0.8501665674786407 0.9082764601324708 0.9680128956754998 1.0290297092890783 1.0909067910518477 1.1531320436517256 1.215095309472326 1.2760881280775627 1.3353082881682536 1.3918690722099487 1.44481324585925 1.493131759086842 1.5357869242876858 1.5717395739212052 1.5999794375524228 1.6195577891902557 1.629621353702454 1.630854052202556 1.630854052202556 1.630854052202556
1.748471936689449 1.7350098860538163 1.7193043098260208 1.6969981208391094 1.6626691403969724 1.6187511770993888 1.5680597913645629 1.5131643990362522 1.4562930446992666 1.3992830188353502 1.3432687440404807 1.2872586189052402 1.231475654080304 1.1758809271030437 1.1205406889046543 1.0652885087391035 1.010123423251037 0.9550698289271643 0.9003188503326807 0.8466907397886803 0.7993099969268805 0.7791239644051453 0.809443331934976 0.8593093181805977 0.9147999641071486 0.973109641213652 1.033217606977608 1.094451524913693 1.1561846884295937 1.2177476406582581 1.2783983581675187 1.3373144283166964 1.3935965011303846 1.4462793213250698 1.4943488083081726 1.536764287513649 1.5724850596894233 1.6005003883514324 1.6198618729193826 1.6297171520627443 1.630854052202556 1.630854052202556 1.630854052202556
1.7762956202920077 1.7546044867331037 1.7273108614535477 1.6944851813364328 1.6508989672095935 1.5990438449700777 1.5419439290654182 1.4822679942808206 1.422251172441629 1.3636681569575748 1.3078467534098739 1.2552787594172974 1.2041020412397208 1.1537335520973961 1.1041986977936138 1.0555317738413748 1.007792574680198 0.9612368858650161 0.9166584201161362 0.8762090037704925 0.8453327451153391 0.8346640100583755 0.8522884436808184 0.8900370934950872 0.9381924313457962 0.9918954498932391 1.048864800209355 1.107794397251579 1.167724899366549 1.2278002323243353 1.287167386663961 1.3449349906192818 1.4001596738958693 1.451847874390712 1.4989676542728496 1.5404677612630102 1.5753021780409326 1.6024587434618154 1.6209905466910781 1.6300488948586132 1.630854052202556 1.630854052202556 1.630854052202556
