_RESULTS/CROSS_VALIDATION_POSTPROCESSED/MHZ/GZ/3comp/4/MHZ_GZ_z_1000_kriged_reverse_3comp_spherical_4.asc
ncols 100
nrows 74
xllcorner 5.5967023332191781
yllcorner 50.982320383219182
cellsize 0.00019249356164376555
nodata_value 1.7014100000000001E+038
[rows 36 to 53 of 74, columns 0 to 39 of 100]
0.00036016441888567886 0.00034739713237067724 0.00033687612671948306 0.0003295402579184453 0.0003263938637227115 0.0003440021402660639 0.00039217881300740497 0.0004776067691016348 0.0005968091912201578 0.0006937749144406556 0.0007391261629639406 0.0007126691322236864 0.0006296577241490651 0.0005110799439113752 0.0003802071376599309 0.0002578174524606474 0.00015907764958642055 9.55586037341511e-05 5.6916386442176946e-05 3.375705735057781e-05 2.025957828251729e-05 1.2820278679593168e-05 9.573676327643285e-06 1.102643033265763e-05 2.2891629063729633e-05 6.597050419725302e-05 0.0002140692700489386 0.0007151439994807683 0.002362293710586405 0.007304498980341988 0.017800055749091437 0.02810482901125733 0.028422383593477752 0.02044772603038184 0.012232820435038861 0.006723523456440038 0.0035995379935979464 0.001956954510113092 0.0011197050450138918 0.0007024724184998216
0.0003134581766368556 0.00029614957637541577 0.0002826006579208022 0.0002734581043394315 0.0002768446677470923 0.00030832649985986654 0.0003742681644978189 0.0004888506754519255 0.0006560172466079087 0.0008192532590442689 0.0009367898182411372 0.0009701437012509915 0.0009005502319433872 0.0007589777081328503 0.0005713835838319668 0.00038040167437009665 0.00022535576665612338 0.00012566417817036482 6.774892741969104e-05 3.5318158277406416e-05 1.792053272326279e-05 8.976816225658509e-06 4.624635310258299e-06 3.7824917064142906e-06 1.0136354549085263e-05 3.23979465387658e-05 0.00010338548342287278 0.0003201630816534593 0.0009334063265289686 0.0024888402410598543 0.005324116496054006 0.008140447226811615 0.009067413720357968 0.007761631028834611 0.005566249674232469 0.003626105180713799 0.0022834295187935203 0.0014590020715863053 0.0009782524289880222 0.0007056276156894649
0.0002591338715274958 0.00023938326300448583 0.0002244453289638308 0.00021588488268102005 0.00022806867680042338 0.00026772457795867837 0.00034555723932343084 0.00048404846181746025 0.0007023729853627295 0.0009552232128994054 0.001196126323195339 0.0013584290827837581 0.001375123629523915 0.0012302983815247572 0.0009757600989019877 0.0006692225358377047 0.00039202369116552035 0.00020748401674728885 0.00010409935675655249 4.9674959918535304e-05 2.281633426524783e-05 1.030682708895427e-05 4.836624576019097e-06 3.6455172832014094e-06 8.178062828536722e-06 2.2339606547328013e-05 6.148779637136976e-05 0.00016308447476672138 0.0004068567209062862 0.000910873718096761 0.0017235991926638392 0.002545747663390012 0.002983739389226068 0.002849530608219488 0.0023398096780110618 0.001754952280076667 0.0012711220545280043 0.0009316458310670785 0.0006998391084665139 0.0005644983083152391
0.00020468656149415687 0.0001844827923748907 0.00016962696217743747 0.000165194291880156 0.00018152138300639784 0.00022381305594628174 0.00030649191976716395 0.000460035282760922 0.000726151038331346 0.0010869501620733165 0.0015101740802862752 0.0019155387317171687 0.002175211468037423 0.0021618274507138923 0.0018569342865546036 0.0013647631133678919 0.0008349778456571117 0.00043185294274784 0.00020700653839641838 9.38458098256696e-05 4.154487323999482e-05 1.9051630123495016e-05 1.0256422294046115e-05 8.24880484389283e-06 1.1438665023857712e-05 2.1704700823310057e-05 4.590159689636664e-05 9.784248367241241e-05 0.000200029890605172 0.0003698904734462739 0.0006069992976645751 0.0008558456677603394 0.0010341987246918068 0.0010596050454104822 0.0009569409814614558 0.0007981969849356312 0.0006444653970078536 0.0005149934177254267 0.0004167386525947375 0.00036307242454493305
0.00015546090838272145 0.00013633973440738565 0.00012283064337056788 0.00012223116982130878 0.0001388941174889923 0.00017906034659865796 0.00025932830576635475 0.00041632234956708676 0.000717192988858758 0.0011925049224049324 0.0018595832433816414 0.002672729291718353 0.0034671554990304576 0.003957627050472576 0.0038561685244485468 0.0031314661242363476 0.0020797995079889233 0.0011071931796346384 0.0005145671846059787 0.00022488456169796587 9.757669657698174e-05 4.5489517311281015e-05 2.4973905622143245e-05 1.8330979735601667e-05 1.9051927273365146e-05 2.5984237507723084e-05 4.110713627515347e-05 6.859508113115044e-05 0.00011172201286501062 0.00016971787033943813 0.00023719066012083264 0.0003053612196059417 0.0003690887746275393 0.0003940813112436076 0.0003795230439691705 0.00034124339443123526 0.00029186156521295893 0.0002430085772384892 0.0002036109055556151 0.0001850079662940992
0.00011432551909454563 9.723788099180218e-05 8.630135131228159e-05 8.719852449097672e-05 0.00010173704212500286 0.00013635580444704804 0.00020797374244490647 0.00035606744643220116 0.000668512508283133 0.00124336377134996 0.002195210441061145 0.0036159069060832483 0.005441623665863209 0.007286088757068505 0.008382941995265724 0.007926004495870893 0.0058885533652518526 0.003366833299418875 0.0015335181871284028 0.0006390439977326631 0.00026635066724804094 0.00011878971511581002 6.116095192958331e-05 3.940784221649741e-05 3.281024361325017e-05 3.426314777795799e-05 4.1548963474666046e-05 5.4288889674329825e-05 7.046604909244155e-05 8.817131872715893e-05 0.00010507909084235596 0.0001190789147960526 0.00013679527069097958 0.00014827845911750826 0.0001477220674611812 0.00013618213748369377 0.00011838648058064674 9.956663047836181e-05 8.346148670791229e-05 7.705186289113045e-05
8.205129915675394e-05 6.740201191927719e-05 5.894141717463753e-05 5.986944060146288e-05 7.110288014300222e-05 9.8396510081775e-05 0.00015724440980100938 0.0002859928756079133 0.0005807739147559922 0.0012130589271232462 0.0024330891623138423 0.004606936897835736 0.008097445685662605 0.012911070332268817 0.018031089721119397 0.02085706347900151 0.018436699331117048 0.011562785811108311 0.005229218535035745 0.002010805956794924 0.0007692289674812229 0.0003124443749015876 0.00014513005771427839 8.129702601876023e-05 5.607841543014772e-05 4.69736327140849e-05 4.529454631043449e-05 4.713907101277175e-05 4.954927320749955e-05 5.1603237631086534e-05 5.276812171975667e-05 5.295280127312088e-05 5.435044882464042e-05 5.700285817626786e-05 5.622143970982102e-05 5.1575132378892306e-05 4.460522783992192e-05 3.6977170419533176e-05 3.021273972956278e-05 2.7974675895684633e-05
5.8007122088827684e-05 4.5787499962367026e-05 3.920552181681792e-05 3.955377125261353e-05 4.732283160989971e-05 6.708621138808389e-05 0.00011170287227488634 0.00021436783415025769 0.0004608803451071612 0.001059096583000196 0.0023749190936623917 0.005113066175964273 0.010436387260644431 0.019865085311782237 0.034316492475681935 0.05090817187919875 0.05749216203892433 0.0413234313963739 0.01860622595472857 0.0064612578366550315 0.002170318300091591 0.0007865206788737582 0.0003258113876026791 0.00015960516739263862 9.366001953482086e-05 6.527153980876945e-05 5.1857198650058e-05 4.4108142279137926e-05 3.8401800445875564e-05 3.382011882084224e-05 2.998836498761945e-05 2.6688620298942456e-05 2.412238397591653e-05 2.2705576871379936e-05 2.1127804376374698e-05 1.9066044579102633e-05 1.623664111995897e-05 1.3109735942662779e-05 1.0387228829378361e-05 9.502810978484545e-06
4.085636603607485e-05 3.0799461425765396e-05 2.5518710651411753e-05 2.5195114012088997e-05 2.9987917384427297e-05 4.308696477886276e-05 7.310840438288936e-05 0.00014385586583040547 0.0003212180014602057 0.0007918686297132813 0.001968753143905682 0.00475940169611861 0.011095530173918558 0.02474355506186483 0.05219405758161396 0.1014805001570734 0.16358016746163417 0.138018158359968 0.0551017438965719 0.017608165609920033 0.005404158774897589 0.0018044361532108663 0.000677773958005776 0.0002961761805931471 0.0001519693359604153 9.103348395013787e-05 6.148181362766332e-05 4.400726421585387e-05 3.241183690773003e-05 2.4381493418960966e-05 1.8694637141955624e-05 1.4662541294620564e-05 1.1852882878100115e-05 9.970692992824391e-06 8.471435948848163e-06 7.16446424455775e-06 5.936766840039686e-06 4.695838008626714e-06 3.750233680839515e-06 3.4306305338274224e-06
2.9084190138328572e-05 2.079693638554369e-05 1.640165522907469e-05 1.555253274670297e-05 1.7958608533792763e-05 2.5200216653888226e-05 4.281417031240677e-05 8.604895476166101e-05 0.00019829673773002148 0.0005088202850910811 0.0013797620521339745 0.0036647075743127993 0.009455697446307436 0.02360653915273573 0.05685090345880994 0.13168817886622822 0.29147767135092795 0.2992380321710622 0.10255189030388928 0.03317436316124205 0.010310111514679594 0.0033846086280124735 0.0012309725132566736 0.0004999820664224217 0.00023183317365252509 0.00012313434995740914 7.262441642126946e-05 4.4836112481719335e-05 2.8449836466116097e-05 1.8532485003990502e-05 1.2445144123559797e-05 8.702445399257334e-06 6.425430067701708e-06 4.904836666150578e-06 3.830305881071109e-06 3.036611936778293e-06 2.3857726418104744e-06 1.8436560143309512e-06 1.5386863159653042e-06 1.4964340563932815e-06
2.1316078582922173e-05 1.4370014581459425e-05 1.0580107470507876e-05 9.25582490373952e-06 9.888597680685835e-06 1.3380224491479416e-05 2.280447434296047e-05 4.690324338266402e-05 0.00011094400354487129 0.0002909243777747458 0.0008230962991455166 0.002336479258583037 0.006415998557000061 0.016921881536054454 0.04229891316143514 0.09675366860195196 0.17886407980603644 0.18503192241895483 0.09968644625803592 0.04017116287847402 0.014320198016501494 0.005040872770561771 0.0018577963667583647 0.0007444706378579644 0.00032511764201470674 0.00015770855322561867 8.373622305510313e-05 4.5968592985994866e-05 2.5791898687623685e-05 1.4848597926284129e-05 8.860002003343975e-06 5.579391248455667e-06 3.8000599286407764e-06 2.73032114752705e-06 1.9876934725169926e-06 1.506139150777087e-06 1.1503401869651696e-06 9.109872193751871e-07 8.059405924459207e-07 8.312049170232515e-07
1.6464798648149655e-05 1.0446537301397313e-05 6.942864212040384e-06 5.30776756347101e-06 5.06221081949002e-06 6.559235604472607e-06 1.1395372094674756e-05 2.4193267206577194e-05 5.8344999394747855e-05 0.00015356139196478144 0.00043084713472786574 0.001255306052789255 0.003537058468031764 0.009408409550605975 0.023010847530717433 0.04891973865755999 0.08079102490245924 0.08952900991259896 0.06485144354706926 0.033993136252513025 0.01468454889697222 0.005908987777083693 0.0023648217845244545 0.0009686333321874105 0.00041981037187928145 0.00019328094583220544 9.513462878797755e-05 4.784489489893698e-05 2.4367123203109582e-05 1.2657028608314974e-05 6.8002755544752685e-06 3.87921189862249e-06 2.4479446415307266e-06 1.6834679828195376e-06 1.2002309121157022e-06 8.923813178835308e-07 6.999028033036003e-07 5.915416810419724e-07 5.7089900837937e-07 6.490541572341223e-07
1.3768108331103885e-05 8.213437493123427e-06 4.815225330924042e-06 3.106085032704146e-06 2.4649912571894364e-06 3.0642238771753578e-06 5.690381384832424e-06 1.2556373161861696e-05 3.03319517251309e-05 7.805000097723254e-05 0.00021067846043153462 0.0005880344980069423 0.0016451586282171967 0.00430292689581839 0.010159594879541909 0.02056405272605952 0.033159585083491226 0.03983736996239193 0.03485499131573659 0.022685147631904764 0.01187771676633277 0.005557636687727728 0.002501078441139299 0.0011135915939333037 0.0004991872858846087 0.0002287290590687217 0.0001079452641781231 5.123218426727545e-05 2.4349833778343887e-05 1.1681593592939635e-05 5.735964862896918e-06 2.9670459408146288e-06 1.7158455264551772e-06 1.1316029698698912e-06 8.387443019178152e-07 6.579491049146677e-07 5.580497530163062e-07 5.126955206229353e-07 5.463306146220125e-07 6.892415455552245e-07
1.2735626653242954e-05 7.184353831915391e-06 3.847654531980255e-06 2.1384918010784502e-06 1.2724981569993407e-06 1.5731252147459974e-06 3.247669274509917e-06 7.1303348542039255e-06 1.649383758329591e-05 3.9933386378069315e-05 0.00010038885562579111 0.00025909354383009587 0.0006748377852939704 0.0017101759050068765 0.003920498241824636 0.00777796273185014 0.012736809258704268 0.016586582476091127 0.016729989318402395 0.012954560485095492 0.008060362297881108 0.004386833908211475 0.0022405268045182984 0.0011038500397069987 0.0005344855716026178 0.0002573739181857076 0.0001236355232136721 5.7304289251524505e-05 2.6210080241036077e-05 1.1969448326479064e-05 5.510547226470291e-06 2.604762029981491e-06 1.3253193777058126e-06 8.24891212607333e-07 6.91397523031385e-07 6.378987429780867e-07 5.996875461180247e-07 5.888953987413996e-07 6.643505688172037e-07 8.86983130605824e-07
1.3012868529371758e-05 7.203501592037504e-06 3.7874200743505273e-06 2.0660281196628302e-06 1.3427468366137166e-06 1.4576732194228378e-06 2.4499251919138935e-06 4.729854180049684e-06 9.792633296914393e-06 2.1324977994296138e-05 4.830161950539244e-05 0.00011250866925003748 0.00026533471026523334 0.0006190928894434031 0.0013783399044131938 0.002732287294136027 0.004625111343446627 0.006513021976463429 0.007403844723131981 0.0066316993132126455 0.004803554168867948 0.0030223099221022786 0.0017554436120004943 0.0009645392986169482 0.0005105703166786946 0.00026371016930025037 0.00013397526477382528 6.489694997249343e-05 3.0094550154619716e-05 1.374454740070804e-05 6.25152548972486e-06 2.861639128667923e-06 1.2963642936292792e-06 7.33472380287178e-07 7.721878919389003e-07 7.969077082804275e-07 8.142086720434356e-07 8.40391512256805e-07 9.69172594327468e-07 1.3230393170618259e-06
1.4637540868227517e-05 8.223203074558541e-06 4.488260472735052e-06 2.5620532134837384e-06 1.7990315601180419e-06 1.74729558377448e-06 2.302924078702106e-06 3.65177922161921e-06 6.433854838465199e-06 1.2139950387336607e-05 2.4082108203734253e-05 4.959510775636461e-05 0.00010464486321021706 0.0002220447849093815 0.00046112363053009187 0.0009048048234382419 0.0015977507868983204 0.0024279661854154123 0.003073957347408415 0.0031288752386912093 0.0025961678924427897 0.0018747766450690696 0.0012364214871803919 0.0007603575447436273 0.0004434961161853572 0.0002485782712500497 0.0001351690853662732 7.07106856828085e-05 3.4500257140367394e-05 1.6512113571050524e-05 7.903812730149646e-06 3.894976782136415e-06 2.0382679317300732e-06 1.3388890693241613e-06 1.2164749674825435e-06 1.2372740033444276e-06 1.2970080702276239e-06 1.3928917718578861e-06 1.6523991116511787e-06 2.24964929699907e-06
1.7836835761951795e-05 1.0344543563502825e-05 5.926776731049182e-06 3.52538906792309e-06 2.462569544445796e-06 2.17184357088111e-06 2.3991727222683563e-06 3.1468769306230756e-06 4.642680344134519e-06 7.4332786535101646e-06 1.2656775541999185e-05 2.2666215264560723e-05 4.234738071233032e-05 8.156730380652586e-05 0.00015850517606189204 0.000300725517191885 0.0005359949435572776 0.000865993460353725 0.0012123103666061667 0.0013860672525042844 0.0013027220335986196 0.001072408386184291 0.0008003511779243343 0.0005511599494374837 0.00035576559905927535 0.00021810563768899852 0.00012836862165788892 7.305329342943326e-05 3.8844568110049505e-05 2.017493415637944e-05 1.0811908963168861e-05 6.182895368299776e-06 3.7824162881180186e-06 2.69494608132204e-06 2.3124903160628294e-06 2.247839443663553e-06 2.334782951255753e-06 2.5330370430062087e-06 3.024679076604186e-06 4.140035584504516e-06
2.3044074532989462e-05 1.3856058779892506e-05 8.28029239614925e-06 5.105220211248443e-06 3.4456193710657058e-06 2.771135580444952e-06 2.653913794458126e-06 2.9425891920332738e-06 3.649281430572315e-06 4.923319183437837e-06 7.106716500332447e-06 1.0913733444934524e-05 1.786105019716212e-05 3.115056924516227e-05 5.704983421127538e-05 0.00010594646704846259 0.00019055270117634556 0.0003180424102424754 0.0004732413801732899 0.0005913022022723536 0.0006197944565406771 0.0005763263740087184 0.0004843327310778955 0.00037278361690466815 0.00026658942217229687 0.00017962126229271728 0.00011567948986175201 7.22630685041039e-05 4.372530162975635e-05 2.603078428223016e-05 1.6202328544078416e-05 1.0464631703275335e-05 7.142183394560124e-06 5.408187554753728e-06 4.6313688585644565e-06 4.4023569277307105e-06 4.509803919921421e-06 4.882499245960688e-06 5.736522087833208e-06 7.707817680648017e-06
