_RESULTS/CROSS_VALIDATION_POSTPROCESSED/MHZ/GZ/2comp/2/MHZ_GZ_z_180_kriged_reverse_2comp_spherical_2.asc
ncols 100
nrows 74
xllcorner 5.5967023332191781
yllcorner 50.982320383219182
cellsize 0.00019249356164376555
nodata_value 1.7014100000000001E+038
[rows 0 to 18 of 74, columns 0 to 43 of 100]
45.65676006681503 45.65311586141793 45.65040820593278 45.64906751564639 45.64929735414443 45.65106321617168 45.65409445750935 45.65789902936798 45.661916100207215 45.67416926399173 45.69784861171396 45.73143993988087 45.77421471456372 45.82396834495647 45.87840211490309 45.9351394723913 45.991725605254565 46.04562432707034 46.09423285759694 46.13494658497313 46.16531111300676 46.18327955761296 46.18753325678579 46.17774682385994 46.15466107804513 46.11992139396057 46.07577285525791 46.024754395442066 45.96948245209624 45.91253754241358 45.856193855420116 45.80184857960693 45.752701229543995 45.711909081288944 45.682173116936205 45.66565654977864 45.663371417696005 45.6652460967994 45.67185102747518 45.693983323427865 45.73004475472585 45.77674026580683 45.83065215154433 45.8883182652416
45.63374199061875 45.62689299186715 45.62204169219702 45.6196953539474 45.62009528647876 45.62320052276384 45.628690635467365 45.63598713162709 45.64697661295992 45.67177154419056 45.7088744608085 45.755101662547155 45.807202070975784 45.8649903584635 45.92759275946144 45.99260889759301 46.057522168174195 46.11965727073409 46.17614391162448 46.22393397543107 46.25995059909995 46.281447804499784 46.286559416376384 46.27481247373667 46.24727650242175 46.206237139713984 46.154629200347166 46.095535944042176 46.02919005909132 45.95761137195545 45.88522960445764 45.816160244113746 45.75417667965686 45.70264735573497 45.66444524185619 45.64184613232179 45.63643687205642 45.64602419206258 45.67411260353578 45.71877400489856 45.77487504778951 45.83731994768063 45.90546708019389 45.97684074606917
45.59798870525152 45.58760835755732 45.580379382795456 45.57691320296508 45.57750274365498 45.582098180597875 45.59031113906744 45.60144638921747 45.62210567561471 45.65910321491163 45.709255896109006 45.769156523435825 45.83532850841093 45.90430596279984 45.97467428223451 46.04765627228219 46.12085934572469 46.19154774643468 46.25663551054505 46.312590660605025 46.35549503871354 46.381486641315135 46.387715947101384 46.373429577636536 46.340312860673194 46.29175615628077 46.22914120166777 46.152160676072484 46.06617878385044 45.97626809779694 45.8871260467315 45.80312553653144 45.728299554103366 45.66626340629874 45.62009384796899 45.59219329097133 45.58424092361462 45.60832993725682 45.65857075580799 45.72718178705598 45.808534688146665 45.89677650455534 45.985974537744575 46.07183325845188
45.5503875011555 45.53605127413706 45.52613719835438 45.521400213749395 45.522205204451446 45.52848995948091 45.53977161665406 45.555745670178474 45.5871301277532 45.635973081051816 45.69875891526627 45.77183541955131 45.851566813665066 45.93441729523627 46.01696844582526 46.0976743668451 46.17888285988238 46.258259985710346 46.33266008447804 46.39815242813735 46.44978441432647 46.48189159827265 46.48970163782372 46.47185958692704 46.43122622829223 46.366709057085274 46.28169245220341 46.183030804467265 46.076651429718154 45.967855039171326 45.86155581525146 45.76238846153959 45.67469053987702 45.60238776546028 45.54881848219866 45.51654169683229 45.51143286058121 45.55168527624181 45.62436735370943 45.71726958998582 45.824202564647116 45.93887077005917 46.055018754156194 46.16645504719941
45.49181912301628 45.47297503600789 45.459970039784736 45.45376113179077 45.45481608513186 45.4630549042966 45.47786007460179 45.5002307767781 45.542040673227255 45.6023671341154 45.67732657807751 45.76299154985598 45.85556003734446 45.951439676768 46.04725962229871 46.13982116957246 46.228532296594786 46.316289834729695 46.400392625480045 46.4768840919563 46.539900181594895 46.581023916009535 46.591341413182676 46.567596333317994 46.507226387897205 46.417603692701334 46.30847841985565 46.18725334196739 46.059920911723744 45.931814692011876 45.80800075329941 45.69340612812376 45.59276328779469 45.51042297455489 45.45008710867204 45.414526840465996 45.41878687627203 45.475057175654115 45.57054545083523 45.68818517105376 45.82108757118702 45.96249066156237 46.105846778343924 46.24480196130254
45.42320117109513 45.39912713986819 45.38248905771709 45.37453608295633 45.37588786057152 45.386437997812344 45.40537110519803 45.43509862388472 45.48706877874344 45.55853239843928 45.645167780036296 45.74273474893917 45.847252881658186 45.95507776061148 46.06290276655268 46.16770823575954 46.26666477969495 46.361676840925355 46.454924240785026 46.543183370643945 46.62082509416493 46.67646553500823 46.69136899921856 46.648236269617875 46.55873904277098 46.44150590097272 46.30746014267423 46.163512784911745 46.01516507737597 45.86757321611091 45.725940413047795 45.59558767568866 45.48181443082393 45.389595163053166 45.3231684004763 45.28722937482277 45.30415104927747 45.377674563374256 45.49615071225558 45.63908446309922 45.79836289179642 45.9667328181953 46.137405964144754 46.30398251482432
45.345548379040295 45.315290160255586 45.29428142704172 45.284207538759496 45.28592134336932 45.29927560645201 45.3231529350951 45.36082030694117 45.422785963437235 45.50508061997539 45.60286263057501 45.71154151718558 45.82694729676397 45.945381183057904 46.063594489014996 46.17872974865133 46.288241918502095 46.39038509501117 46.49041576444767 46.588643683053036 46.68203660536284 46.761578312324616 46.781682428170534 46.70265231961049 46.57842490146705 46.43363652079086 46.2760308056118 46.110550286951316 45.94183951895027 45.77486250518558 45.61508513307682 45.468440936309285 45.34108962824287 45.23895748638728 45.167106278196904 45.13464192024054 45.16548368685528 45.25809455727267 45.40037088670404 45.569295184659175 45.75533428145825 45.95071810101715 46.14848707444792 46.342347656969345
45.260064400377544 45.222345171487696 45.195938096987746 45.18320490516166 45.18537452644155 45.20223315681742 45.232180496587624 45.27828315597724 45.35023478059582 45.443114818327416 45.55148101473885 45.670371061604214 45.79542912173794 45.92290314999373 46.04958025725741 46.17270120558365 46.289874822489104 46.39900108469149 46.50157227497149 46.6034829753571 46.703966498467494 46.799016086308534 46.83620435418425 46.70435101492451 46.553973975147464 46.38890093214423 46.212368262718535 46.02805275836636 45.84026725447425 45.654124972621254 45.475644203452006 45.311712071457706 45.16979477752777 45.05729591941656 44.980579925772346 44.95433371465343 45.00087474985914 45.11504872317458 45.282728147041155 45.47854630490535 45.69168179202735 45.91383296630313 46.13795348132852 46.358016593436076
45.168291254567855 45.12138176536924 45.088101337829286 45.07190741250614 45.07467386772104 45.096070949885 45.13368042146143 45.18897208259142 45.27110533440863 45.37438088574432 45.49270693059016 45.62077209815875 45.7540740701453 45.88882894111135 46.021535486282204 46.14928880468298 46.2702918314601 46.38266812232174 46.48487366726993 46.582568035850876 46.674281463664066 46.736979005324855 46.72935663725301 46.629048384785854 46.480037109165906 46.30671928958808 46.117526583519954 45.91770248465876 45.71226648604325 45.5069414352598 45.30860718699486 45.125494047198174 44.96699164262965 44.842829504010695 44.76152239373301 44.74352899702845 44.80850030892442 44.94780578172023 45.14334601268122 45.36728072499321 45.60778548997904 45.856068735241045 46.10510985159587 46.34928239841549
45.07236351497044 45.01390669808742 44.971560942298225 44.95064723967667 44.95423552328307 44.98177582390864 45.0293615000902 45.09525072308648 45.18797417286079 45.30144112331557 45.428954151534974 45.56413439920168 45.700570308008096 45.835929895412654 45.96835251947871 46.096017561429754 46.21698224426443 46.32899050734625 46.429165801593605 46.518778111385025 46.59452213704678 46.628379762047025 46.602757883114485 46.5116881743529 46.3692669322466 46.194001086182915 45.99654330655113 45.78376461107907 45.56158890966143 45.336415578850726 45.11603495875953 44.910285769465936 44.731264442664546 44.59246447756157 44.50620661403962 44.498452443105876 44.586449752290555 44.75639968207606 44.98332871112791 45.237067899327414 45.505128457443654 45.77843887443353 46.05019536798999 46.31526806689319
44.97544743335699 44.90226954814173 44.847477983960964 44.81971957805083 44.82451930506947 44.86085724043237 44.92186424859034 45.000804300513025 45.104612905134466 45.22702203980371 45.35671728073354 45.48961205361708 45.62340819900639 45.75620036764025 45.88621845574459 46.011620269386235 46.13029580199305 46.23963740605325 46.3362072135397 46.41777561208667 46.476419543630826 46.4919157834418 46.45705220363256 46.36966583290085 46.23511627532102 46.06153841129929 45.85741398855766 45.63286206569409 45.39406428459713 45.147527270834246 44.90143872723332 44.66704367118514 44.45996959779653 44.30006587685272 44.20712549430675 44.21285478053593 44.33236791112336 44.542028692609605 44.8053299574627 45.09113076349903 45.3867421159371 45.683404477445855 45.97489836674819 46.2566968015449
44.88247229411638 44.79057910104349 44.717981520826505 44.67942586020849 44.686196796281855 44.7360932826704 44.815663357871166 44.91130068732078 45.022553317520206 45.142901880826045 45.26841021451073 45.396513132922905 45.52531466394289 45.65320158252873 45.77857695631315 45.89964783084548 46.01422714593818 46.119520440231135 46.21187438131947 46.28683354497441 46.33110419194989 46.334912940535006 46.29440207837738 46.2083729144112 46.07912366774167 45.910873133493354 45.70770381187855 45.473301471355434 45.217580349707944 44.9475916286744 44.670509121070076 44.397529062544 44.14791858084162 43.9526169171984 43.848133939304454 43.87499437753028 44.04310793822775 44.307575183335906 44.6144707929112 44.93498804526237 45.25761878875835 45.575189041547674 45.88270765486511 46.17644440187856
44.80115407567742 44.686679489613844 44.58802345603961 44.53027926335682 44.54080590185544 44.61363170673878 44.718800594117695 44.82860657536726 44.936770541583655 45.05129047597254 45.16951087102751 45.28967747451447 45.41046557351685 45.53065733725306 45.64891504161457 45.763588690266275 45.872535566364554 45.97294859035685 46.06120774013204 46.13021777846449 46.1645731766562 46.161404210009295 46.11819591710158 46.033880545349696 45.90918492072033 45.74599036898662 45.546296912572444 45.31143965232815 45.04206601924109 44.74700033721762 44.432779773465725 44.106205164840745 43.786379107168884 43.522354257639556 43.3935370854321 43.46274140072769 43.71605147478961 44.059242680889035 44.419871016712015 44.77714712077418 45.12495759867417 45.45984087934643 45.77891870026002 46.07954179404241
44.74260933110054 44.605659267898076 44.47201718960107 44.37440213788257 44.39445407728446 44.50916508872063 44.63907419424804 44.757594243341785 44.8633614848635 44.969252532634854 45.07571560771224 45.18194282462034 45.28787513454768 45.39391581309281 45.50065124402277 45.6066863495186 45.7084947729906 45.80337804379878 45.887850470210466 45.95219919694695 45.98073066885355 45.97460601384469 45.931785305241625 45.851014895747824 45.732002304970926 45.5750893004871 45.38062048653686 45.14823506143224 44.876044787268256 44.56014565180112 44.20498097781488 43.80742378112075 43.36947708000976 42.95495093158678 42.76483525807062 42.94290136342923 43.359362981286836 43.81390548293154 44.236876724141574 44.629555540722976 44.99802461985996 45.34491944195116 45.670225151356476 45.97258133901189
44.71911784158556 44.57081220682574 44.412764386357246 44.245662343492654 44.30219159345924 44.4751382510099 44.62348583390898 44.74792527846262 44.8500867671084 44.94122875442734 45.02920214750376 45.11398586678085 45.19627490120886 45.27727756138767 45.35844328457917 45.44113604906527 45.526294521478114 45.61344106843448 45.69438617608842 45.75585583852776 45.78256558293887 45.7774725381961 45.738564431233925 45.66425703693546 45.55350709896402 45.40559847489706 45.21965938091506 44.99393830805598 44.72462198476397 44.403393631491745 44.01500180659336 43.54280484582137 42.93805213490084 42.18891369216769 41.79945284469794 42.32472477865073 43.02733547900327 43.60926172685291 44.08854305186313 44.50702935004573 44.88733807840146 45.238746907175276 45.56397588329044 45.86279699198402
44.73705819757978 44.597573287983415 44.466462442293356 44.38209770364553 44.43254901529456 44.5669258358719 44.699934733719545 44.813527706131815 44.90455910663154 44.975150246342004 45.03783699517571 45.09480786701331 45.14717803997709 45.19688383009377 45.24635919657943 45.29811253703457 45.35423699559735 45.41595554975271 45.4833496163831 45.54350522834547 45.572645425693516 45.572923926689704 45.54206027036441 45.4780584781006 45.3793088630917 45.24442135057827 45.07180709319931 44.85895719079947 44.60111553045791 44.288384087992 43.898536004774975 43.39161735042126 42.686199743955534 41.57911756563062 40.5374000161177 41.95610129621159 42.8636776932606 43.503618204337116 44.001621093348945 44.42488775410074 44.80460192356654 45.15214695022146 45.470875849311255 45.76077223855158
44.79231805989433 44.690569610881056 44.62099887284192 44.60504942375073 44.65610218878718 44.750191585301195 44.85388489009547 44.94647855757912 45.01944862494675 45.0699220871539 45.10262077343664 45.12681207839832 45.143917916584186 45.156521736722155 45.168192471563835 45.18295226360439 45.204552789527526 45.23567979341572 45.2773617787515 45.32096951737336 45.35341112986294 45.364054136390585 45.346085230891205 45.297034428386496 45.21489469415935 45.0979717498495 44.94451768043402 44.752111279507496 44.51655552284296 44.22962950261049 43.87408289105035 43.41449146948083 42.817022411520995 42.0939944263687 41.76694163514924 42.32869466437922 42.98686380004647 43.54090911686521 44.003873035733506 44.40777844771658 44.77239165292307 45.10590456923651 45.41040450962924 45.68531916818871
44.8929696355296 44.84001344499865 44.82228800255085 44.846927533909245 44.902318273897194 44.97845834334073 45.059631546279284 45.131427788186755 45.18482987904315 45.21526043847858 45.22121580510802 45.20988846353391 45.18803081756202 45.15877023355758 45.12693485763475 45.09851091081864 45.07965700448373 45.07532207058698 45.08796129325645 45.11189175497771 45.13404984213686 45.1544332495559 45.15499333694126 45.126171144003976 45.06575613970445 44.97212725091841 44.84392465550749 44.67961090825831 44.476849271643914 44.23152534467537 43.9362932301453 43.57981407465006 43.17164317867424 42.80985475957072 42.700661488683295 42.931627784918916 43.31662544381339 43.71946725794501 44.104273337865344 44.46252828451455 44.79570270945998 45.104145829464315 45.38650259931606 45.64063619444235
45.03052872820468 45.02108892286015 45.04445391363628 45.09515052408053 45.15821996076603 45.228544860694186 45.296816544249516 45.353089326258946 45.389509124664315 45.40099980036673 45.385096532840144 45.3418217851567 45.27927611909297 45.203786068227565 45.12163776669663 45.042009894011706 44.97513698995256 44.92997742437398 44.91137484010908 44.91826217283508 44.93480969104426 44.954644883308774 44.97407853238548 44.97108194260747 44.93749640718699 44.87217359347075 44.77459569459156 44.64460604492358 44.482239843612966 44.28774756841722 44.062215708672895 43.81016568536823 43.55147327576782 43.36349976653824 43.32628999072733 43.45910687723336 43.69897332043716 43.977595590804874 44.276972872978185 44.578150488880894 44.869780617980815 45.145048515979475 45.39892320913654 45.62740729291471
