_RESULTS/CROSS_VALIDATION_POSTPROCESSED/MHZ/GZ/2comp/2/MHZ_GZ_z_125_kriged_reverse_2comp_spherical_2.asc
ncols 100
nrows 74
xllcorner 5.5967023332191781
yllcorner 50.982320383219182
cellsize 0.00019249356164376555
nodata_value 1.7014100000000001E+038
[rows 0 to 18 of 74, columns 0 to 42 of 100]
19.95850341613247 19.956942963831963 19.955783524698926 19.95520942488131 19.955307844783125 19.956064006616238 19.957362002424837 19.95899111517313 19.960568210319952 19.955560510424526 19.940498425929274 19.91658831003628 19.885501033913027 19.848438740715835 19.80676701656515 19.762068212194876 19.716187044945165 19.67125916503249 19.62970069424375 19.59412241662137 19.567125815729305 19.550962728204937 19.547115879549576 19.555954498803114 19.576639816374616 19.607334665693028 19.645600406861398 19.688798527350066 19.734378439286402 19.780030051352906 19.823521172460122 19.86216575461385 19.895268053001445 19.922359453594947 19.942781979027448 19.95559852111721 19.95989693500736 19.961626657807113 19.962895659926772 19.964153223229758 19.966095553540306 19.968431426786427 19.97087760260475
19.94864657595637 19.945713466894148 19.94363581908008 19.942630943564204 19.942802225076786 19.94413211165821 19.946483324141578 19.949608044039877 19.95131487462807 19.94345194585894 19.92547571111059 19.897822110650043 19.861037215013162 19.817144016166655 19.76808861559657 19.7154604535747 19.66117870203023 19.60756605686151 19.55739820128437 19.513873280495556 19.48040660189708 19.46015605596347 19.45531037374067 19.466428677460428 19.492249013579258 19.5301072706732 19.576668220190953 19.628550820789535 19.68014906965018 19.72816323253978 19.77215003595155 19.81186986723187 19.847145120915837 19.87771520081655 19.903101164556645 19.922490395430565 19.93465118102011 19.941807335944006 19.95065947006317 19.95983775677079 19.967300833489134 19.971161525757424 19.973829069061978
19.933333992682442 19.92888773637939 19.925791184094066 19.924306396229117 19.92455893625842 19.926527446253168 19.930045451930162 19.934814985208394 19.93528784146638 19.925307477983875 19.9051103061656 19.87495474787005 19.835200109917725 19.78638592199488 19.730150502931085 19.669541789020016 19.60651271109917 19.54347813042203 19.483511059198705 19.430450500740307 19.388803724643246 19.363161867232282 19.356969769394944 19.371144014427138 19.403637269984795 19.45037193560472 19.504264508390136 19.557225071813292 19.60762689130068 19.65470008671708 19.69819168037698 19.7381514741363 19.77472314571672 19.807950571483598 19.837604834009547 19.863040645607352 19.8830982179967 19.898018407389763 19.914993356600945 19.933688488539843 19.951720745669867 19.96659014822043 19.97580734533996
19.91294287946099 19.906800663312087 19.902552817140258 19.900523105127423 19.90086803243677 19.903560914760796 19.908394649939904 19.914637002475505 19.913819674636105 19.90262789544125 19.881094517242666 19.849274823375893 19.80734310401278 19.75566984207202 19.69488905466553 19.626720562875093 19.55493062420753 19.48199041074666 19.41107419947132 19.346555018809863 19.29427589074115 19.26112546824999 19.252986463025774 19.271536735201117 19.312988131640786 19.36463694608592 19.417922206667125 19.469787614261815 19.518619682940177 19.563879005981335 19.60571293282659 19.644632975376798 19.681243785867675 19.71600378764968 19.7490125357363 19.77983470682694 19.807673406236965 19.832032739588037 19.857807953779677 19.88668338240679 19.915864073495822 19.942502070083165 19.96384162754507
19.88784705694302 19.879771037407263 19.874197036141457 19.871535741771275 19.871987927173528 19.875519256061974 19.88186469381855 19.889213502754554 19.88814050377915 19.87681199454863 19.855019182157438 19.822596777393382 19.77951995684726 19.72597177147223 19.662394511310726 19.589545059393643 19.509632499671955 19.426892873011198 19.34431284029971 19.266328357375304 19.19996253359798 19.15559455600643 19.144329833347783 19.16942749464794 19.215178091784907 19.26825633264518 19.321805234503316 19.372293125223372 19.418446062840438 19.460318344144333 19.498708706487854 19.534774903697325 19.569729982688447 19.604565901197265 19.63979574461749 19.67523489383707 19.71087711129032 19.74556061959463 19.781051352553884 19.820968996647174 19.862056702722963 19.90105730942396 19.934908567124022
19.858435768700932 19.848114674126833 19.840980816757018 19.837570635391515 19.838150277990767 19.842674044936835 19.850791725992412 19.859498421632537 19.85936212954936 19.849130214524294 19.82833139419683 19.79657435195101 19.75364044428121 19.699534156405928 19.63450868218775 19.559086987949545 19.47410395952592 19.38273345513007 19.289002339253923 19.19645131843891 19.111841150093014 19.049308956486684 19.031951365968798 19.060900762971034 19.113070142068384 19.170114949214256 19.22373616628933 19.271265716666203 19.312526272226176 19.348540827855164 19.380967387242652 19.411762043010793 19.442885064680674 19.4759898591035 19.51210019906878 19.55145905438542 19.59483311382995 19.640127449324076 19.686724661462154 19.73877916451444 19.792730738848718 19.84484758966623 19.89172393194599
19.82513975661511 19.81216211501447 19.80315038773598 19.79882884190167 19.799564053581754 19.805292734344714 19.81553462006352 19.826347230131788 19.828475892053856 19.82070990304582 19.802299803366257 19.77263791929234 19.731340709378692 19.678276550017724 19.61356164159738 19.537542958565428 19.450784037809697 19.354311024677102 19.252240780461676 19.147280434283797 19.04295871362897 18.950482801577113 18.911358263188635 18.956107666143744 19.021563152125196 19.081701234435716 19.132244171472998 19.173221979092734 19.206019843645084 19.23272774877846 19.25590353823381 19.278376728465688 19.302980955510954 19.332184496377216 19.36765199528131 19.41036308193718 19.46142194209074 19.517758061772618 19.576914883346625 19.64247273036178 19.710456511700755 19.776598425129567 19.837126071100496
19.788470912122367 19.772286034368182 19.76095324517133 19.755488165459564 19.756419390573 19.763654952606345 19.776506552026007 19.790529901854054 19.796373507012508 19.79254123375694 19.777997629823744 19.75194650122971 19.713892524873504 19.663641450727713 19.601269509508644 19.52708125753236 19.44156602407396 19.345357691278675 19.240559080788962 19.131004471812783 19.017802005055913 18.8993193781558 18.811682230671384 18.893743183164 18.961501852091715 19.01481099418793 19.05497842687319 19.083744061512725 19.10332182899034 19.11645330630627 19.12641091922451 19.136893226115056 19.151748670744645 19.174488758587117 19.207633782160404 19.253196912984976 19.312240339087523 19.380497323893522 19.45385708358209 19.53459899496746 19.61799369703697 19.69919756386555 19.774081041184996
19.7490867890944 19.728948728230726 19.714658684317506 19.70770442320934 19.70889248006098 19.718080917225915 19.734228953366532 19.752793431569714 19.763901713131172 19.76551236471819 19.756312491173173 19.7353682463236 19.702147107779215 19.656484642835313 19.598494912514795 19.52859276820911 19.447529206695275 19.356259730858504 19.256297646326907 19.15297572973504 19.051395847410397 18.952728752152062 18.89457884966845 18.909022483564428 18.944768984541795 18.975676786466074 18.996346137505995 19.006489404753665 19.00765589782942 19.002540638573166 18.994822130191935 18.98903963579699 18.99027857506563 19.003498844935162 19.032488177511727 19.08061549741188 19.14856489737156 19.230341050641663 19.320045754219308 19.41800634408626 19.518370333679538 19.615734503153753 19.705682375111408
19.7079002979936 19.682792135367436 19.664599296391536 19.65561278330008 19.6571547186096 19.668988232954398 19.689430948450855 19.71398052281414 19.73196133704614 19.74047796663654 19.737986010773593 19.723362516532568 19.69587079992147 19.655754572495514 19.603557151787157 19.54006361619831 19.46633832812816 19.383848399184025 19.294766268819064 19.20487320198041 19.120438550568185 19.040092286178865 18.984338421109005 18.96302595711561 18.96108212512529 18.96169834376779 18.95655300999806 18.942932439849493 18.921089122486258 18.893198520951618 18.863069642555423 18.83607618406435 18.818915652773587 18.818763261852496 18.84153464799148 18.892409349782945 18.971314009387104 19.06938006620641 19.1784282387862 19.29601394897619 19.414997689638668 19.529553313403795 19.635146495540425
19.666269196958655 19.63482146955828 19.611267468275102 19.599332063396073 19.601395944631577 19.617019601062825 19.643243314295827 19.675231546651236 19.701654773444474 19.718199622522786 19.722484719351417 19.713988215702898 19.692834120079283 19.659480024137338 19.61466820900218 19.55943342223008 19.495177210803856 19.42384051826188 19.348240827062106 19.2737180762622 19.20095757719413 19.128708219036167 19.068782883844975 19.0258977318567 18.99471319718567 18.966122210167825 18.93330158906296 18.89318624360163 18.84508799979407 18.790511928310654 18.73312654939777 18.679049331536202 18.637103011004488 18.618134633385537 18.632124097960336 18.686954638698776 18.781018569357222 18.900103364060705 19.032734718166605 19.172665740810967 19.311819544817123 19.444313217866533 19.565804582417297
19.626311712601087 19.586800576201732 19.555572755228688 19.538983297299133 19.541896887428443 19.56336461594959 19.597587850306052 19.638292547432954 19.673706899915054 19.697266716173075 19.70821587005507 19.706476410366374 19.69240187508829 19.666663759968376 19.630214521422097 19.584311003315985 19.530599244997184 19.471273201875004 19.409320226215986 19.348587673509773 19.282552055524075 19.213303042878376 19.14795831639312 19.08951631669395 19.035967618891647 18.982462656717942 18.92407856540345 18.85729532704206 18.78138155288733 18.697226807460485 18.607810703656767 18.51938425338473 18.443164441305456 18.396329598834235 18.397700592437623 18.460128424858162 18.577957134734454 18.72622498134724 18.888031121661246 19.05306776920666 19.213467650855108 19.36403165128641 19.50108264024952
19.59134842457133 19.542104590486137 19.49964206218645 19.474778267474864 19.47931144168111 19.510666198010945 19.555925147238664 19.604556276705406 19.64756222916652 19.67801597505498 19.695622102363767 19.70067825404573 19.693819206661068 19.675935808318933 19.648159976235753 19.611896098967126 19.568894236760833 19.521361409104497 19.472090742395398 19.42196940026624 19.360762870402933 19.292599024730254 19.222291764714875 19.152075347282686 19.08127054643103 19.00716379693695 18.926347127221774 18.835676138806985 18.732728356283985 18.61766957698552 18.492112245568634 18.360403753869825 18.23455109844014 18.141983374345667 18.1234196037664 18.20369806229132 18.363318635858477 18.554381172603147 18.751592759265204 18.943744485109924 19.125341956892377 19.29305316998864 19.444441760047376
19.566167706993877 19.507234287995917 19.449683859312465 19.407622241232296 19.41626424576625 19.465684940646057 19.522911621657972 19.57772245218791 19.62705015585765 19.66376679292662 19.687122442064545 19.69786385215819 19.697057453540218 19.686022977599926 19.666299194618873 19.63931792423275 19.606516899722056 19.569939058202504 19.531990836355874 19.49034215531533 19.433328105166026 19.366064207659342 19.292118471319792 19.213310169730285 19.12955171262835 19.039233011616645 18.93987312571866 18.828653113830473 18.7026005545713 18.55849610615863 18.395179405948376 18.211413204325076 18.011980609048397 17.83358892880621 17.776813988149303 17.906255975042985 18.144789318732954 18.39681162375055 18.63400564877008 18.852782496678827 19.053459668148733 19.23586039376057 19.399233980176202
19.55606163317365 19.492231937627754 19.424154840608434 19.35206394155459 19.375129518172724 19.448141077911625 19.513417803939422 19.571506899206312 19.62301988099113 19.663811614336215 19.690823162581403 19.70513835205469 19.70810284385402 19.70128739802119 19.68645067103047 19.66550583224598 19.640495886840245 19.6134593219138 19.585433421100948 19.551228247535782 19.498732810127652 19.43324125905149 19.357583953609456 19.273332345385793 19.180702036593306 19.078713718327464 18.96548829562519 18.838462890662363 18.694292807539846 18.528089184494746 18.332032967599385 18.096053540688096 17.801077205467227 17.450989260355083 17.29158720651717 17.57969908349436 17.954516414615938 18.27632363761097 18.54951740293355 18.789252978446804 19.003874712386096 19.196656408479424 19.368441775236644
19.56377971155088 19.503753356215437 19.445915256157758 19.405712720254535 19.422329045267055 19.47767158375925 19.53610519513043 19.590031466711554 19.638095324225365 19.679149887016695 19.70758256327445 19.723445645653467 19.728175650340688 19.723490681636143 19.71132474257649 19.693750617097788 19.672892218013168 19.650837320256606 19.62956280186085 19.602547892584393 19.555653310535828 19.493551485519884 19.41859922055331 19.332222405426226 19.234845312487344 19.125943627586757 19.004155835138963 18.867315224832584 18.712183321645316 18.533447151644364 18.320861270061666 18.055468954460572 17.70042411106311 17.172043057234205 16.70305009288922 17.395189429075806 17.86889812856893 18.22464047230439 18.513116423545213 18.762065566167397 18.985232278180316 19.185704718854886 19.36359350453955
19.58737512313426 19.540436271768378 19.50411316247346 19.48864560193702 19.50285184473303 19.53956407055171 19.58479135947865 19.6299092430926 19.671346634453208 19.707712476326268 19.735922369386117 19.751795337792785 19.75658909088104 19.752067422785373 19.740310333883883 19.72359614450978 19.704238383784148 19.68439491517203 19.665901465018653 19.64306174918817 19.602743544005804 19.546249821958384 19.47484210508926 19.389871019877813 19.291966254883516 19.181039835439286 19.056319266905128 18.916328463614196 18.758666490046313 18.579290008119287 18.37066799499064 18.11818213780327 17.80667506762308 17.44942443947185 17.298984260291807 17.58701443083572 17.94581335820086 18.267794601417865 18.551470303924166 18.805436064683015 19.034624240101458 19.239989179215474 19.42070647799272
19.626072170642804 19.594776598666368 19.575542887627545 19.572952217779278 19.58669800966447 19.61393787373924 19.648457299055284 19.684495558333666 19.71841171370858 19.748188360416396 19.772748287982278 19.787971424450706 19.791802988243653 19.785948370862897 19.772593079002966 19.75428976667679 19.733732253183568 19.71341004042233 19.69525342056443 19.675440730131864 19.639917353217168 19.59047526021474 19.525820901065376 19.445951029366377 19.35174069967781 19.24359043685639 19.121439518784637 18.98478693833401 18.832664750638955 18.66350093424358 18.474898517926277 18.264040167593304 18.037900561703267 17.844626553717 17.787061807573153 17.92039182470213 18.159600957944015 18.424539791383715 18.68515066676998 18.930847591896562 19.157449943949068 19.361640632037254 19.540456521204185
19.675102422122233 19.657003045315598 19.649958481233014 19.654504348060826 19.668652177594428 19.69105417353438 19.718441901810056 19.747175813776945 19.774311678425263 19.797780545367903 19.816209519548554 19.828688468035764 19.8313713426128 19.8226381091819 19.80485863671583 19.781478009982237 19.756259534612735 19.732703565740305 19.713257378729164 19.69716315081856 19.66902467188384 19.62661676831497 19.57101792219681 19.499984120135494 19.41349972657767 19.312527773514496 19.197808298977332 19.069940935053832 18.929546456092293 18.777565210616938 18.615918589383558 18.44920662343729 18.289999265838777 18.174693975346138 18.160159722498566 18.26116585174958 18.442340596848318 18.661869103601905 18.896005037199608 19.127885526323656 19.34682667709793 19.54549009796979 19.718552672432693
