_RESULTS/CROSS_VALIDATION_POSTPROCESSED/MHZ/IZ/9comp/5/MHZ_IZ_z_500_kriged_reverse_9comp_spherical_5.asc
ncols 100
nrows 81
xllcorner 5.5967107548124995
yllcorner 50.982328804812504
cellsize 0.00017565037499993607
nodata_value 1.7014100000000001E+038
[rows 19 to 37 of 81, columns 0 to 41 of 100]
0.3452501641482123 0.3543595482712225 0.35850716118140163 0.35837006407199756 0.3566178802279767 0.35344592896321664 0.34930004581376795 0.34487299583828307 0.34100650507979613 0.33860091715991697 0.338554852381905 0.34173924928516536 0.34937189119519085 0.3632473245052311 0.38376249108552807 0.4103927456792838 0.44288567429927256 0.479661754086093 0.5168763515870489 0.5470187626774395 0.5613016686581299 0.5592661977730004 0.5444625793616742 0.5208256881143194 0.49179917847050025 0.4605225570546537 0.4283789055213472 0.3963354058831806 0.3652155608755381 0.33688609346344395 0.3120296969768531 0.2907427891605925 0.27305411195626916 0.25901877177272964 0.25007894223957206 0.24674231898038548 0.2490736505695606 0.2555015771187392 0.2643843787217305 0.27552162954900267 0.2889221853882044 0.3045021331160227
0.3693943321909049 0.3786014784981736 0.38343968580038235 0.3827797259871029 0.37959695746276917 0.37444041643736087 0.36792208617252586 0.36094552634457105 0.354541824225203 0.3497333837572752 0.34745549543564536 0.34852727671511097 0.3532672832261055 0.36213724030778754 0.3760342531937651 0.394940700758915 0.4182549906436771 0.4443302148101791 0.4705837900843987 0.4937981066608397 0.507669712036435 0.5097453667072119 0.5012061050008234 0.48419235248894066 0.46083867060904804 0.43367337446032467 0.4051040792086994 0.3761964978392608 0.3487989492597403 0.3240124223869223 0.3021395740245685 0.2833663472755685 0.26780548943947885 0.2555865791564 0.24820669676838195 0.24627906186885087 0.24978480180663087 0.25622926156739123 0.2647882665355533 0.2755755971673287 0.2887448924752213 0.30427452175327346
0.3989096528110718 0.40978225562636134 0.4152156712550169 0.4143866436989067 0.4092936339156785 0.4012519202636707 0.39121631468323254 0.38044607987979984 0.3702237065407185 0.36165753593637373 0.3555960612387678 0.35261976058867023 0.35306314506025405 0.35703110713359276 0.3647557581240361 0.3768839051408889 0.3925940130066331 0.4105444808885656 0.42902109469231986 0.44626459571932997 0.45926228155914295 0.4636357697800066 0.4594413113414449 0.44770054240746027 0.4297769499583883 0.4070864083133784 0.38204007411698315 0.35717777736999606 0.333793971155385 0.31242914090831725 0.29348472370306844 0.2772313080863502 0.2638410199008634 0.25348039192955873 0.2476158415662536 0.24702204245265097 0.25075279191891797 0.2566666715805245 0.26464432599762383 0.2747973984349324 0.28727217481560785 0.3021996449860514
0.4308555215193882 0.44465305177016684 0.4517683321659545 0.45074444230806343 0.44328330580629544 0.4314243072621766 0.41635370050754583 0.40000286946522184 0.3841890033953167 0.37032236680935426 0.35934322847045935 0.3517772342362068 0.3478185442715724 0.3474744999094274 0.3508780074026224 0.35756268492605725 0.3672474556919885 0.379136019052894 0.3920314369015971 0.40481714039211725 0.4162725005362985 0.4219956758219694 0.42083399652929454 0.4131605323918353 0.3997541266103118 0.3816503299390485 0.3610156707627208 0.34040932862219125 0.3208262270463323 0.3028124649101333 0.28677047200043626 0.27301048740040784 0.26178119182706266 0.2533022655085447 0.24870741227388782 0.24867690865517492 0.251942388158244 0.2571310843701787 0.26428936158461114 0.27349863615851805 0.28487267116692366 0.29855381179182616
0.46435341061137275 0.4823307544780776 0.49226664974853795 0.4916040587726526 0.48002942701676177 0.46214205065757546 0.44026294715897357 0.41672162970419097 0.39412511353618723 0.3742253215968344 0.3579962624508981 0.34583760593554286 0.33775317447902936 0.33382840900978655 0.33380495919048275 0.33704218576116834 0.34281599807104285 0.3503810106853539 0.35928839725168404 0.3688685096967716 0.37856187283234566 0.3851162586323609 0.3861127557220244 0.3815550035194714 0.37208441675019593 0.35901650795233786 0.3433230814944214 0.3266945057518175 0.310665471101332 0.2957667779682545 0.2824415723756791 0.27106024767454917 0.2618693757502186 0.25480941880338964 0.2507510906087195 0.25089512504358996 0.2533492767958472 0.25765066486174054 0.26381767581583676 0.2718962209422895 0.2819547180057317 0.2940766059202538
0.4979950915846127 0.5218814856091747 0.5365395065923706 0.53732560809031 0.5217186349262783 0.4942900901703263 0.4618980430146113 0.4291273770278029 0.3988042998673721 0.37250579193399347 0.35110430439286944 0.33475262615377344 0.3232841012628859 0.31660376311594834 0.31403297187851015 0.314818656344725 0.31822650969923105 0.32356873486209853 0.3302398100637497 0.3377666756497975 0.34590713715602367 0.35293447918740545 0.35560742274279805 0.354159472200223 0.34892226817667665 0.3404955773235345 0.32941789636494745 0.31651482345095167 0.3036781620536704 0.29161924604240835 0.2806640151665844 0.2711009753088529 0.2632152774719677 0.25725567039956193 0.25380545799976045 0.2534786612536492 0.25497340290082154 0.25824186633042784 0.2632714471331033 0.27007068910073306 0.27866239570771256 0.28907370363402396
0.5292907280967939 0.5611810884611013 0.583741201414775 0.5884539702657839 0.5686989984013702 0.5284946810274715 0.48169851261599334 0.4367000605576148 0.39717482681642285 0.36437054981454114 0.33837080127872576 0.31864334377545245 0.30484717774554204 0.29636620069370967 0.2922221202773308 0.2915192821264349 0.2934846018778322 0.2974765182082963 0.3029869721812751 0.3096639479852627 0.31747963125916 0.3255750078788262 0.33061316786437345 0.33227546178433515 0.33080045016655546 0.3263582949214215 0.3192105936866711 0.30973246791741904 0.2994601752960179 0.2894964616571644 0.28027473077029896 0.27219149311984076 0.26559341808751735 0.26078368058032914 0.2578088059747892 0.25643231625136576 0.25683298553883743 0.25894328925826243 0.2627185261093241 0.2681308326021582 0.2751612120295356 0.28378862805275024
0.554091395075601 0.5954787513404397 0.6305833660085477 0.6452898351376143 0.6200334878587036 0.5621097620099308 0.49699948927799525 0.43881768386714004 0.39019691311588894 0.3511314568333494 0.320908124546069 0.2985778292847771 0.28337531953815326 0.2740541322593682 0.2692915957000137 0.2680057835147794 0.26938790955438996 0.2728693164439291 0.27808165647131966 0.28483194659258765 0.2930919675611157 0.3023878666110979 0.3095504468107291 0.31409747504560465 0.31590133107257856 0.3149065999762571 0.3111524946363063 0.3048033800668526 0.2967941007444461 0.28873453989907594 0.28114294319855576 0.27448651737125396 0.2691735895178998 0.2655144929072417 0.26232999587704503 0.25977275425766355 0.25896142645398695 0.25981098815673365 0.26224481841831393 0.2662015716447124 0.2716266676541746 0.2784614585001319
0.5667654708422032 0.6157078581725037 0.6656085661948984 0.7052484825539256 0.6708250737416038 0.5842074627597114 0.5022746936600497 0.4330396219626257 0.3773958527654171 0.33368414423550075 0.30055241595777066 0.2768479907727781 0.2613668045708406 0.25220510087485043 0.24769342885944048 0.24657858593896717 0.24803958163778228 0.2515756887901515 0.25691145269973786 0.2639437926433159 0.2727181044208351 0.28301608012463303 0.29206832542483463 0.2990516007900284 0.30370719615864367 0.30580645179520644 0.30515877512236617 0.301691094433906 0.2958796026097793 0.28954634333519375 0.2834481309459797 0.27814713244789313 0.2741137193252754 0.27070945614318853 0.2670899295879776 0.2635267661241569 0.2614053369138797 0.260914929876079 0.2619482556591003 0.2644146802191043 0.2682312365841508 0.2732446387929158
0.5625625979579021 0.6111608244756245 0.6621428104553388 0.709929604638545 0.6705186485028597 0.5751833525524539 0.49038298321656343 0.4182273889505934 0.35919208210304315 0.3128317342056909 0.2780233208599342 0.2541434351944231 0.23968486820466606 0.23186391840267104 0.22839708631091443 0.2279742481432268 0.22986727434407944 0.23370408611134985 0.23932794934192783 0.24673488255210005 0.25605489264899484 0.26735737473505783 0.2779589002432711 0.28700275138553233 0.2941828024191303 0.29914513888410715 0.3014516942152921 0.30068373962828554 0.2969265452720866 0.292085604154914 0.28730976989005863 0.28329266860025887 0.27974816257396223 0.2758976131202995 0.27185668141833147 0.26771937896552994 0.26422456137573097 0.26233732373655055 0.2619350660469426 0.26290306189800244 0.26498420771248793 0.2678328789228768
0.5415130191885282 0.5811318586967914 0.6156098356961294 0.6303137124028098 0.5997050831341207 0.5334959392469221 0.4614570124560763 0.39528260836615553 0.33788186188512936 0.2905635581037468 0.2545406927508942 0.23126631015930824 0.2193712450814587 0.21398265029301589 0.21210628306764745 0.21259808829382465 0.2150400806369959 0.2192520106054098 0.22521079290142026 0.23301089351211274 0.24295866563793703 0.2551540048086232 0.2669801794714077 0.27774444224244416 0.2871637355710182 0.29485302222848686 0.30015517794336943 0.3020592133841009 0.30007730293923907 0.296380371508151 0.2927394932933751 0.2891143143827988 0.2851119548131568 0.28086569728675004 0.27645851110125363 0.2719608097080636 0.26749481669604713 0.2641730887099159 0.262318389527207 0.261606080153286 0.2616391503343308 0.26238364793168467
0.5088233591817617 0.5369145680025859 0.5556884883511941 0.555877251571268 0.5296880080039196 0.4816396335148266 0.42455708493549854 0.3678768483297856 0.3159501997435856 0.27039292453145747 0.2324389415357046 0.20936721689629942 0.20254402837565677 0.20004974303479017 0.19961934185300087 0.20085784115130606 0.20371912712583296 0.20823088511503773 0.21448009762633835 0.22265176804851486 0.2332732438573171 0.24616772945663504 0.2589019495967412 0.27102591511168833 0.28233570896846016 0.2925640681096895 0.30112068369023676 0.30608293365413125 0.3052141953957112 0.302069791150125 0.2983283262996255 0.2942306010203561 0.28990338584479786 0.28539140202492613 0.2807258292326309 0.27595024050919686 0.2711299360665596 0.26653211544038197 0.26305644087148655 0.26036286287248056 0.25840199866988034 0.2571483782828546
0.47094268954131224 0.4893616865224938 0.49820901141551827 0.49260982483661836 0.4699646743209244 0.43291375554269124 0.38788379411328733 0.34101623406739867 0.2962474420471764 0.2555791644990819 0.2201007518407173 0.19794198374266003 0.19341407771474137 0.19166757768049678 0.19158217644079442 0.1930221667900064 0.1959986004276017 0.20064146038944203 0.2070865873818845 0.21563872339876103 0.22688087229106976 0.24022621333580832 0.2535521103684248 0.2666253043583034 0.27930279504695726 0.2914530975111783 0.30293949492079747 0.31300991206404627 0.31040501687341837 0.30647137781778644 0.3024096932826712 0.29820968150100446 0.2938419559747467 0.2892790458915675 0.28451353844262645 0.2795716356392662 0.2745197336283662 0.2693802479914521 0.2640309607376132 0.2593812920348472 0.2554961593427859 0.2523549123112451
0.4325958767455604 0.44411537723290895 0.4473063840948226 0.43964929384168583 0.4202800080061267 0.3909294033363616 0.35528780841042323 0.3173732018988366 0.2804151575356895 0.24678996068456818 0.21893507157643025 0.20078762186753607 0.1924351166934534 0.18899957299549577 0.18806291447554618 0.1890890282915912 0.19187344792922684 0.19646915469040865 0.20301633281238737 0.21194676847776703 0.22376635883876128 0.23724921965914383 0.2508724313921909 0.2644775170492738 0.277893823788941 0.29085419577312055 0.30244127033569745 0.3101914872337139 0.31065804738365077 0.30796998395222636 0.30458642566829014 0.30085569270556806 0.2968259941055515 0.2924761226635541 0.28778614339957664 0.28278118864658935 0.2775471314031811 0.27175981036816843 0.26537540104004625 0.2588891839220252 0.25324292494673195 0.2484545810145073
0.3964268230705042 0.40336290685683346 0.4035157321498754 0.3955585065285634 0.37926211279759364 0.3558393626824459 0.3276390807436619 0.29741540237251785 0.2677280394653721 0.2407838179737899 0.2185916067016746 0.2029475555063252 0.193803029845155 0.18928891122357214 0.18769399148981075 0.18822369076976236 0.19064154281905452 0.1949997268681162 0.20154870376431983 0.21084027225805965 0.2231747716654548 0.23669385349661198 0.25049572942180814 0.26421721284529137 0.2773767346533113 0.2894672994788019 0.2995668608775449 0.30609081035405494 0.3079416910972336 0.3070797841171114 0.30497913480709404 0.302173393174729 0.2988352159496832 0.29497531249349784 0.2905598078344837 0.2856075036818829 0.2800541947566593 0.2736042741472227 0.26669878681611764 0.25960028973951843 0.2525933305536327 0.2463444434967776
0.3636426736649299 0.36765620976672436 0.3663271715469871 0.35892836586262816 0.3454591996036808 0.3267983786099226 0.30454526075262284 0.2806522629586105 0.25707265482846525 0.23555892991004962 0.21754107230610586 0.2040047235848573 0.1949262159659158 0.18958377643006266 0.18717027597326552 0.18714371919055173 0.18925858957074757 0.19349973513766697 0.20014246965985044 0.20974420894188062 0.22204692461150338 0.2351458832041835 0.2486426910829758 0.2621684420274367 0.2751557758923852 0.2868105895417473 0.2960661246372698 0.3019485170435967 0.3043744065130465 0.30482494906028557 0.30400743443296546 0.30231077728494393 0.29990785340364445 0.2967875269596797 0.29284024580119467 0.28805597857647375 0.28230042573420583 0.27562843408987814 0.2684196306525553 0.26097124663904275 0.25350716530163797 0.24620578250463152
0.33463474658688036 0.33685441218151674 0.33496827783189537 0.32853225903865096 0.3176018893869096 0.3028196320519754 0.2853187110662394 0.2665089640383864 0.24784660432317826 0.23062775368468216 0.21550174314917725 0.20322909840742392 0.1943640541859693 0.1886725284525507 0.1857551969957906 0.1852878645317187 0.18710170336762286 0.19118434823407715 0.19784463134576305 0.2076158604584048 0.21924654505733054 0.23167976428463194 0.24464603139529034 0.25772830854394857 0.2703569105727189 0.281784269743598 0.2911058513372663 0.297390757977305 0.30042803122091294 0.30177888044505163 0.30203044450802485 0.30142406785431103 0.3000846500016713 0.2979380651134031 0.29481247224145296 0.2906059328076195 0.284792440574129 0.2779064495311365 0.27045595503266956 0.2627525702760136 0.2550030887245837 0.2473672854723654
0.3093779859949638 0.31056313741334923 0.3086820289315184 0.3033751951862285 0.29467633632675916 0.2830589373880565 0.26935028344341133 0.2545847968919701 0.23967962882727847 0.22511316694238842 0.21188119978861725 0.20072646404795497 0.19226967949654553 0.1865414042788531 0.18337705993337464 0.18262186563585886 0.1842007591000938 0.18814171185750245 0.1947884482695809 0.20422038784688373 0.2149070035695917 0.22652781770397717 0.23878573772488915 0.25127236416591875 0.2634457762943028 0.2746264558189958 0.28403368213900737 0.2908834008156313 0.2954413659102752 0.29813967840503747 0.29922699339098907 0.29955978448905557 0.29927910051016643 0.29854658236543763 0.2971087890972919 0.2933685392760255 0.28730770872584804 0.28022835182837824 0.2726689100302709 0.2648694863609307 0.25698556820822815 0.24914609721178932
0.2876578666035454 0.28835046330706615 0.28684538933512715 0.2826521332319384 0.27578852264864967 0.2667191841729425 0.25608879198702805 0.24433278865606967 0.23158072983198533 0.2189011668083966 0.20718383179809163 0.19703532176611765 0.18902798919260003 0.18341273519607693 0.18016359271237153 0.17924503053644308 0.18066551157060773 0.18450572780515795 0.191075324980863 0.1995047036449566 0.20917427385433465 0.2198785744094045 0.23133181114227808 0.24314538906196523 0.2548141123217702 0.26572041676744396 0.27516833830267684 0.2825819986488369 0.2885349956732152 0.29295301243440436 0.29560170786665596 0.29666800119061676 0.2974022541464703 0.2984396833628129 0.29958753917028524 0.2957095414274864 0.28927177856291336 0.2822806934860994 0.27490431828819856 0.2672586295486065 0.25944864068734613 0.2515774448974062
