_RESULTS/CROSS_VALIDATION_POSTPROCESSED/MHZ/IZ/9comp/5/MHZ_IZ_z_250_kriged_reverse_9comp_spherical_5.asc
ncols 100
nrows 81
xllcorner 5.5967107548124995
yllcorner 50.982328804812504
cellsize 0.00017565037499993607
nodata_value 1.7014100000000001E+038
[rows 57 to 75 of 81, columns 0 to 43 of 100]
29.54759666229922 29.121549819212134 28.763484030327902 28.509172004759787 28.418743571189133 28.563710205933123 28.971227015094787 29.593564448354208 30.347638703230363 31.16190412062282 31.985760807322656 32.78217719952931 33.520842360372846 34.17544262289967 34.724511232339985 35.15413383999956 35.459825488100236 35.64617459698104 35.73495275644355 35.69256088341628 35.48370405299339 35.090686241893266 34.54890906762436 33.968092862025955 33.38410963449146 32.810447817062226 32.25925493416024 31.741338377728827 31.266073633618934 30.84127209381416 30.47284074619444 30.147723576579903 29.80951771762997 29.458376297733658 29.112773372928157 28.81918949369018 28.67336844151176 28.75095170056699 29.0035472675497 29.346371939598974 29.716441857370203 30.084759195266685 30.455609050098065 30.830598670319937
29.963133398193964 29.63099319496947 29.380636897993266 29.241672022934935 29.250778849695607 29.445297356663445 29.836772361880826 30.401184403846187 31.0908542755574 31.85369387770953 32.643345925706335 33.419634611424726 34.14572624087893 34.78671385946817 35.31223472153434 35.70280824455004 35.95466497627922 36.07745777956561 36.05404975627163 35.87603083564229 35.54523324978316 35.03806065947408 34.419004535310386 33.77994507020043 33.14471875730621 32.52788951941202 31.943301559293268 31.40414300983118 30.92283468740775 30.510780946456013 30.177936755785957 29.91109170381172 29.669026712989027 29.44732096908024 29.260448078528867 29.135052729322737 29.108966073416127 29.203922105594526 29.39911070213294 29.659379586663785 29.95171035262339 30.251081094676024 30.559087466197095 30.881569807271582
30.41651290761747 30.169024148873973 30.008475580139965 29.957182954241812 30.038180820921767 30.270113968564456 30.660101678377323 31.193525734712253 31.840563805900928 32.56414301435874 33.325782035114585 34.086921997232125 34.80697659903463 35.44139859742434 35.945663516373436 36.289894918549166 36.47296529496861 36.503084725320115 36.344411300480445 36.0238470221551 35.566893654090656 34.9545955452016 34.26738184167348 33.5737720394944 32.89084406089164 32.234030039302844 31.618808466231613 31.060833868695752 30.57579843811537 30.17899143218737 29.88056743724424 29.66813814149966 29.522662023953416 29.42403377666396 29.377549353368913 29.390199796704515 29.467288040381685 29.605913605309386 29.790038416855392 29.998919295717513 30.224304363379247 30.453408309665626 30.687817399334133 30.94270636501708
30.882343538662564 30.70793601757967 30.620465174420787 30.63628029367359 30.770367720040575 31.032465488870276 31.425287871911255 31.940825688760725 32.55897438934271 33.25322918782685 33.99350676382692 34.74644307659046 35.47200024326003 36.11651010663742 36.61083523149948 36.900514130378546 36.99264720552192 36.8839730711609 36.58416437284171 36.12835086671765 35.54300236784578 34.83763270247929 34.09327237744388 33.34984462534384 32.62288688408817 31.928396841456596 31.283304905345933 30.705716382530568 30.214813064085206 29.830233095149843 29.55980058978772 29.398415272326112 29.34211156040421 29.359227322297077 29.44369877851684 29.584595066546658 29.764341481761747 29.962264050371534 30.159616022868125 30.342807168059554 30.513806765139645 30.676583949618674 30.835266072211866 31.01219662627977
31.34087863681708 31.227892884663977 31.19900686650442 31.266127544781536 31.439244163560602 31.72409464217979 32.120159688387886 32.62194948669229 33.21681954659216 33.88570355778016 34.60634158698016 35.35334427403057 36.094468390646334 36.776680786386684 37.29281202868634 37.51282832426713 37.46335777317635 37.19039177380795 36.74831616547245 36.16753027773941 35.46634348181186 34.68909680373677 33.896833743740665 33.10983047530817 32.34305603490353 31.6127241588324 30.936895670937076 30.33595619611395 29.832765866768344 29.452034805246242 29.19983463751954 29.084032877188893 29.1078020367803 29.236232090908892 29.452113558604477 29.725931319368236 30.01784229069864 30.28749253534377 30.51020542950554 30.681572790866014 30.808989062271092 30.91099853592199 30.99756141761838 31.085231660647906
31.777005602191572 31.714507704187128 31.731741884312655 31.837348275201936 32.038047084760365 32.33720148401309 32.73368540173251 33.22147953359712 33.79177127982065 34.43198660579965 35.125879924283474 35.855960045201165 36.60306509176144 37.34024972514957 37.96904185626622 38.066583390594495 37.806223174156436 37.375689366657525 36.8099894055932 36.122200868635026 35.32574226984171 34.50775467236363 33.680416124124164 32.857912572833264 32.056549355043344 31.29237403316386 30.584041113320872 29.95371624098172 29.427860872507473 29.036303141717962 28.78900471820403 28.70785150971758 28.80503720933091 29.044237737365293 29.398931591977302 29.822803100003814 30.247260659758034 30.600525134200396 30.84920123994887 31.008029817255924 31.102195351446156 31.150762004197418 31.165177015166982 31.152366933397325
32.17925209383404 32.157263448900665 32.20979611244304 32.343029628320394 32.56137881681337 32.86657110454661 33.25695826754874 33.727254520725054 34.26855539001174 34.871030690287945 35.523019741623486 36.20933681933241 36.91463444112168 37.619452825129066 38.25506532811103 38.271258797704576 37.907322781365686 37.39256557472635 36.74825656195898 35.98374804873532 35.12695857564119 34.28027758294414 33.443091935003835 32.60127465190191 31.772376279319275 30.977436845221394 30.23517140167059 29.568414290299415 29.006335908771767 28.58372769448847 28.32016910449876 28.257164554253343 28.4194227905039 28.77174188007632 29.277995012522283 29.87774093398954 30.47228731585164 30.922213951548294 31.177454092623062 31.311728719089594 31.375774320635873 31.379183969470148 31.32680668568381 31.226028460939848
32.53900447075478 32.54853764113101 32.62690868037399 32.776226390294305 32.9908379655398 33.27571499396827 33.63396846805723 34.064662325164164 34.56270145479006 35.11887825151602 35.719835848433306 36.348265974053476 36.977057785498566 37.55554549934252 37.96617439972365 38.03539844280366 37.74871868303604 37.23638067947912 36.56314192105545 35.75813017681407 34.88420868130314 34.01901346181499 33.177253251633026 32.335145214798665 31.49800995778767 30.682480824946296 29.907830310966897 29.19904873965502 28.58561981410973 28.106257814773315 27.79581463622232 27.72411727809979 27.93951027479532 28.408054427979117 29.074624227288854 29.86880940260254 30.69675426977872 31.263947197130644 31.458990402731175 31.554319134024755 31.59535694947725 31.57783983866657 31.491155984671504 31.330030789497172
32.84991565418412 32.875429010490805 32.94172657612709 33.059006044906816 33.236407769832944 33.48033427795703 33.793866608893154 34.1762903896589 34.62271100621726 35.12362643420248 35.66413658377968 36.222095064448375 36.763829815853654 37.23653739426524 37.56236459761723 37.65445947733148 37.434596562022236 36.95172903822705 36.27775064778248 35.48119455358956 34.613366459387244 33.745041143703595 32.89501649704501 32.0630627909499 31.23029067363 30.409220510597617 29.615850443960134 28.869690474007086 28.197333753069962 27.636899361012734 27.235499927321477 27.10849628041923 27.363166723010746 27.960799656692792 28.78376485366007 29.72814907107338 30.721063261108096 31.393760778461115 31.568696625312686 31.683471192720493 31.744156120863646 31.740192657099698 31.65991146569494 31.492264507251377
33.07215430104675 33.06008599498061 33.08563049324417 33.15956126875962 33.29071972655799 33.485415418947454 33.746827434709026 34.07442385957945 34.4633738771528 34.90385657257216 35.38007093244676 35.86866421506479 36.33649530878091 36.73917149317633 37.0260692709752 37.13212611156185 36.97002910522109 36.55711502063959 35.94357209174826 35.18171827567568 34.33451962771245 33.47593234986471 32.62738696428315 31.79789561271191 30.982083416542384 30.16803733291943 29.368871699696175 28.59925218627367 27.87713104406229 27.22755041998919 26.685074169693873 26.41081566109796 26.698471544861075 27.479268399137975 28.449982888297637 29.460096803536572 30.400214886313204 31.091071784634728 31.47973859422017 31.704341382569773 31.830541427200227 31.872383151425847 31.830386867402936 31.704454096903344
33.14841547366667 33.08934006992764 33.06551628831891 33.08760761796085 33.16451514372085 33.302787780944946 33.505984817458724 33.77400470392218 34.1023806753883 34.481524763451965 34.89589791127267 35.32316979165668 35.73379452166942 36.092291624113216 36.36232902589063 36.48535003611844 36.372058707798864 36.04816987336811 35.54251927610415 34.873328656358964 34.065675853590555 33.226403612506914 32.39036894302906 31.567078071619655 30.764015221110746 29.97533971353658 29.192397228774077 28.42611812039341 27.687147457056383 26.98505332531253 26.3113939004309 25.715056153773375 26.075903002335448 27.139667200321245 28.212227565098143 29.231604178045295 30.13502622529855 30.848279269178537 31.348267549159807 31.677922759708483 31.882281972105098 31.9851628700166 31.998312527856747 31.932445943544526
33.086282740588466 32.97271050035865 32.89181816222533 32.854487527483265 32.87005121969164 32.94569528294634 33.08577220945897 33.291048345908024 33.55792624649866 33.87770491615073 34.23598275746036 34.61240673502002 34.98117285728881 35.312919583967414 35.578486509778685 35.728016583118354 35.69002808627128 35.467728285285546 35.0715841535076 34.51350189299405 33.8062992584772 33.00836319480484 32.19581232885061 31.392259803958023 30.60570119357085 29.842776426756483 29.10220125444808 28.376164845574092 27.67577647302592 27.015115235433022 26.402647058354834 25.9460075250103 26.260913275820762 27.201075577318807 28.20518444987141 29.161940508016094 30.01581232369592 30.723495974673458 31.26799656262964 31.66188459214641 31.928587749354932 32.087996874471536 32.15521104410848 32.145223841820815
32.89585585410216 32.721186610384414 32.57636641928598 32.472809278033715 32.4206676811205 32.428221293350894 32.50112714317284 32.64156643188571 32.84736968776518 33.11125523665104 33.4203667736732 33.75634084258173 34.096164866451836 34.41443365842039 34.698011703203775 34.91050420545155 34.96051679789986 34.84115477301546 34.55703400040803 34.11516835250505 33.5234450396484 32.821594542656044 32.05385710767713 31.282118129683145 30.52735181170585 29.79775143430798 29.101570735085936 28.4470525493232 27.836380653543603 27.297194147918162 26.882675587575523 26.709417554107212 26.966026264421807 27.618029232798726 28.435216263804 29.269428910192772 30.04410070344515 30.71515851348333 31.261770804024465 31.682345872201928 31.986257290991716 32.186116403448494 32.29481670382769 32.32627976949721
32.588472199222224 32.347004853220376 32.13218055188396 31.956232753512438 31.830527613795688 31.764942718261114 31.767034775987256 31.84103208800344 31.986771290839755 32.19878905022057 32.46583567408708 32.77238331537657 33.10542847617721 33.44607757139546 33.77448546888948 34.057869563170186 34.20133654490758 34.18845315458204 34.01976169502742 33.69863619443835 33.23024870486494 32.63614738149428 31.965313142453738 31.24031246734974 30.529647202631033 29.848646165825997 29.208640503819293 28.62412317915291 28.116465606955014 27.718491053044662 27.47822875198937 27.439308038231662 27.672144330159615 28.16268866387248 28.809724598283253 29.509410126269703 30.188676880036635 30.80150478840257 31.32233602894604 31.741108460442334 32.058016504296205 32.27879597754805 32.41195075260481 32.46782925481541
32.19726896582824 31.872621411385072 31.576718310661494 31.320386612155993 31.114811095665306 30.970975372420916 30.898757762047936 30.90569010801144 30.995530180697735 31.16696651897125 31.412868796014493 31.72041926721817 32.07221241263625 32.44810824413413 32.82740566470618 33.18495087083479 33.428253509727625 33.526327612527204 33.47673166599513 33.28016457947122 32.9397317156257 32.46377453471479 31.90084969509328 31.26629844354773 30.60818016819929 29.985435805338827 29.411808734168794 28.90476617936189 28.488374420448064 28.197037180537293 28.06425747342413 28.09732404288736 28.317585709999456 28.715024139960573 29.23792676086657 29.820427268681005 30.405193407087477 30.950336852398692 31.428875713072046 31.82609717142836 32.13630988902795 32.35977077617506 32.50222616611706 32.577161232722
31.787593473270377 31.369712860861476 30.979859372232895 30.630251394554776 30.334124541253317 30.105242947877215 29.956906374050202 29.900371567257057 29.94283450910249 30.08545616755053 30.322145171501358 30.639671459268534 31.019165416364057 31.438502217489678 31.87484195040745 32.306418844881385 32.656007141290296 32.86951257882386 32.94224805306504 32.87298177181356 32.66333256089043 32.31725152938464 31.86347857171966 31.33916035486528 30.755790287799133 30.19564470807866 29.691319516274294 29.26103683073164 28.927906636365247 28.71763978538367 28.635789256854576 28.697436092646523 28.89893036372872 29.23152789257781 29.66341476317621 30.15083567881932 30.65078555499111 31.128137204466906 31.55783701229436 31.924451524684788 32.220572548726594 32.44493759549363 32.60074789940287 32.69429886283571
31.373222327650918 30.86764988278487 30.380702825718796 29.933396525201577 29.541147367618315 29.220994999299577 28.99063172668603 28.866419444516715 28.8604117046214 28.97709571929629 29.211217140640716 29.547874116103255 29.964909384909653 30.43645990734887 30.9363039402938 31.440228643846584 31.898998090446113 32.23163737362414 32.42887244361181 32.48815961884106 32.41013443171831 32.19808486244742 31.86158453557914 31.445705816567752 30.96423099830275 30.46742133263043 30.030566750908346 29.671519146067315 29.41038951707714 29.249052628358207 29.19621838931259 29.267608343672958 29.451933599663743 29.734655077784787 30.095289620475807 30.504428578670012 30.930785728211816 31.34644877565845 31.7295371336678 32.06486932234874 32.34346831707283 32.561540368971336 32.71931808113145 32.819925062132604
30.9614400073501 30.384347641835202 29.801773277202066 29.252838176482342 28.75857351943305 28.33961146641224 28.019144143717238 27.820646135458666 27.76343178956181 27.856932632264815 28.09648341642705 28.463443945420092 28.929621436285085 29.46316845796963 30.03324070105762 30.612543250204165 31.171801136289872 31.625798432477097 31.94805055495577 32.13527032827767 32.187553612590214 32.10780182083299 31.901322929072663 31.59045158926686 31.213663346171373 30.791122589929536 30.417422495542972 30.12247899761305 29.909119287817816 29.777162680754987 29.740071790686507 29.80725868361267 29.97617035530124 30.222113939750695 30.52904049042773 30.87643925278049 31.241354898098976 31.601955876211257 31.93983990286831 32.24107234837282 32.496294931044275 32.700277144287725 32.851188760252455 32.94974675879467
30.569394228512586 29.924423249611863 29.26492834725782 28.61427194580762 28.012179100797074 27.485382801747786 27.063555586903654 26.78015219946024 26.666079419576537 26.739087087036562 26.994758782688972 27.406815472917174 27.936450741671187 28.54289149912353 29.189682701699894 29.84669529679046 30.489892539140627 31.064862971579664 31.510453762354707 31.82278194062329 32.00179254084659 32.050223799924595 31.973163439085994 31.77792544728136 31.498234220689802 31.159736438546638 30.84393676486352 30.593924913156684 30.407282546958747 30.294475377229862 30.264380455781964 30.322291772680888 30.46799170695848 30.685907478369806 30.95141077077076 31.249590029811415 31.56334639818685 31.87563513851438 32.171259928035326 32.437912002128705 32.66654451423185 32.85126539307793 32.98892285262654 33.07850617243712
