_RESULTS/CROSS_VALIDATION_POSTPROCESSED/MHZ/IZ/9comp/5/MHZ_IZ_z_1000_kriged_reverse_9comp_spherical_5.asc
ncols 100
nrows 81
xllcorner 5.5967107548124995
yllcorner 50.982328804812504
cellsize 0.00017565037499993607
nodata_value 1.7014100000000001E+038
[rows 0 to 17 of 81, columns 0 to 39 of 100]
1.6281063280435923e-05 1.2417230589330904e-05 9.525328883153698e-06 7.48360836910236e-06 6.160900615125174e-06 5.442590830130847e-06 5.237515340072235e-06 5.478155409832525e-06 6.126583833059811e-06 7.171216443526803e-06 8.475647864885602e-06 9.962031537143001e-06 1.1590973616631692e-05 1.3318303147516614e-05 1.506051678043421e-05 1.6768166262731616e-05 1.8403872337685915e-05 1.992687161511131e-05 2.1292883120213438e-05 2.2457338201483768e-05 2.3379478328510014e-05 2.4023519556494687e-05 2.435441503764988e-05 2.487768932272226e-05 2.607626264360766e-05 2.797830317571864e-05 3.060512984362343e-05 3.404690067542729e-05 3.828200670385393e-05 4.3192107172610056e-05 4.889691093777559e-05 5.566834538824978e-05 6.340874707711979e-05 7.192368217683692e-05 8.08990317436818e-05 8.988859254224588e-05 9.832017629282918e-05 0.00010552687329180151 0.00011080677747357606 0.00011350845912742801
1.3539888988572774e-05 9.890479318126922e-06 7.217864510371767e-06 5.366657631408368e-06 4.190227635089854e-06 3.5748080385207624e-06 3.4315486954023693e-06 3.67916432119343e-06 4.259495281931295e-06 5.1120052725566955e-06 6.119907737754226e-06 7.237473038115342e-06 8.3877188389174e-06 9.533019787790943e-06 1.065608216276764e-05 1.1745844575619409e-05 1.2790185896380672e-05 1.3771410124562992e-05 1.466684851814329e-05 1.5453897622128552e-05 1.6116356190129295e-05 1.664774226600411e-05 1.7047298117523202e-05 1.756652410367271e-05 1.8710618475987887e-05 2.056744648973659e-05 2.3201888558413507e-05 2.6629534266023802e-05 3.080450351430631e-05 3.577677316281269e-05 4.1465836010448304e-05 4.8198472353293254e-05 5.6015586571684066e-05 6.47712616875666e-05 7.419651239392959e-05 8.387933586636407e-05 9.326224538644305e-05 0.00010166543835393801 0.00010834097490446611 0.00011255751168089745
1.1672515639573402e-05 8.196104012668029e-06 5.690547750369087e-06 3.972583571409313e-06 2.883852435322409e-06 2.3282658022123694e-06 2.2464499782951194e-06 2.5271458715502427e-06 3.0696630913254737e-06 3.7736982786822485e-06 4.543613032754657e-06 5.315837207841871e-06 6.062273111719833e-06 6.772580653096479e-06 7.4496276620704075e-06 8.10034798617633e-06 8.726570398882765e-06 9.320673315775909e-06 9.867926646037992e-06 1.0353740725980138e-05 1.0772221172250864e-05 1.1132145299746645e-05 1.1456236032540682e-05 1.1893550636081046e-05 1.2865246694650328e-05 1.4508302243279467e-05 1.6942903048496365e-05 2.026282459818443e-05 2.4488832575537257e-05 2.9507824204886002e-05 3.520238699379394e-05 4.1816897301943686e-05 4.96005701554107e-05 5.845346467222041e-05 6.815168617925603e-05 7.832100026621474e-05 8.842647191328633e-05 9.778759280397548e-05 0.00010562611746286843 0.00011114833136326906
1.0582729206518385e-05 7.214747556868259e-06 4.812510591271009e-06 3.1675708566181516e-06 2.0976724966710987e-06 1.5175659715236262e-06 1.5117526905286949e-06 1.8609398850638063e-06 2.374764331056432e-06 2.9372483129074424e-06 3.4861833174448483e-06 3.9906717940343105e-06 4.4388969230807704e-06 4.83790521335007e-06 5.206351538632057e-06 5.562562912618389e-06 5.914108454375703e-06 6.2547304864471956e-06 6.5693501613085225e-06 6.843347775036414e-06 7.072163189015867e-06 7.268861106629825e-06 7.467189924800516e-06 7.77931703026778e-06 8.533509090926436e-06 9.891036763183937e-06 1.2009178934890691e-05 1.5039191574331093e-05 1.9086894143528898e-05 2.41511220617589e-05 3.0043482758615696e-05 3.656523326451267e-05 4.425116189130245e-05 5.310566432289546e-05 6.294682128832632e-05 7.343786471431532e-05 8.406997672141223e-05 9.417001547706053e-05 0.0001029419427058144 0.00010954564614094077
1.0202794513454398e-05 6.865749449721519e-06 4.502233698288657e-06 2.8887141867879016e-06 1.8218051948153855e-06 1.143206068367711e-06 1.2263819298529188e-06 1.6042372508216343e-06 2.0386417763405456e-06 2.455819274798233e-06 2.8200106173927814e-06 3.1130002440826117e-06 3.33729072446211e-06 3.5143316740997744e-06 3.6747544974844693e-06 3.843357559695571e-06 4.027328129123777e-06 4.215851523212415e-06 4.389230751019192e-06 4.529717560388896e-06 4.630203883579851e-06 4.701336258498819e-06 4.777643665556704e-06 4.957184552892574e-06 5.4975590432492e-06 6.568971789947699e-06 8.34934345520909e-06 1.1023040219247914e-05 1.4757006103586748e-05 1.9646455777842247e-05 2.562583004889266e-05 3.239343224999072e-05 3.9992912790531324e-05 4.8796072022651066e-05 5.8694075706742495e-05 6.938411557556476e-05 8.038323850620195e-05 9.102975579526882e-05 0.0001005188196684137 0.0001079775320843521
1.0503532135566322e-05 7.109710038751114e-06 4.715735016644868e-06 3.0980787906432825e-06 2.0677253122362773e-06 1.525807115119264e-06 1.4647097208071883e-06 1.6837590856583564e-06 1.9787425761218885e-06 2.242822607497879e-06 2.438641745918698e-06 2.5549506570924496e-06 2.6045513639544917e-06 2.6198213731897407e-06 2.640986706442185e-06 2.6964488178959894e-06 2.7876257086096e-06 2.8940953889084087e-06 2.9899410311046567e-06 3.0548745582869477e-06 3.0792404482910417e-06 3.0682496011587928e-06 3.049281242792792e-06 3.1101062992135554e-06 3.463711826725744e-06 4.291742300840002e-06 5.778376298604748e-06 8.113456195879375e-06 1.1500342170269622e-05 1.611094684566949e-05 2.199059385381078e-05 2.8937089481597903e-05 3.679064207131503e-05 4.554850344819281e-05 5.5454720266462394e-05 6.625856482973474e-05 7.749953301369945e-05 8.852797245824228e-05 9.853585117121678e-05 0.00010662849641130339
1.1499931006027356e-05 7.950392544868337e-06 5.4413370595683385e-06 3.752696689723875e-06 2.696159707997331e-06 2.1382175371674674e-06 1.9547434021824905e-06 2.0036207945152633e-06 2.1324741361975866e-06 2.2325164592659217e-06 2.265708547527253e-06 2.2252511057394743e-06 2.130021122121358e-06 2.0194808481351266e-06 1.943941229175818e-06 1.9367271362907383e-06 1.9860931099955807e-06 2.0551936336813693e-06 2.112834587507087e-06 2.1397498602408136e-06 2.1262875921207807e-06 2.0722298846147738e-06 1.9919724113842736e-06 1.9547218176166315e-06 2.1491139894786157e-06 2.802935340150934e-06 4.0807470937827e-06 6.142260508641809e-06 9.213353913751326e-06 1.3527359043493468e-05 1.9222930479420286e-05 2.6211473277352317e-05 3.4304486988560835e-05 4.3362105350677166e-05 5.3257169408674035e-05 6.411975204998214e-05 7.550622796176931e-05 8.677676977298748e-05 9.712296396304525e-05 0.00010563699690852333
1.32552526989585e-05 9.441293110696577e-06 6.7160576265876835e-06 4.862411739251069e-06 3.6829910039221857e-06 3.0027175384196874e-06 2.6516873332991225e-06 2.5226809661174083e-06 2.4689534482460335e-06 2.391771167840691e-06 2.26015873747468e-06 2.071870094994313e-06 1.8472603033969173e-06 1.6257269983748678e-06 1.4708693241649335e-06 1.4376442592728367e-06 1.4816161020653148e-06 1.5378014072702868e-06 1.5769169625387733e-06 1.586570267082324e-06 1.560466377224342e-06 1.4957253138135567e-06 1.3939844014561492e-06 1.2904995835282579e-06 1.3223961670251956e-06 1.9152220502578216e-06 3.07955800254872e-06 4.938043169385181e-06 7.753049090627535e-06 1.1807435246233881e-05 1.731203738541384e-05 2.427211435931746e-05 3.25219872210171e-05 4.199604520689898e-05 5.211171127193679e-05 6.299899754180938e-05 7.445534608667098e-05 8.584659175238303e-05 9.636470425088177e-05 0.00010603149584320924
1.5882347701769423e-05 1.169134915579534e-05 8.63950160607192e-06 6.516925157778273e-06 5.11756878751957e-06 4.195927512914266e-06 3.612472206404647e-06 3.26553665930154e-06 2.9999162600156434e-06 2.7230027561453253e-06 2.415248934419399e-06 2.079598967263831e-06 1.7344246348346005e-06 1.406069916515209e-06 1.1482365382929115e-06 1.1324773728283758e-06 1.1921814577175828e-06 1.2383230060757884e-06 1.2627918483637988e-06 1.2635702485622543e-06 1.2390930383994202e-06 1.187617032257449e-06 1.1087903912787294e-06 1.0332938159476037e-06 1.0475853364377505e-06 1.5930258222226669e-06 2.6439329131944657e-06 4.344561206365668e-06 6.972340454293792e-06 1.0837293075391192e-05 1.619840235844956e-05 2.3129459584289802e-05 3.150837338109447e-05 4.132338263346852e-05 5.1980572832968e-05 6.290989758255089e-05 7.437161430993344e-05 8.577227518643442e-05 9.725832986554994e-05 0.00010971098125410254
1.9539008358573694e-05 1.4863897610662364e-05 1.1373741377533387e-05 8.875234633828053e-06 7.120480425188708e-06 5.8378750942267254e-06 4.931690736830055e-06 4.299646367320421e-06 3.7751585674908247e-06 3.2617127353233686e-06 2.754337956519715e-06 2.262772176613761e-06 1.8057308350861124e-06 1.4047665050323755e-06 1.1037767917709661e-06 1.0525181246903928e-06 1.0756377717065447e-06 1.0906129086740667e-06 1.0936562562183542e-06 1.0860909744213495e-06 1.0688920324675657e-06 1.0426872739859905e-06 1.0145321788090895e-06 1.0347740896258874e-06 1.1938641324428149e-06 1.6678759297523283e-06 2.613264618195126e-06 4.212756194329496e-06 6.737038596632784e-06 1.0506842317352431e-05 1.5809357836696154e-05 2.276176632351924e-05 3.1290096273245364e-05 4.1425317243515146e-05 5.2607391187629733e-05 6.38534502327604e-05 7.525692338616915e-05 8.71929969374624e-05 0.0001010576383999495 0.00011660130232625419
2.4414100633573804e-05 1.9166945616062015e-05 1.5135176974323412e-05 1.2154128601111897e-05 9.868096797178193e-06 8.08744604832006e-06 6.740506200861189e-06 5.727640672349371e-06 4.8786442143785744e-06 4.073637125273728e-06 3.3256365837512333e-06 2.65272659469627e-06 2.075634346442593e-06 1.6170118969400754e-06 1.3067163231921163e-06 1.152694311463362e-06 1.0857269248596553e-06 1.0469928547770054e-06 1.0193106146445341e-06 1.000278031528919e-06 9.903748046528288e-07 9.90816475950537e-07 1.0176227124981162e-06 1.1215576157567685e-06 1.3699107325613029e-06 1.8831616475973805e-06 2.8270242573358875e-06 4.418699204588416e-06 6.9426940681619465e-06 1.0730190883605904e-05 1.608375348821565e-05 2.3141114695995574e-05 3.187812404531284e-05 4.2354235592935495e-05 5.401726983786684e-05 6.58035114274743e-05 7.730937325075936e-05 9.107552869058056e-05 0.00010759961829642152 0.00012666482606319177
3.0711888445670275e-05 2.490102505517965e-05 2.029183652109837e-05 1.6701062691422815e-05 1.3684690575318004e-05 1.1203788837180919e-05 9.231197640443103e-06 7.691446436200477e-06 6.427159240677964e-06 5.253611495374642e-06 4.199696694747734e-06 3.2926433160747647e-06 2.5508448102974855e-06 1.9833912525720644e-06 1.5866095580534848e-06 1.3332817972333971e-06 1.1750716555775405e-06 1.072039573806129e-06 1.005835064971742e-06 9.710228494745145e-07 9.661129417689301e-07 9.909807103627182e-07 1.0734229932515938e-06 1.252116948016866e-06 1.5871826947622671e-06 2.185770846685199e-06 3.2118028911722902e-06 4.894465605119117e-06 7.530529324278411e-06 1.1459338117400624e-05 1.6987368843291303e-05 2.4250683208441325e-05 3.328498486418383e-05 4.4148896391099624e-05 5.6271820662782675e-05 6.856180159873445e-05 8.13447530931622e-05 9.724552427637552e-05 0.00011675487984527345 0.00013985806658825368
4.028982558081913e-05 3.405980918893641e-05 2.875945784726468e-05 2.4221207622356042e-05 2.0030743094743405e-05 1.636389982739272e-05 1.3294609269000357e-05 1.080049396504543e-05 8.773086932027209e-06 6.987158509884252e-06 5.474863615627722e-06 4.245837622941684e-06 3.2614890577744723e-06 2.5107845061771464e-06 1.966333721700288e-06 1.585731971426316e-06 1.323087006349207e-06 1.1437957141885922e-06 1.0297340602796616e-06 9.738081315749597e-07 9.719416628278564e-07 1.0270804565982347e-06 1.1686362535788117e-06 1.4270576454630412e-06 1.8639461195453151e-06 2.5870240808647487e-06 3.7635834279540123e-06 5.630534720372014e-06 8.492370489812004e-06 1.2690025632724996e-05 1.852002192900646e-05 2.6093563366240833e-05 3.553483748290298e-05 4.684332462299485e-05 5.9409842449779106e-05 7.251261010280476e-05 8.727094004496886e-05 0.00010550918080217328 0.0001283329005013282 0.00015599807568483486
5.620176554701925e-05 4.951619862312604e-05 4.328236820107609e-05 3.7239705697784375e-05 3.111623359090023e-05 2.541590256544702e-05 2.042598597837053e-05 1.6249658873519992e-05 1.2859425320195098e-05 9.971508983630925e-06 7.5695316893046254e-06 5.684032535832106e-06 4.275083149107774e-06 3.2471520143149317e-06 2.4843558180115234e-06 1.9295006178466047e-06 1.531381758009424e-06 1.2529205939429592e-06 1.07460875079595e-06 9.89642196144567e-07 9.926434170748153e-07 1.0944547319924364e-06 1.3075754875214471e-06 1.6635335445002017e-06 2.2303061799356586e-06 3.1235957156402335e-06 4.519773085052711e-06 6.664671389846184e-06 9.86721176030538e-06 1.4461004023684747e-05 2.0715472764527525e-05 2.8712291937598474e-05 3.866640930903138e-05 5.046841092001367e-05 6.344676738534017e-05 7.793665923069348e-05 9.485669447561096e-05 0.00011558080885066394 0.00014196504912618584 0.00017460451871289376
8.245797883952151e-05 7.5714362829628e-05 6.848370881714379e-05 6.020166769827276e-05 5.089999780458809e-05 4.1651300092186626e-05 3.3200306987620966e-05 2.5946284957080144e-05 1.9976940766970964e-05 1.5106943843009748e-05 1.1132345109476721e-05 8.086818520603601e-06 5.861092836368667e-06 4.288900942738718e-06 3.200147006049191e-06 2.4062659408445895e-06 1.8232091308416183e-06 1.4062502686528763e-06 1.1319639198987238e-06 1.0024373053558053e-06 1.0300873806646048e-06 1.2029105287650463e-06 1.5135819435997434e-06 1.998364941813431e-06 2.736798063212917e-06 3.85828242921542e-06 5.552730552450739e-06 8.075909828387004e-06 1.1736677608999002e-05 1.6849298501124305e-05 2.3634981022675155e-05 3.2176461899438306e-05 4.2728579277401785e-05 5.504555744470847e-05 6.855340851431373e-05 8.466017395872045e-05 0.00010375909070009296 0.00012699177326044313 0.00015698687175013417 0.00019473511225250847
0.00012590701389640242 0.00012053823316069163 0.00011280432474780227 0.00010146361420269702 8.692982726494488e-05 7.085732081375538e-05 5.531926614459945e-05 4.183311369324722e-05 3.0983167132633916e-05 2.2663541854617815e-05 1.6210693231269493e-05 1.14216210322889e-05 8.02078671657542e-06 5.674357602131673e-06 4.081015085930385e-06 3.0046422943643884e-06 2.2300723137207046e-06 1.644050547404591e-06 1.2184676353946046e-06 1.0056102408596277e-06 1.1053683262056906e-06 1.3961178026818792e-06 1.846754420715779e-06 2.5220991482758298e-06 3.526819499246727e-06 5.014337892740737e-06 7.19254315842922e-06 1.0317818675733763e-05 1.4665948897623375e-05 2.046991417267197e-05 2.7823293446468728e-05 3.687458044151699e-05 4.785095149462076e-05 6.0571806892831536e-05 7.482396750449087e-05 9.241103335880345e-05 0.00011345327593674207 0.00013901649376071347 0.00017234704182890644 0.0002148623050205998
0.0001980012813329999 0.0001978078075577481 0.0001915832612791569 0.00017455915470932168 0.00014793408757208254 0.00011791088010042541 8.94433018582778e-05 6.537258366709007e-05 4.661054870255622e-05 3.2815652791550616e-05 2.284187808279308e-05 1.5663071675276834e-05 1.0706664256907351e-05 7.372060534229835e-06 5.156458752954629e-06 3.6867428222337293e-06 2.7050772386461654e-06 1.9937798113972614e-06 1.4507833835222423e-06 1.089978432367047e-06 1.3667463963013596e-06 1.8377209514850272e-06 2.5283066784010852e-06 3.538990968857485e-06 5.01252049453014e-06 7.1398621024813705e-06 1.0156404687075008e-05 1.4317739902809474e-05 1.9844923353438917e-05 2.6836215649550024e-05 3.521097152279298e-05 4.512134626318714e-05 5.6413044091687485e-05 6.862712701177568e-05 8.257564741630358e-05 0.00010077178419773388 0.00012326394030110486 0.00015064199654670952 0.00018658826504962045 0.00023287718902620833
0.0003173533737585706 0.00032948190839576 0.0003215922022913908 0.00029093936021165525 0.00024288577691819097 0.0001892679985887264 0.00013943508112378513 9.84517254735823e-05 6.756489149674369e-05 4.569286672349302e-05 3.082076452086925e-05 2.0637967514844858e-05 1.3801729284547335e-05 9.319414672660948e-06 6.4111204593043086e-06 4.526200080134515e-06 3.3009701182286316e-06 2.521995587246559e-06 2.04038594474846e-06 1.888789776427158e-06 2.1983816422296206e-06 2.8910756416755738e-06 3.956370536943424e-06 5.539741757740194e-06 7.830217174847209e-06 1.1067512484650519e-05 1.5513276239303423e-05 2.1394199200286727e-05 2.881064793505613e-05 3.7622364326329664e-05 4.7687243381985734e-05 5.89123530041699e-05 7.073667923873802e-05 8.239578080735886e-05 9.547106624906807e-05 0.00011208499102994583 0.0001329137629393001 0.00016061249905313044 0.00019794998683840635 0.00024763270261695487
