_RESULTS/POSTPROCESSED/MHZ/IZ/4comp/MHZ_IZ_z_90_kriged_reverse_4comp_spherical.asc
ncols 100
nrows 81
xllcorner 5.5967107548124995
yllcorner 50.982328804812504
cellsize 0.00017565037499993607
nodata_value 1.7014100000000001E+038
[rows 38 to 56 of 81, columns 0 to 42 of 100]
0.7639021811169034 0.7796316416601508 0.7996182328012951 0.8279011361423604 0.8646071977974292 0.9092257649326226 0.9612007667701402 1.0203997019758766 1.0841366204339988 1.140682870597065 1.16278357440986 1.1472991566382837 1.0964271016522185 1.015605305023386 0.9131922742402944 0.797203215501232 0.6763684462240279 0.5576976964626968 0.4467584786234229 0.34789315414052047 0.2652422854183528 0.20082988753525438 0.15328719376267771 0.12000530715123765 0.09859855151082572 0.08732108754246252 0.08476707961032737 0.08926577780597318 0.09921343879323635 0.11348453997257434 0.1315027110232425 0.15301567062476382 0.17926514450202757 0.21166337297356627 0.25230828974221253 0.3053464636273988 0.3694580858640716 0.43932770310214797 0.511351243525539 0.5812216437731749 0.6435966909045736 0.6919334425521342 0.7200650500885845
0.8115278781241494 0.8266261332395206 0.8454117511060714 0.8713828887165816 0.9044155295705563 0.9439839720074087 0.9906820909643473 1.0430388087273719 1.098583507150162 1.1418389889673006 1.148260852411494 1.1175457539278126 1.0537409125397605 0.9637220192326648 0.8559207845281962 0.7382642149797592 0.6176710186935236 0.502100899415836 0.39803320840067247 0.30747515430708594 0.2326029665885414 0.17385704953387526 0.12988724309246336 0.09857775551424369 0.07814713604901517 0.06782235344808057 0.0670301839453949 0.07347986130125292 0.08508410997973026 0.10098117041379398 0.12084205005171113 0.14380869451408235 0.17060760306382597 0.20390707127368243 0.24635614341251577 0.29792498165674275 0.3573938993825006 0.4208653248670961 0.48414640184403346 0.5423858891495946 0.5902149436252143 0.6221523844159661 0.6371006655976961
0.8535395437713627 0.871614835863297 0.8906488428414019 0.9144419069521057 0.9436514185786067 0.9792369221646783 1.0209113262968428 1.066845842500468 1.1144820637120845 1.1453804847358233 1.1383395292201113 1.0946284322685773 1.019715491339366 0.9214596027937058 0.8085893985106105 0.689770672824641 0.5721472977724449 0.46273944974291525 0.36522025976502726 0.2810869051122543 0.21168598188213883 0.15682324830707678 0.1151264902237632 0.08461920567722368 0.06360371877081404 0.05249788490324535 0.05384414478644348 0.06313511832110297 0.07670345408852872 0.09426447476380036 0.11580035332036062 0.14063804623036394 0.16863634344088277 0.2034948660835695 0.24759249887150106 0.29891336477444974 0.35537020872866903 0.4133919920743452 0.46869270058851376 0.5163140366344392 0.5511811543895337 0.5693563436723423 0.5732743134158873
0.8974989071717914 0.9167565680627158 0.9358253204156594 0.9570659762328025 0.9828221886230065 1.0144834922635955 1.0510411746118478 1.090835121132814 1.131265372015961 1.1519777005976797 1.1328098685105525 1.0776029866915389 0.9936924873368332 0.8892959633635419 0.7730718235140741 0.6545025945694796 0.5417975914502223 0.4385236895299725 0.3464284996788095 0.2668661819944967 0.2010753051756643 0.14884290018965962 0.10878473142452386 0.07890296780623517 0.05707663771851125 0.0413717620969666 0.04737408431625393 0.059547894998891814 0.0750105652178403 0.09440416899956978 0.11746702146385136 0.14393040244568112 0.17410116351113397 0.21081797894813223 0.2566982306512835 0.3084829834902429 0.36295766239809407 0.416443668271119 0.4645320778667976 0.5024136989304109 0.5256122724417628 0.5328613309670103 0.526943974922072
0.9431057781988942 0.962922946776584 0.9814721281178079 0.9995589249936706 1.0219019375805534 1.0489496600311652 1.0798464353964021 1.1133687622268655 1.1474408874295745 1.1611841936096192 1.1311230533878769 1.0658412062394633 0.9747245351003955 0.8662468432108286 0.7505523547346508 0.6353560287924257 0.5262343806753815 0.4268311487505755 0.33864619835232296 0.26260797284703213 0.19962114713420073 0.1494765435383678 0.11095415445244844 0.0823877551569494 0.062346105165101195 0.05145530781203491 0.05373270155186476 0.06469158623663544 0.08071489253605854 0.10138143524198134 0.12606864567260548 0.15472539521095366 0.18835252478371486 0.2275166206250808 0.2750048667356411 0.32761341489552775 0.3807500640320821 0.430271474301103 0.47161667267536955 0.5002601107133038 0.5124019813900151 0.5097821669829786 0.49506553282240895
0.9899933841286774 1.0100615972535227 1.0274344053760538 1.042567804520533 1.0604750539531094 1.0817642017085227 1.1058056599445192 1.1318001525711674 1.1587586799797338 1.1714361697675704 1.1289644304912696 1.056869789223158 0.9630501776976828 0.8560420440056085 0.7432559190364738 0.6301216152060689 0.5229807254483857 0.4261333775065256 0.3408194212768938 0.2677030906386294 0.20688276661401253 0.15834725068342168 0.12118382644207701 0.09409496451580052 0.0759880701229626 0.06736606721805719 0.06851668597130328 0.07798925310082779 0.09417182613679867 0.11593750753256697 0.1424976174391235 0.1743241568742507 0.21226750262535618 0.25627682151238296 0.3065910423009665 0.36008099001964883 0.41155463963678096 0.4568140200394924 0.49115981285858656 0.510418513895798 0.5114155260595861 0.4991907277187516 0.4761343666628265
1.0377147067855965 1.0578879406059534 1.0734851073912766 1.0859416366361678 1.098089532524147 1.11215383007227 1.127712310402337 1.143965253346588 1.159343446190695 1.1608513385132584 1.1224351573358227 1.0530149400355127 0.9626499881278697 0.8591177496563112 0.7479538258364368 0.6364864566177688 0.5314820360387843 0.43662764593374936 0.35325813161822195 0.2820016713191989 0.2226631449397878 0.17512836369937065 0.13872028688819443 0.1122245303660008 0.09545211358134816 0.08789785263385459 0.08912213829663068 0.09853393996708908 0.11555824476442753 0.1389548508265382 0.16821965013589635 0.20445190977155178 0.24790736589182463 0.2982675932214364 0.35443929413256375 0.4105762611746885 0.46145336600052245 0.502360743313974 0.5292293909329961 0.5381326831705058 0.5274226639550685 0.5045727977560467 0.4722306780377633
1.0845618475535557 1.106945413763075 1.1201329226819507 1.128942691153012 1.1347493657059509 1.140303972661472 1.146541135132022 1.152899789328094 1.1581733753252283 1.1559895107187415 1.1217885026620178 1.058005468286614 0.9727205575778348 0.8715367848849107 0.7626057248574166 0.6536765430619624 0.5510896605105458 0.4580058547673919 0.37598135943043615 0.305396084964297 0.24672079490045645 0.19917836562146868 0.16234869867613483 0.13632061301846937 0.12045524888990342 0.1137803875326101 0.11583719056964098 0.12643599302691078 0.145418487834229 0.1715531959773098 0.20513119453242798 0.2474019110392399 0.29807609308622346 0.35644910134101077 0.42038344582725884 0.4828500388415361 0.5346718046563841 0.5717334668812802 0.590219524848781 0.5869605127394572 0.5627747429977532 0.5269050851931025 0.4828907535869821
1.1345641014170225 1.1606942609285347 1.174368295856184 1.179314933074344 1.1784324062094846 1.1749057364342814 1.1716601173051442 1.1686179722151988 1.1650054943200645 1.1590310053733244 1.1293428501417049 1.0716183163308863 0.9899716100046976 0.8921263314371857 0.7866213712996121 0.6810719069416584 0.5813547572651292 0.4901467965310246 0.40901568627333895 0.3379950918591953 0.27792656659412746 0.22909004877133243 0.19168002203779178 0.16614130777121944 0.15107422411711327 0.1455434161638794 0.14922615612875137 0.16222170072242914 0.18453202925764442 0.21500384604519318 0.25522277145898964 0.3060128365904221 0.3661963832106764 0.4341273313464144 0.5070972172645692 0.5794036860979841 0.6365461554000907 0.6706406670483902 0.679705518848916 0.6616296699037295 0.6209038008898343 0.5684932773406458 0.5098511727881361
1.1878144537264639 1.2188045357261807 1.2325411714293217 1.2345904523678206 1.2291156713447544 1.2186818442917835 1.2055766715413343 1.1928559548514555 1.1807044251966219 1.1693081709397841 1.1461447107681462 1.093673446024572 1.0163683340091425 0.9229002887332826 0.8215482616330951 0.7198968600406643 0.6233989669323459 0.5340086221466789 0.4524192629878431 0.37847504924547554 0.314825224791202 0.2637296125986979 0.22616865068498457 0.20111303166019207 0.1870867523659925 0.1832588149557739 0.18949749901356847 0.20618353675502496 0.23341552658160897 0.2703722265855172 0.3201657812437379 0.383404986942839 0.4554823272279342 0.5341069751641421 0.6179493733677511 0.701648607485518 0.7688891500162369 0.8054671121595737 0.8050692895635647 0.7690879369864843 0.7076338569656633 0.634472282351337 0.5584739164555732
1.2425943924561509 1.2808872634117394 1.2916713260886914 1.287873689868401 1.2773623969343653 1.2624744572086943 1.244295870429714 1.2253667502956749 1.2075661968423832 1.1910539910175135 1.1711466348861566 1.1235065935666355 1.0511276721438718 0.9622467919499155 0.8648383792381291 0.7663724517361931 0.6723973445765767 0.5855399538417708 0.5050111856363398 0.4267106071477425 0.35691745550401194 0.3025461524375338 0.26450346249431167 0.24006101875940788 0.22761970504515294 0.22629295261069987 0.2361531378399131 0.25790978423543803 0.29180233743030337 0.33744422949323727 0.3994045098078069 0.4796230157906316 0.5648738455045906 0.6571319310178967 0.7551791035862386 0.8516280377202127 0.9319382716207707 0.9745242762068504 0.9704578370692771 0.9181152091562749 0.8309985079769542 0.733266962611876 0.6400327753640486
1.2917354326973278 1.3455178093224938 1.343252921756234 1.3323794332596408 1.3182890228526654 1.3015478420430073 1.2822657987462174 1.260535775612847 1.2378862286815016 1.2166132064368484 1.1927176919913667 1.1514021690922212 1.08489282420775 1.0010928511884853 0.9078146737020714 0.8123719862262452 0.7211100135076135 0.6377801311296447 0.5643187479549507 0.47833062813732175 0.40061888985435823 0.3436514672916912 0.30534683158408693 0.2817166275038714 0.27115033784413134 0.2731971079974149 0.28781255306965803 0.3160561389453361 0.3584329753497999 0.4147654819797171 0.48997604179307286 0.5828321641311506 0.6871374406748053 0.7992567675929884 0.9154000844838442 1.0267779191012767 1.1205212732338579 1.1707612707660755 1.163743157476765 1.0998846989877382 0.9929585881333368 0.877117302386712 0.7726517340580723
1.3063964254173712 1.36251975799926 1.3665342845373976 1.3598166366890894 1.350172339045917 1.3364678446642226 1.3176254649773596 1.2944004700191933 1.2687370501466937 1.2412534933366213 1.2091346687444966 1.1713953933756662 1.1122842951207597 1.034819043624562 0.9462062095401437 0.8536538033977593 0.7637110416587936 0.6797145524816376 0.6007661336879819 0.5174062343129178 0.44079972936287126 0.3841431795140347 0.34637180174096377 0.3242144323215367 0.3161232369437373 0.3218976304394302 0.3421842788467117 0.37832248981033517 0.43110088450800527 0.4993996372844838 0.5875519831004268 0.6953815466358704 0.8195335857386459 0.9548835475539275 1.0937031794721714 1.2236707019808815 1.3287211179689733 1.3870035828472775 1.3780416110938734 1.3048765818651584 1.1821923519331903 1.05957877130897 0.9534670765357979
1.2871825929370184 1.336797665546556 1.3604802531656393 1.3708858642454258 1.3732049874269727 1.3661103840102804 1.348829916006529 1.323989001860639 1.2956871354286044 1.2627573018132332 1.2236312676174452 1.1809670719196301 1.1303161166476408 1.060396989441125 0.977298076119946 0.8878462495249589 0.7984173648687526 0.7119941058554756 0.6289271452666125 0.5481774168579396 0.47608368251147776 0.4218130050062168 0.38552626829344844 0.3651767710051381 0.35998318758789727 0.3700795418658384 0.3963998587832199 0.44104881382610334 0.5038801121617936 0.5833603292907078 0.6851016386378566 0.8098762505361355 0.9557005775327528 1.1171382577815756 1.283507570284035 1.4370506566284085 1.55522523628674 1.6186086336418948 1.607887546166357 1.522006049163187 1.3908503479943655 1.262528765530096 1.153413571305562
1.257881359471731 1.3068479744460262 1.3428696818221961 1.3703107805837869 1.3879981695943473 1.3901299861202638 1.3739988439932749 1.3464842680082645 1.314901173113519 1.27693909030106 1.2333516701358282 1.186071722490282 1.1362010152917528 1.0755192767530393 0.9994853492987111 0.9143709820817146 0.8265425302242337 0.7397387288631687 0.6561760352016192 0.576771707941708 0.507759760146177 0.45575699345100806 0.42102098735703597 0.40251943598936973 0.40006489096848996 0.4142754130500269 0.44600381037747433 0.4963808931950759 0.5677847672938349 0.6580947591440626 0.772934061131682 0.9143147729650027 1.0818119930611725 1.271027461638516 1.470132384471021 1.6574541124001967 1.7988297000230684 1.8592410288795282 1.8323410822991562 1.7325029286268976 1.600536868555343 1.464206515156399 1.3456868852425485
1.2227827383209993 1.2728917377430797 1.3173944304570184 1.3582179758022415 1.3927897954736408 1.4069859966428084 1.388243146898471 1.3570151889926798 1.3228100399195377 1.2820522384276094 1.236057780123841 1.1859952698473313 1.1328101699959947 1.0772447118856516 1.0112760076500407 0.9330438523056603 0.8490299278506724 0.7642131499266738 0.68186546717858 0.603508060406027 0.536388340730966 0.4855988346783823 0.45146817022807445 0.4336347113736462 0.43237960364749267 0.44883412701136083 0.48366085935666353 0.5386337143489648 0.616210629401272 0.7155539032965318 0.840780446256494 0.9951806519811532 1.1803253103724347 1.3947267522528373 1.6326496616548627 1.8727857039842029 2.048992580215115 2.091983981979312 2.0232737220734034 1.9133654882743243 1.7822014620345525 1.6402635214127679 1.5091520965854563
1.18317916502187 1.2338080703001644 1.2821065488728867 1.3291853524409913 1.3739885792308635 1.402071571343456 1.37848084058615 1.3491034677515672 1.3167748889151585 1.2770170306257933 1.2313260351611894 1.180851903841302 1.126422648260861 1.0687549197345532 1.0085485460092736 0.9405328571774961 0.8634495781507848 0.7832984820749073 0.7037100474012564 0.626763165616112 0.5606682211681541 0.509786643486886 0.47427824922435186 0.4544692555508616 0.451897571437879 0.46884629302434633 0.506612415362386 0.5651504901153831 0.6457222518610369 0.749420955837334 0.8794329116434187 1.0391812323770315 1.2318052634294785 1.4615995210662618 1.7346596866343642 2.0409748257359723 2.2897573563016507 2.27665537024402 2.1591222521271933 2.029799439704821 1.9025942746611308 1.7694485437073315 1.6322779163803731
1.1406489756977285 1.1893956097650824 1.2369634495043527 1.281865479769507 1.321240761625235 1.3425596472414905 1.3384629486095412 1.321349369585688 1.2965826500696587 1.262008587756567 1.2199756942908206 1.1718447817092823 1.1185101046199957 1.0607278093050347 0.9993068393019628 0.9352138390550171 0.8674318460060684 0.7942305798059941 0.7189026700739916 0.6444339840403055 0.5793691209248166 0.5275161462954369 0.489028526791866 0.4639514236768018 0.4555872643746583 0.47289373195734424 0.5146617573592155 0.5758667163008299 0.6563553514307763 0.7583113464920876 0.8847469218806562 1.0386620071581658 1.2237074772391656 1.4497556444965278 1.7223520239290868 2.0417696487811714 2.367319112994226 2.3036674647492372 2.1814113623999805 2.0627863715229724 1.9485507921119514 1.8334449523236003 1.7058736363113078
1.0963989706842856 1.1415085406117222 1.1855254110849966 1.2253000186016672 1.25851971300959 1.2793799461443425 1.2854245550413814 1.280605889546155 1.2659221074237748 1.2394575814332929 1.2038287805768264 1.1605704749798547 1.110642223181339 1.0548252122429274 0.9940220164073775 0.9294507716445737 0.8626871893576369 0.7957520130793267 0.7263447850860033 0.6558741574326162 0.5922317624498922 0.5399870219975045 0.4987153038931237 0.4655285957119104 0.44372917939192197 0.4647978614926153 0.5125141426067783 0.573661008328151 0.649556970516252 0.7429059919248008 0.8570035522294428 0.9941349161291246 1.1590668586869988 1.3568155809848346 1.5867713188661976 1.8393034266601043 2.0456420747700172 2.106619909081588 2.071634767854834 2.004380189035091 1.9257925083384597 1.8379434115633229 1.7299001152807163
