_RESULTS/CROSS_VALIDATION_POSTPROCESSED_CLR/MHZ/IZ/4comp/4/MHZ_IZ_z_710_kriged_reverse_4comp_spherical_4.asc
ncols 100
nrows 81
xllcorner 5.5967107548124995
yllcorner 50.982328804812504
cellsize 0.00017565037499993607
nodata_value 1.7014100000000001E+038
[rows 38 to 56 of 81, columns 43 to 85 of 100]
-5.874868293081256 -6.00810369836545 -6.026389299054069 -5.924949911688298 -5.731868826683557 -5.4663321861682554 -5.216703120409026 -5.0532394729560846 -5.0448716951025645 -5.2192106627865975 -5.556289322228358 -6.008996710182935 -6.540172461962244 -7.113069512425489 -7.7131105352792195 -8.27937533390717 -8.797033524656117 -9.302807048791434 -9.778533350686168 -10.198621558342078 -10.532017532693636 -10.741916411202183 -10.808450483053516 -10.759825239383916 -10.620406066243453 -10.422849838630011 -10.236501727704367 -10.090527116566316 -9.997474352811786 -9.965861825280236 -10.001797507931453 -10.104986568891912 -10.275576897807117 -10.505410544457852 -10.7815405199739 -11.079344856978235 -11.361698937880009 -11.630992568536449 -11.82167845176459 -11.861889392457968 -11.803540354363392 -11.718883514446802 -11.646201399662019
-5.033934598588345 -5.120935052355401 -5.096416001856519 -4.943106076140866 -4.685447636955953 -4.353470876033196 -4.021919620627496 -3.787983331600526 -3.786155688205149 -4.059993387999281 -4.5100071989415325 -5.051521612215779 -5.649310188755544 -6.28590046956473 -6.93934591218986 -7.613063273161452 -8.233345517052527 -8.805201739567114 -9.342432976860866 -9.825274183100175 -10.23263143738539 -10.52205939246228 -10.688819608033683 -10.753512003935581 -10.737366171008166 -10.658945251438695 -10.576083823911322 -10.516337334745728 -10.487028208503464 -10.491287259453605 -10.532743512084565 -10.612332268615486 -10.731910814143319 -10.885846225543922 -11.063246019058194 -11.252650291612268 -11.439845440487847 -11.603862318640168 -11.729771190292752 -11.756875120449486 -11.706596468054794 -11.619426308371173 -11.526448066776783
-4.27128841578126 -4.299858228910505 -4.244417542908131 -4.074850444687809 -3.779597208966034 -3.400410710782336 -2.9750098931586964 -2.590780242680805 -2.5501558299278946 -3.00104106883812 -3.5710026693294408 -4.1820809803721515 -4.822111069314936 -5.485971948436197 -6.175554127755839 -6.899091449977386 -7.618149033352776 -8.264958355480724 -8.869276908885565 -9.423753033835853 -9.91117949472296 -10.28394592756526 -10.544377525365954 -10.717178562922538 -10.805447125832197 -10.830122596487783 -10.840859903494941 -10.861407991295016 -10.892746203880368 -10.9324425239063 -10.978491319705718 -11.03304521782681 -11.10022340449975 -11.178592028758608 -11.271898924441569 -11.375321365087657 -11.472836611606951 -11.550316728076503 -11.604217273542458 -11.591274026693664 -11.520528281901441 -11.414369202734498 -11.294065489474892
-3.657476656078119 -3.625243515017808 -3.5212671014978576 -3.337654974492446 -3.053907707122665 -2.6738073695205244 -2.229075980424996 -1.7801986356414616 -1.6975815202876197 -2.240526198106809 -2.838409543239262 -3.4604527470335693 -4.104420913997818 -4.7683958156088355 -5.464872912629794 -6.202747116545757 -6.966029542092919 -7.698993975170104 -8.372855024571065 -9.003096021361376 -9.56723143945956 -10.02114281434629 -10.363634631044347 -10.627653242844401 -10.812943179556731 -10.92503885402228 -11.020837648605111 -11.119031133247208 -11.213034600928367 -11.29214214327174 -11.346320503921937 -11.375197490916563 -11.392796675743078 -11.413283009228646 -11.43969207880184 -11.469296973242123 -11.49439431683076 -11.501922341743715 -11.460334546567147 -11.379786119883754 -11.263589053317837 -11.121657802333687 -10.965119341673146
-3.20432659931428 -3.1217712901499644 -2.985640997296872 -2.7900764031237797 -2.5260338242410025 -2.1988803940267214 -1.8431316384982814 -1.55140595991337 -1.5350637266295042 -1.8600782310028858 -2.3526342652019085 -2.9162339202477128 -3.5217964012874767 -4.159175634423616 -4.844544046413571 -5.57731756749848 -6.342849187916396 -7.119769933391542 -7.862606994565201 -8.565249440246747 -9.184883915493279 -9.702949811101767 -10.11452658087624 -10.450981785038827 -10.719117547774331 -10.915610924797736 -11.089856032696943 -11.26453533929972 -11.425327405420834 -11.550908136209006 -11.624833362289198 -11.647063276882633 -11.636110618046455 -11.608576051367832 -11.573951540804586 -11.540121861752382 -11.505935862563295 -11.446202148191997 -11.320931599097243 -11.162275755587952 -10.981759998137024 -10.783947343785274 -10.575164229285251
-2.9169754853749517 -2.79068735664817 -2.6377699967640345 -2.453176414330123 -2.224418019011906 -1.950381194591289 -1.6999290996688545 -1.511532069618947 -1.4973223674947187 -1.7031223621810687 -2.0720442441830524 -2.5425349144609415 -3.0800293249664943 -3.669928029549446 -4.327270251995379 -5.043855659892125 -5.802197818180964 -6.5811123592643 -7.355861509507996 -8.088337042786337 -8.744892222048879 -9.3144439104686 -9.789036343640037 -10.182341622397274 -10.517506020284289 -10.79217205033454 -11.04567733927944 -11.300935865822868 -11.544189577706728 -11.739415231389188 -11.845358982634028 -11.856723399149036 -11.81155631873514 -11.743947579930143 -11.668114656824791 -11.58736065977583 -11.499502507709 -11.367422122891737 -11.17927649496335 -10.943487741745269 -10.693607544224237 -10.43444013392224 -10.170892572181161
-2.7964856523394896 -2.626488455923326 -2.4697245797098057 -2.3175149621811135 -2.1423874368831104 -1.926017418883954 -1.7224421561582792 -1.5949955714070239 -1.563094470252513 -1.6853992111264997 -1.9472584375126134 -2.318124728869372 -2.773130513782835 -3.3015302547451215 -3.9190929064242117 -4.612126158046359 -5.349470614571628 -6.106136612241112 -6.855637363535321 -7.597969412663523 -8.279918326023877 -8.886582264173256 -9.410756180775916 -9.850994087537819 -10.23618114975895 -10.576846373522642 -10.91158651335677 -11.248724464710417 -11.588632702521359 -11.87999251963578 -12.02155921967634 -11.998731491821227 -11.907999947937173 -11.803135682603221 -11.697313933426624 -11.59161611030105 -11.452240735689667 -11.256273702079408 -11.012140157559694 -10.722454330613271 -10.402438662600366 -10.08213346064396 -9.783521635527887
-2.8436247820136433 -2.6188302124432683 -2.4718522418951423 -2.3799473646592704 -2.2755451074699113 -2.113551020157649 -1.9237785396584979 -1.791602442012758 -1.7465754180873692 -1.7905998399572418 -1.9544022753470678 -2.2269930347455293 -2.5936837639624324 -3.0509788219264977 -3.6220817089689263 -4.277088229837565 -4.979963336806646 -5.695372462503653 -6.395727210947292 -7.103682836122829 -7.7953402166294365 -8.427638019813461 -8.987790818657619 -9.471256922049681 -9.888115707919425 -10.278132328061348 -10.67724296033689 -11.084604699842377 -11.515860565022386 -11.951336439868252 -12.141569782603973 -12.030770264565467 -11.899881098181414 -11.775151917342034 -11.656518342770665 -11.520671424149164 -11.337188104323172 -11.10083455438346 -10.809560661815453 -10.477107033750237 -10.116102422093807 -9.757784604709757 -9.430095491133272
-3.069074101286183 -2.7542159561260755 -2.640497591058576 -2.661153235879799 -2.6470297841433235 -2.5211748848930107 -2.312913301179865 -2.132482255072712 -2.038817923462161 -2.0196439116914187 -2.0859788482707327 -2.26275114048969 -2.541123435165911 -2.916773273623873 -3.4276675650420843 -4.043260353825555 -4.692943813343978 -5.341320885620796 -5.9842978267820115 -6.6378857887950335 -7.30795549617472 -7.939167470551756 -8.519333360052467 -9.032518867768445 -9.474434250981984 -9.896265352820757 -10.333694664510274 -10.780719505268895 -11.243784258440863 -11.708772717990543 -11.932777954407513 -11.861287537355453 -11.759530202047387 -11.65353872497212 -11.530314590509638 -11.362319799186839 -11.145947286409598 -10.87943957183533 -10.562864965742449 -10.209003013086136 -9.84229770727503 -9.474714515560398 -9.121103885746956
-3.5315830246672806 -3.020541953678549 -3.0052672201909445 -3.2438556915537715 -3.3174694330813383 -3.1762521260520646 -2.899459705621336 -2.6303640477571406 -2.437113971202794 -2.34852477300847 -2.3377126224763103 -2.4237832950779685 -2.6262476350634216 -2.9265008357042666 -3.3702744517284726 -3.911360552577141 -4.476708271692228 -5.0503866892431715 -5.626321203058891 -6.212843495524935 -6.84870798841998 -7.454401227777696 -8.019024826981292 -8.534299514919134 -8.997296981639707 -9.440141044332908 -9.890186806542935 -10.343430596852954 -10.783309027961398 -11.17738916951355 -11.424992849977972 -11.504584951834413 -11.498633305355945 -11.432948117304939 -11.304288795480954 -11.117701645142807 -10.879512062985121 -10.60037432307656 -10.286089570988782 -9.941098675694525 -9.574332031674906 -9.21086359201479 -8.860696959202343
-4.464988166724327 -3.563069947050307 -3.8633581149242486 -4.343544583365757 -4.3749969572888165 -4.0995517526118626 -3.6789240301421624 -3.2720431761342175 -2.948290127509922 -2.7535568965174786 -2.670593806727969 -2.6983733316218004 -2.8403620316954408 -3.0822262313294893 -3.4334483621844916 -3.8664448709539534 -4.3368880746134515 -4.827454983855836 -5.326607783330915 -5.839934994547896 -6.4258207479760845 -6.993271842392403 -7.526352248425217 -8.016986535241898 -8.476626531494894 -8.931081607062254 -9.375422320693248 -9.815637010610615 -10.231210845582286 -10.603631064926262 -10.889486093633153 -11.069540204466943 -11.143522359335059 -11.117219201790466 -11.000008294825994 -10.812820199005472 -10.574961439034023 -10.299642004056695 -9.994629797693456 -9.66485690280755 -9.31427045872231 -8.958572628897798 -8.62087752522625
-6.176670650499016 -5.852286986704396 -6.040542363055969 -6.1893989433305245 -5.872820772011885 -5.303904660572143 -4.654102961927558 -4.057224094509799 -3.566527301926964 -3.225588573356085 -3.053140336861297 -3.02043156354471 -3.112514960988872 -3.2964895079651284 -3.563724275189851 -3.90077118055562 -4.275344669206205 -4.676050387671879 -5.089649406289446 -5.52416243543336 -6.047893697573377 -6.564595321547221 -7.052602125060361 -7.507737828392729 -7.959006156130061 -8.410634456421398 -8.854440353939374 -9.27760126625844 -9.675711014807451 -10.048976154024725 -10.368095006662054 -10.605545593126484 -10.749615142324691 -10.774863754806926 -10.67376062157549 -10.486170996136117 -10.250400887891303 -9.983543073907594 -9.693245635941988 -9.383742962877468 -9.05832119646997 -8.721688018199753 -8.400207102112063
-8.16324025773123 -8.347972395224833 -8.795360027306435 -8.50503792551966 -7.587928637171919 -6.651926423574474 -5.758743212837152 -4.97180669517952 -4.30745008589451 -3.7892235363098226 -3.453473386158293 -3.310016463872298 -3.368456264416507 -3.5344203894892208 -3.7541576349046157 -4.014166753748258 -4.294897993377633 -4.6000185263500235 -4.920122084008934 -5.271434943266753 -5.7241824614457 -6.1781168227025445 -6.6082676844415875 -7.029818609993867 -7.462324617161204 -7.902005158958061 -8.341695247153499 -8.768517118169964 -9.158234110536583 -9.517526750887063 -9.846916083066764 -10.130856289907143 -10.354733700742585 -10.44396179995994 -10.332919874261453 -10.13722604161211 -9.90754093470317 -9.656359943465464 -9.387796171368969 -9.104520165766846 -8.8090715206771 -8.504309567256641 -8.203935511296887
-9.821047646915737 -10.174278672800444 -10.685772481583928 -10.214347889287573 -9.038516901947142 -7.897078012918191 -6.842566966421728 -5.911344460325014 -5.103316371991628 -4.4257148790112915 -3.896604125049017 -3.588783339774908 -3.6542647358927693 -3.8026544096368533 -3.9754522201957685 -4.167791249241169 -4.370837130053232 -4.589070543847704 -4.8164098723558055 -5.086674547586476 -5.4633627283162856 -5.8436164678993 -6.213294858318638 -6.598048885509187 -6.998453426574105 -7.411073623777606 -7.828435411975041 -8.237671296378329 -8.621036720677282 -8.980137204479906 -9.314450013435193 -9.623906529099592 -9.906518688247061 -10.085192271568484 -9.934949940174349 -9.752916626131888 -9.547724419984725 -9.32434158354167 -9.086318949836812 -8.835829463452436 -8.575320888116744 -8.307636370817553 -8.038265739991505
-10.987654790143099 -11.219717094832042 -11.31643028627888 -10.903829401013727 -10.00509585043835 -8.913967331119132 -7.821220882149067 -6.823408355127118 -5.935488884450601 -5.169618999961349 -4.540428537402285 -4.133741953844481 -4.114459936322815 -4.164871120273952 -4.239827873783462 -4.347283357198487 -4.462834123425082 -4.5902544998780375 -4.724724266014922 -4.92351028265346 -5.224124942395827 -5.527337244443495 -5.842520829479181 -6.174773800460743 -6.525731521455956 -6.89576544804758 -7.281011985296297 -7.670725371155335 -8.04736343739148 -8.411158838974222 -8.758317405684867 -9.07479764811999 -9.335652918985499 -9.475002028830012 -9.448158433537156 -9.334092763412738 -9.179651094055686 -8.999204483265464 -8.800385495513485 -8.588727661491628 -8.367580070158201 -8.14029869158395 -7.910458167994866
-11.747955408555303 -11.850854514685166 -11.777325762854119 -11.382935687313154 -10.656803003518364 -9.710255297014626 -8.689944663942953 -7.689125127195422 -6.781836961744374 -6.000529883216038 -5.382257175855939 -4.965086666141701 -4.742485853326068 -4.632045868378079 -4.5717446675576925 -4.550336915073652 -4.567307009809689 -4.596480997126334 -4.636951852289597 -4.766653614729174 -4.989040003619952 -5.228502985816841 -5.481332799631744 -5.750331258862407 -6.041019948633079 -6.359760798888217 -6.708546257828513 -7.078658763441326 -7.449801187036521 -7.818172868464653 -8.17298568643833 -8.493411557272012 -8.750389271643458 -8.908973718095696 -8.955873707712913 -8.917196285532485 -8.824411043139548 -8.696759749855683 -8.545092917428589 -8.376449151240932 -8.196874660742631 -8.009723277024973 -7.817438342966621
-12.209927086499908 -12.249716973196879 -12.123430596182137 -11.758868912060466 -11.140784775775856 -10.330218052805726 -9.432944279836018 -8.497331829327543 -7.60500682576956 -6.834204151450625 -6.212739010881013 -5.747919918396591 -5.400126695145414 -5.144629372392045 -4.9477023704919425 -4.7890242308689075 -4.677041631085457 -4.603470886517982 -4.559392209857052 -4.627487648817324 -4.789470992543327 -4.962760265635696 -5.145044116929666 -5.3399992338947095 -5.557422070259165 -5.813183854815218 -6.120772819434843 -6.474612686441946 -6.8467411573985535 -7.225028656334035 -7.590745012339278 -7.9194886389477706 -8.187497733030613 -8.375517298043851 -8.47762195555795 -8.504705554125373 -8.47470187421109 -8.403238240193627 -8.301552236079546 -8.17753468127631 -8.036942963889896 -7.884487288180988 -7.724400191877608
-12.430317931112965 -12.46674795934861 -12.349976897699808 -12.033397659155078 -11.503198401466292 -10.821132559775583 -10.046216853976878 -9.216738693022187 -8.372122885826053 -7.612971451534482 -6.977838315617327 -6.4629298985666646 -6.022109187127058 -5.6492259438053924 -5.3291631480347395 -5.047603555321798 -4.800419541804427 -4.60534129821397 -4.505250888499868 -4.538875491850384 -4.636695990710939 -4.740531662649397 -4.84816023374388 -4.961527745774907 -5.0917865853057505 -5.267101001498778 -5.527318858307366 -5.876023699873012 -6.2636029909568105 -6.661537705592569 -7.043014137877989 -7.384642355241823 -7.669132395663288 -7.88506634888446 -8.02932691085554 -8.107695697047586 -8.130928774568417 -8.110291289386863 -8.055847990254959 -7.975522526920388 -7.875323814259984 -7.7601217393869355 -7.633897404170652
-12.468975840615425 -12.51835651984618 -12.450696097734951 -12.199650773142153 -11.765402424310231 -11.20389460004249 -10.54401554403824 -9.817341187160425 -9.056326094304373 -8.311146630980888 -7.660375596757731 -7.098397909329957 -6.5814076548691505 -6.111954288776273 -5.685174020679792 -5.290336072595352 -4.923862970664966 -4.621161922481897 -4.485503779567074 -4.4827750607619725 -4.514550955836488 -4.550845673656235 -4.586498210961821 -4.618661254048151 -4.652148305304756 -4.720487543007742 -4.929007195033099 -5.310870304976759 -5.738079451547894 -6.161752767824226 -6.5581876335691 -6.913804473156636 -7.218568229734477 -7.463814999934203 -7.646318635339768 -7.7683770705337 -7.836280885013506 -7.858132988204338 -7.842247780323621 -7.796438164101111 -7.727879778140977 -7.64320740082342 -7.54865531188307
