_RESULTS/CROSS_VALIDATION_POSTPROCESSED_CLR/MHZ/IZ/4comp/4/MHZ_IZ_z_90_kriged_reverse_4comp_spherical_4.asc
ncols 100
nrows 81
xllcorner 5.5967107548124995
yllcorner 50.982328804812504
cellsize 0.00017565037499993607
nodata_value 1.7014100000000001E+038
[rows 38 to 56 of 81, columns 43 to 85 of 100]
1.2510063340277562 1.3031751517039303 1.3259697840780515 1.3180091460843195 1.285351646188361 1.2318415940803522 1.1762158204282502 1.1330361470814245 1.1167509709965548 1.1346108466081615 1.1856051778347223 1.2630848015508898 1.3628981944317753 1.4850843703504244 1.6271691820194412 1.754367294515231 1.8461899408354299 1.9183717682962154 1.9672963351799806 1.98774564521996 1.9736180895220745 1.9182364738199056 1.8263509963411124 1.7170981972108186 1.5992650692257373 1.482745637237793 1.3847785115632119 1.3156474566490428 1.282405185319476 1.2913960698300626 1.3483121251247272 1.4521093244089038 1.5950281495084084 1.770367604226163 1.9699168977257067 2.1802789951838215 2.380065054017291 2.563503168679616 2.704150116466389 2.7800413724056123 2.8117874138477155 2.824868907835417 2.832161534039513
1.0554000241569268 1.092859356513552 1.1019161696459077 1.0787515494031308 1.0287614010059862 0.9584485648835694 0.883576053805314 0.8236746868484127 0.8047530793564175 0.8368647989913507 0.9046511845975359 0.9948393961272318 1.1028065780304193 1.2271997109242287 1.3686977963988354 1.515903177895286 1.6312295720119627 1.7160812641455352 1.7781384167743304 1.8133624403038926 1.817771805177773 1.7839724379485868 1.7241361064545513 1.6483739066296217 1.5666956574419215 1.4863353107600301 1.4218888580349962 1.3828684476670383 1.3749555185597158 1.4021808211285112 1.4693233088704283 1.5760808086281959 1.7143961693049692 1.8773575346255122 2.0564232792642736 2.239290299057154 2.408589436334717 2.5535556852903802 2.670695791189326 2.742799806189053 2.7770460160080024 2.787018065408464 2.7829434331501908
0.877433387555368 0.8966343418835737 0.8944618030605179 0.8639695166005881 0.8023725404026019 0.7190015264857375 0.6221507659568738 0.5300644564666124 0.49905312055934825 0.558175738531133 0.6427919632011919 0.7411240789102199 0.8530648707971643 0.9793152703108354 1.1178988062273478 1.2630413835386638 1.4017994654586827 1.5048367218226932 1.5834751276129424 1.637354072480947 1.6640260909442344 1.6609710591468658 1.6342443439171679 1.5942858844295904 1.5436235125230937 1.4935022306046486 1.4572243962511207 1.4434340196995852 1.4567821670155328 1.500492060255354 1.5769440528941288 1.6872515892976128 1.8228426890296114 1.9760348337055966 2.1362481060406795 2.2918049169732138 2.4305120449981126 2.542994678294593 2.6343889336418123 2.692391371383149 2.718222669146247 2.718940294106514 2.7013971125865357
0.7343894642481104 0.73434241737132 0.7161627481325039 0.6781611967037595 0.6152664362067146 0.5275567137912742 0.4221437272402593 0.3124336288449385 0.26743243907714764 0.33671743502676943 0.4200010156638978 0.5144997249830645 0.6224039106404243 0.7454321895123487 0.8799035704005924 1.0205367594471464 1.1640611994999468 1.2912579181963424 1.389357977835789 1.4649967447199856 1.5209552857808288 1.5503694185630827 1.553946932585366 1.5453542426006592 1.5258598722356567 1.5001181232368157 1.4870135723349254 1.4946327952304117 1.526860967742873 1.586449256787416 1.6740496187826424 1.789966330693925 1.9249580300293299 2.0691836585529506 2.2132501862455207 2.3475573749130194 2.4627975507926814 2.550046408047182 2.605102810897252 2.6360771594168577 2.6425837829187895 2.627092643186695 2.5927837641125175
0.6296569849137743 0.6125684151243724 0.5821231489319302 0.5366572409899324 0.47306502310323983 0.3912323069086474 0.2971089552685673 0.20893361257223564 0.16806144236964737 0.1896456637616113 0.24564772699410709 0.3220326842499768 0.41684430363116065 0.530617657490325 0.657667524650289 0.7940819982692665 0.9368072036041526 1.0791790942847208 1.2010624314141625 1.3032153201915442 1.3846619437621601 1.4409096094691567 1.4712449105309742 1.488600709232338 1.4968415317853236 1.4962778494721676 1.5022097921478492 1.527307190633997 1.5752486752464487 1.649544954172342 1.7506898656952374 1.8770313680929562 2.017903890568731 2.159893856819585 2.2928401160228318 2.410815778626703 2.507347044953386 2.5726552931591735 2.596363712770695 2.594645134765044 2.572471495806745 2.530905062456065 2.4719134487321464
0.565284710363398 0.5325334426891202 0.49382024135223723 0.44687841400494377 0.3862997140593638 0.3091500547685968 0.22881420578694867 0.15161407013248085 0.10146544627098031 0.0911155531223311 0.11434161766890472 0.16422745574177777 0.23875969768266603 0.3379000351688579 0.455366044260638 0.5874695870641293 0.7294216695556557 0.8740836828032119 1.0128116131305918 1.1389367077192427 1.2444515458354293 1.3270227625734727 1.38524928629226 1.4256047796576192 1.4579903996419636 1.482113168899555 1.5064704631939034 1.5447644606533455 1.602954633006074 1.6864790578360267 1.8001618867295315 1.9408394968281681 2.0947476351280323 2.2436672328064664 2.376220939302333 2.48433403206938 2.5635260571765612 2.6051985238897 2.6059704072682908 2.5704817622862164 2.5160531772539394 2.444906651509135 2.359229947741853
0.5426359745321272 0.49405697748223854 0.4513048195442251 0.40990830459769256 0.3582675244997606 0.2874561590979039 0.20733876776549964 0.13202099862117578 0.0668130935758573 0.028476792770530057 0.019469874438585943 0.0392495667374424 0.08851227307795795 0.16883810304832259 0.2757815851519647 0.40505452096361827 0.5440656384157693 0.6828493416991757 0.8201689564410886 0.9660633403795749 1.095390365401308 1.2036717298553588 1.2895689929392666 1.3535647857522062 1.4072530831473116 1.4534594929446527 1.4984592308872764 1.5474827840212302 1.611404887014692 1.6980754848647108 1.8251800577821589 1.989331136711273 2.162992515560601 2.322643897302184 2.457684506181582 2.562317167595267 2.626435459179941 2.6446322902868022 2.622417509362606 2.5623693954721922 2.4732187200889584 2.3709613146469932 2.2673145127068723
0.563489890039735 0.4958204240981354 0.4546786641408269 0.42960994262605934 0.3939831655724675 0.3296623128340943 0.2415686128764727 0.15132616990964687 0.06954216968927751 0.0012821964901412741 -0.04073880393135254 -0.05304586586695348 -0.03292653287361458 0.024155531026347266 0.12093523861906963 0.24552100164346036 0.3794317376014835 0.5106185819072615 0.6429838558940928 0.7896258224198225 0.9378861184892091 1.0699503199152947 1.1814615725669302 1.2716500403897757 1.3447859471494494 1.4124355262006756 1.4793730975528567 1.5437519488441382 1.6141192139903657 1.6934554489759346 1.8334851205459035 2.0382625034095745 2.234512533584878 2.404833616219574 2.5414264850988575 2.636967410806235 2.6848904237919813 2.685305435127143 2.639803142546831 2.557252511601506 2.4455891998233033 2.321958613491749 2.2013902274048243
0.6334922054419643 0.5355722265483671 0.506377535413328 0.5182738432465943 0.5071571164317596 0.4443753579843064 0.33805779176404216 0.21944960875991248 0.10936435886388529 0.01156324004827436 -0.0651792887220608 -0.10974394552413114 -0.11986866597320667 -0.09385570464711468 -0.01073127964691567 0.11463739865451061 0.24121153360947 0.3614235175909435 0.487008596002803 0.6269799195554353 0.780993369552693 0.9269406482053444 1.0608945418935063 1.1763552682582898 1.2722209738496761 1.3617556750487059 1.4526720951447176 1.5414363923766041 1.632489725680308 1.7339751722959857 1.894188745478041 2.1140176790458547 2.320918296802122 2.496491189498995 2.627184827785388 2.705881061059425 2.7340561832213273 2.7147041154620775 2.651314018086025 2.5530962478827792 2.434024963009056 2.301275993601539 2.1631670126897173
0.7759080336818415 0.6114491874091779 0.6209831595707981 0.7105335627245845 0.7239280936085413 0.6446688430220064 0.5019568025669412 0.34041211135651284 0.186089546990724 0.05444110463539409 -0.05351780408910778 -0.12714933913078674 -0.15837001622840008 -0.15392212434269692 -0.08615189988082173 0.02473032158753319 0.13289462228782134 0.2399658961040716 0.3552677965508677 0.48412500418251425 0.6401502268406596 0.7908921804840804 0.9335045961314428 1.0659803336858902 1.1871565943159834 1.3013406272560986 1.41778012006227 1.5374820968570737 1.6635601780135654 1.8135765796527443 2.0010889445528903 2.2157764819000207 2.4240659809524665 2.5952643458047433 2.709795461583475 2.7658308665686833 2.770089295985204 2.732653742402513 2.6602245096229726 2.5576278507395513 2.430942816922424 2.2935137061994424 2.1508806103151237
1.077436275794868 0.7777892791113582 0.9098518575970266 1.0873672789598936 1.0773599537797103 0.9382154937157424 0.7314725312794952 0.5095734497839315 0.2999860245824366 0.1231883183743967 -0.01580539092364197 -0.10870800773183542 -0.15066039934119968 -0.14679213517297152 -0.10007236740413372 -0.023946138756497204 0.05863871035110613 0.14874769082943895 0.24972628903682237 0.3654473935399247 0.5178696993143546 0.6697557776870925 0.8165300830213594 0.9569353125983704 1.0934211133905896 1.2312564452885904 1.3710658869842096 1.5201844897387158 1.681573493432488 1.8697303427604988 2.0860964164926648 2.3162570568482583 2.529996287009464 2.6935201495712304 2.789142783572229 2.820702929192264 2.803680333977778 2.7503446263142193 2.6680302260881 2.5610728711980943 2.432403797703532 2.2902001462185986 2.145972224306817
1.6384564176542369 1.5658640799743917 1.6680274915364506 1.722253717698739 1.5731338731041602 1.3146955387212251 1.0155814248813047 0.7191101413550414 0.4454729484103561 0.21297377941187556 0.036996054120295385 -0.07567447521264148 -0.1259166235580449 -0.12552187226044853 -0.0924520577876129 -0.04034685370408475 0.01780413587689278 0.08809130316035119 0.17117973578044743 0.2716905857529588 0.4158779734984983 0.5645511579867772 0.7110952665990864 0.8556945958436478 1.0048817398277305 1.1610660003162612 1.3249466764864961 1.49748605140926 1.685692238755652 1.9033431431008525 2.148212827995007 2.403938132342557 2.6413260929663083 2.808559571891757 2.8775714385898237 2.8752518464428563 2.8314523139899594 2.7607782163945527 2.6689561123712675 2.5585202029164127 2.4310076668507987 2.2884502056483464 2.143401415622756
2.269589287183702 2.3984587014711862 2.6199631449557454 2.508690260827623 2.1189871729399057 1.7159417546860918 1.3230333263187106 0.9556105339155065 0.6193554099717065 0.32450832596040935 0.09155109158962715 -0.0550446795226327 -0.10410362833416653 -0.09549866288224829 -0.06415075590764041 -0.027211706972706917 0.009188816633014074 0.057746965851853904 0.11983666169224705 0.2033102419500421 0.3355401643814009 0.4760540920390508 0.6171549454948503 0.7632180574927234 0.9198628077346303 1.0888306543258481 1.2715121209139455 1.4684381332449346 1.677972781213323 1.9126284510831386 2.177814313735108 2.4644391334947517 2.750892873508268 2.9433797732288247 2.956999578257835 2.907509101184896 2.8380746304194844 2.754255226355956 2.6569904005419227 2.5463047780638783 2.4223119487851363 2.285443827162652 2.1415568033020675
2.75219215780629 2.9447377060035214 3.1947714368089013 3.014618244813228 2.528294582579949 2.05291598007297 1.6046788942530144 1.1896971366873772 0.8071765178056836 0.45963165359504865 0.1559285802686292 -0.04814176851576746 -0.06472872621756909 -0.043782206655407 -0.015387779527403112 0.008672041123041208 0.026994771383995086 0.054614238406232474 0.0943809186002591 0.1605504430602045 0.2778988388192227 0.4049893870446213 0.5364779604580743 0.6792305922777787 0.8361018976269045 1.0094529725479489 1.2007096979334728 1.4096642343993078 1.6342369686185159 1.88176273106508 2.1557759278583886 2.4559162795800322 2.777358852683542 3.030349979499986 2.9606702599178623 2.8856646414929767 2.8077020274992277 2.722665179233422 2.627816019129921 2.52215900778535 2.405265443827781 2.277193682099333 2.1394851699818784
3.031123132126303 3.166389236989968 3.2379724737222864 3.087046451582503 2.726607453113207 2.2855826040540648 1.835364593202937 1.4079317473359843 1.009096937883402 0.6434399932721317 0.31713866185290973 0.08878907162560634 0.056612573094088514 0.055709624332508145 0.061847101247132 0.06594136845976806 0.06237611970069756 0.06643812307071917 0.08218916452773861 0.1327725358687124 0.2332558023765392 0.3427951425072284 0.46149385383955543 0.5930106498485909 0.7411200018566291 0.909598489688695 1.1007412021688172 1.3138440708661254 1.5446953109458752 1.7972715911447465 2.070954096809823 2.3565105344694866 2.6273219212354566 2.8056135406666662 2.8352295887535304 2.7970357685853773 2.736570831512852 2.66413848972796 2.580916321188084 2.4862570375287723 2.3804543348396217 2.263882638488776 2.1371109693728516
3.1496708631387498 3.2236203572665554 3.220304508901685 3.079455578624747 2.7988507805112355 2.427481242621912 2.018627774039129 1.6070574430329239 1.2199712480403495 0.8713845558119864 0.5785893792147733 0.371190678618182 0.26092543500161636 0.20477245733889493 0.1701920648637949 0.14305691029583656 0.11348113725062703 0.09052627586827056 0.08123147892603821 0.11638437968715154 0.1972446394310301 0.28807432244585973 0.3881826635853296 0.5011758836517672 0.6323810842311982 0.7878921177942979 0.9718846488114015 1.1832064233157402 1.4144070175001449 1.665292057047581 1.9297011216043092 2.1924286972426117 2.424618211602149 2.586709511164212 2.660045961374053 2.6677001544474668 2.638216223687417 2.586945208277032 2.5205247233423647 2.4414813300512725 2.3498666278621494 2.246203505435806 2.130855321419049
3.159313488334953 3.199035357883674 3.169607236284116 3.0422127405163493 2.8126429907330133 2.504940220827267 2.1555798741458014 1.7855126785801363 1.4253624066938169 1.1049433224924572 0.8361027330527364 0.6297714036815066 0.4813531217893545 0.3775209249218958 0.3000119777508705 0.23664755753271094 0.1763194618584485 0.12424179935965673 0.09285262674895534 0.11374321161745127 0.17570951437311932 0.24432980140952787 0.3203090884995188 0.40741828222265686 0.5126469038458563 0.6460941014683915 0.8166433913253849 1.0234689434814583 1.2539432211805872 1.5023669107652786 1.7582019893386711 2.0038654672385112 2.217263566381639 2.377182745872389 2.4743697611309727 2.51649610269617 2.5182863103829947 2.4918298375567582 2.4446108345365403 2.380796085919541 2.3026072602210546 2.210964467197659 2.1058943886740513
3.0895147248705284 3.118188056243602 3.0872186290977917 2.9793374579639282 2.7907356478651995 2.5404135240366577 2.249515290136102 1.9346133338592757 1.6123443338564654 1.3188551797528567 1.0665353099775872 0.8593390846265321 0.6889253860978828 0.551191140238299 0.4371649689910002 0.33845596804016176 0.24768735488293836 0.1642125999585835 0.11898422524948149 0.1305655309221576 0.1700922444185291 0.213791494412493 0.2620966212801621 0.3176370828728394 0.38764963062767843 0.48769212642103965 0.6388030850768133 0.8436868760062095 1.078208449115965 1.328322869072317 1.5794632394644066 1.8150558320842503 2.0195995360038914 2.180559675986612 2.292317626994465 2.3576179398351114 2.3841272662894077 2.3799638438220727 2.3515885955560694 2.3033965247279977 2.2381421490555127 2.157529726436585 2.0625694165404416
2.967545043810648 2.9908049248531237 2.972827145034348 2.8901478207109923 2.7421272603057387 2.5441943782382195 2.307856155069531 2.046044194345367 1.772000119012828 1.5041675937362529 1.2657009493360172 1.0586870141012816 0.874567367215482 0.7131365029085455 0.5704350433511051 0.43993644760906325 0.3175207750074529 0.2085902945125544 0.15489985494047942 0.15536522784713958 0.1709108734779572 0.1895585270609954 0.21009156641793303 0.2324906990507012 0.26048426113920664 0.31175295953156223 0.4388782050251281 0.6585415944538973 0.9079162735144924 1.163540422611237 1.4115535409227296 1.6406852968839833 1.8410062881081073 2.004277168805742 2.126394208530256 2.207950258979667 2.252916087080414 2.266531498707298 2.2537607563719906 2.2186619596882498 2.164345097888023 2.093154905885787 2.0068830275650056
