_RESULTS/CROSS_VALIDATION_POSTPROCESSED/Berg/TZ/3comp/1/Berg_TZ_z_710_kriged_reverse_3comp_spherical_1.asc
ncols 100
nrows 90
xllcorner  5.6208707817415728
yllcorner 50.959635321741573
cellsize 0.00013419651685393446
nodata_value 1.7014100000000001E+038
[rows 57 to 75 of 90, columns 0 to 40 of 100]
0.07177763067579129 0.0723020692076657 0.07098667476577097 0.06809499622950499 0.06406039501705169 0.05936453956806621 0.05443994402383309 0.049618458878787686 0.04512049307988557 0.04106851986694373 0.037509689247191155 0.03443840557486505 0.03181585083146039 0.02962350680022469 0.027991693197757288 0.027584444830111954 0.028548083637333924 0.03104467147747254 0.034927726829330055 0.04021725393278105 0.04733145931317963 0.05683069006310879 0.06945284389644071 0.08614897388196228 0.10810498954191379 0.13671921641154802 0.17347180085602495 0.21955603036057794 0.2750286973599358 0.33711784469100164 0.39756115939277453 0.4407192011110908 0.44851557089193056 0.4148140744072841 0.35185926584248867 0.28093580704148857 0.2164227453757402 0.1637980246198922 0.12332663393475382 0.09319881884778641 0.07116709089803802
0.056863480456259496 0.05754120832591489 0.0570333208475432 0.05546616113741441 0.05307542813473189 0.05014590407175973 0.04695562657188229 0.04373879391087102 0.040669570760459975 0.03786129469335069 0.03537347820057288 0.033220389178314616 0.031378234246096974 0.029793715803047984 0.028458660135636665 0.028059552967621533 0.028929428425936123 0.031093124728773264 0.03424856243031426 0.03859204700285413 0.04444164955846189 0.05220435852809686 0.06239397460456 0.07563967690317897 0.09267086002322136 0.11425158724411158 0.1410172519350528 0.1731384194646042 0.2097212952091076 0.24792705050257505 0.28214424846093256 0.30434552811776305 0.30718764305989177 0.2888579535840857 0.2537490918144526 0.21119556989572208 0.1694593830591809 0.13308447520221445 0.1035334911944668 0.08053092223566974 0.06308879962939574
0.045658175472102165 0.04637609996407841 0.0463335607624182 0.045589924797105046 0.04427398285496492 0.042554159664906034 0.04060759049317627 0.0385961857531199 0.03665268808893041 0.034875364021968586 0.03332754271935594 0.03203718534378688 0.030991293333391165 0.030123070112825168 0.0293125803783492 0.02889546047107306 0.02957472864531178 0.031089260130882014 0.03341959725637833 0.03676387910414787 0.04134581206680397 0.04743573667781062 0.055360353345589856 0.06549664333513679 0.07824130446794465 0.09393891348899257 0.11274367546697435 0.13438732216997865 0.15784770656216732 0.18099620525333984 0.20048222353374018 0.21230299641523473 0.2133128133501579 0.20295837392852364 0.1829525820330699 0.15741352917998225 0.13087133785185281 0.10640863648142336 0.08551455067870589 0.06853248756608886 0.05505315316242534
0.037220814008878146 0.03791955786164632 0.038136474168110786 0.03789882438718118 0.03727801753705136 0.0363750203500365 0.03530370074099993 0.03417648197259306 0.03309463275921099 0.03214327512882666 0.03138937003177371 0.030879043113508753 0.03062635322032274 0.03057363889250614 0.030498538239195346 0.030224107847642057 0.030344785322752477 0.031007151348698088 0.03244901856851728 0.034801352583160056 0.038188819091324794 0.04276241659198373 0.04870285625488651 0.056206835888058596 0.06545432988138435 0.07654889189991132 0.08942161457448648 0.10369596229869674 0.11853355314748507 0.13252869641421508 0.1437813605316262 0.1502881921853745 0.15063437183164463 0.1446504949629727 0.13304243263563945 0.11760802958756411 0.10081616236358047 0.0846026641534698 0.07012765877800055 0.05772874114754323 0.047432663750142726
0.030858813749857144 0.03150976517091672 0.03186296522236398 0.031930796745636245 0.03175409989239511 0.031395182323117124 0.030929138824256415 0.030435812611580907 0.029993987714073404 0.029678404537666084 0.02955928776071558 0.02970313257053163 0.03017094399363716 0.030995450071546464 0.0319920650486812 0.03187629940447591 0.03099599475468712 0.030749546792926633 0.031324871596459414 0.03276752834449448 0.035098423912982395 0.038370836985010724 0.04266001369222634 0.048044435954484474 0.0545767681283808 0.062240684310090715 0.07089175762705618 0.08018754403786611 0.08952620324722457 0.09803325590033393 0.10465004945703048 0.10835745904473079 0.10849090928334787 0.10500117267821545 0.09817026907785545 0.08876110010753413 0.07813101878479298 0.06741657969843046 0.057307982221959354 0.048292775704369385 0.04057917784229161
0.02606515440539958 0.026657157845822847 0.02707411287438938 0.027321885493698496 0.02742512215214834 0.027424043201333577 0.027370108882435747 0.02732179842667624 0.027341515336710857 0.02749423373243724 0.02784813409976967 0.02847724566409781 0.02946592804626927 0.03091381573024034 0.032833868111373704 0.03267048177168997 0.030922216710870247 0.03006720632459836 0.03003196925159679 0.030739957002392047 0.03219156900002293 0.03439902211161901 0.03737013971338766 0.041113214316500606 0.04561413392097726 0.0508077298465305 0.0565441686559477 0.06255596374465464 0.06843818194018478 0.07366121461272807 0.07763541389626626 0.07983098926904537 0.0799233089534732 0.07790182049955846 0.07384706342319797 0.0680495649875044 0.06116468679321982 0.053901118105620635 0.046835750012405544 0.040352125770795694 0.03465460334534377
0.02247080264758281 0.023002360285872013 0.023441694442923645 0.023792093569735235 0.02406965563669189 0.024301927875109288 0.024525852125333834 0.02478564899801371 0.025131188246814613 0.025617133183830323 0.02630266172681236 0.02725037621256864 0.028518713209548532 0.030052670510310645 0.03123584942385238 0.03117127925666663 0.029938255004359808 0.028881885269864085 0.02848162659107843 0.028713661430451 0.02954134639170546 0.03093961889263385 0.0328940670737091 0.03540100496260037 0.03842064632691287 0.04187544908647935 0.045636426887959526 0.049508802452179854 0.05322833402389482 0.05647680857952673 0.058922662007333836 0.06028376182710252 0.06039481275946227 0.05921710945126232 0.05669086564340562 0.05292197966213257 0.048344875338236476 0.04340421034798467 0.03848039309936484 0.03385422308402445 0.02969578168672776
0.019809648312499532 0.02028433438025109 0.020723859603471353 0.02113071788587079 0.02151653174634496 0.021901558851205732 0.02231377735461591 0.022787830991709505 0.0233640297692957 0.0240873149403704 0.025005414626984725 0.026163723755832122 0.02749013158020047 0.028657474531868725 0.029380296462862755 0.02934549895837266 0.02857171214047613 0.027486107081880984 0.026833933166766976 0.0267017519587536 0.027060869829132323 0.02787880579357141 0.02912406289876861 0.03076167826517634 0.032745010186835635 0.03500604693965193 0.037446148404028455 0.03992991548977368 0.04228584602677772 0.044317532855855324 0.04582723777014949 0.046649218457335814 0.046684477992214944 0.04592432070655618 0.044277424642596014 0.041791828974193805 0.0387270358730683 0.03536370003274991 0.031946855400433544 0.02866905746914674 0.025663674553268564
0.01789336894655237 0.01831714139414107 0.01874647121143192 0.019183832028094358 0.01963859479972737 0.020126922841170913 0.02067141323652736 0.02130057083114284 0.02204810573397666 0.022951779312867654 0.024045657687627772 0.02519451642937967 0.026262050994879833 0.02712301963988615 0.027610153294981395 0.02758766042989828 0.027062643694994084 0.02617823318568793 0.025300719524245185 0.02486407405908116 0.02484433041620284 0.02520343694880865 0.02590281272086186 0.026901343868263986 0.028150793780758725 0.029590482914954745 0.031142775870514148 0.032711056677507885 0.03418201511869982 0.03543369383642152 0.03634945310331577 0.03683582160099021 0.036839882697672625 0.03635510188919576 0.03526814025295795 0.03362036691189191 0.031568128345237256 0.029279334012892747 0.026913652472770985 0.024605547079876083 0.02245667477927771
0.01659413683278321 0.01697377577113685 0.017389776533274736 0.01784492577613784 0.018347637751859568 0.018912023806848397 0.019557827156279437 0.0203102206754828 0.02119916354015289 0.02217676575096374 0.02316494018641916 0.024116710408754013 0.02496278938241329 0.02561087153593091 0.025961097613337477 0.025945217638032626 0.02556658132812083 0.024897932438350874 0.024039706006487662 0.02332249467004148 0.02298209521575806 0.02297198107754107 0.023248201143386344 0.023767170133609693 0.024482569891640642 0.025342211270296247 0.026285754865245904 0.02724420979319509 0.02814205022477158 0.028902429052134068 0.02945521748257828 0.02974656412732057 0.029747736619037315 0.029445257635813744 0.028733436834898266 0.027643809485684248 0.0262687662339159 0.024714491102579884 0.023086486837827026 0.0214787272068426 0.019967736663120864
0.01583371993263859 0.0161759298315583 0.016579966600525593 0.017049093357533657 0.0175916164370102 0.018221051268459746 0.018943600604804635 0.019724993237122384 0.02054837709087716 0.021392508252354538 0.022226601174700905 0.023007758493446034 0.0236800089534173 0.0241782027039076 0.024440543705433745 0.024428760717642852 0.024144667590704636 0.023629308584960304 0.022945476299411027 0.022158337184565193 0.021530488362686197 0.02121186504936233 0.02115243676600238 0.021306506014678647 0.021629769537657127 0.022076943031643245 0.022600281757066562 0.023149391205607394 0.023672648811196524 0.024120323933368635 0.0244490858748049 0.02462711501244385 0.02464117499228489 0.024466542254223518 0.024006021515852065 0.023289618247674216 0.022374968684092677 0.02133053394767296 0.02022716839290073 0.019131350403927886 0.018101023483668193
0.015566113408672984 0.015873557454404903 0.016257446981759464 0.016713985519209867 0.01723870065765214 0.01782579632818204 0.018467341335197774 0.019152249522759946 0.01986502935641763 0.020584354782560123 0.021281691067612317 0.021920570200047024 0.02245764789956693 0.022847058601185112 0.023048886797630033 0.023039871871428256 0.022821093411321505 0.022417590882674577 0.021870187870479816 0.021224809075721184 0.020524333097667557 0.019933521318055234 0.019595661824565964 0.01946237084281812 0.019489858741917897 0.019637181186394098 0.01986478858756986 0.020134113540219194 0.020408237275040868 0.020653563348468643 0.02084223819888907 0.020956922413616207 0.02099828454486128 0.02090264464155799 0.020612613583274885 0.020152029896723076 0.019557809457384927 0.018875273483396616 0.01815325870534813 0.0174400039690469 0.016780459630068464
0.015452553979866446 0.015713912212940342 0.01604656725500984 0.016445629636087134 0.016905478439300348 0.017419166790320392 0.017977724857213093 0.018569356710476322 0.019178566584731136 0.01978533017377536 0.020364567657723927 0.020886376102596846 0.021317659976636726 0.021625727075678922 0.021783753441964985 0.02177671975751257 0.02160531379711206 0.021285742610804202 0.020845559832116552 0.020317680942435037 0.01973504210470311 0.019127179858888475 0.01856024822085332 0.018186855654713507 0.017979714086516992 0.01789942480824454 0.01791087989728471 0.017982391638566585 0.018085669947505476 0.01819650191095767 0.01829686341973155 0.018383605764638673 0.018445226813884563 0.018399195473368952 0.0182288885711007 0.01794959218549093 0.017585839828164283 0.017168817477466694 0.016733582564920083 0.01631668020478514 0.015954594508656588
0.015346083308797505 0.015558772931002256 0.01583813524836883 0.0161783801801529 0.01657302499712504 0.017014377093769274 0.017492971108297842 0.017996981142166562 0.018511667578203564 0.01901898018465155 0.01949752417646962 0.019923180448220366 0.0202706881730866 0.020516334116990154 0.020641460261976594 0.020635904001092026 0.020500126469650486 0.02024511206626173 0.0198900847159099 0.0194590154445059 0.018977157601959962 0.018468447217771803 0.017954010751073522 0.017451612273443894 0.01704320358866625 0.016777465356185635 0.01662053340448495 0.016543915933287214 0.016523847993188387 0.016541310178611872 0.01658971785661712 0.0166650201529244 0.01672995936105194 0.01672081040614497 0.01663876176373743 0.016494160826068964 0.0163042586471244 0.016091818684462626 0.01588362728597232 0.015709264434517686 0.015600445221839107
0.015254388634799006 0.015416696085867272 0.015641764215987224 0.015923091613690862 0.01625359436763727 0.016625171945345428 0.017028271887986408 0.01745148383802085 0.017881223834589625 0.0183016097344351 0.01869467023571072 0.019041051310539712 0.019321345439593823 0.019518027100995986 0.019617727026385305 0.019613306933788058 0.019505088620387023 0.019300796730203566 0.019014236593369274 0.018663177514947744 0.018267089521407966 0.017845252530055776 0.01741625884255694 0.017003425493422118 0.016615832540700277 0.01625879641930987 0.01596465711337873 0.015766130432456126 0.01564221135473799 0.015581489252011518 0.015584771102757565 0.015645262432048192 0.015699835515301117 0.01572036971951699 0.015708054758133878 0.015670556066432653 0.015621108670901652 0.015577857864762125 0.015563203331377617 0.015600265820265476 0.015651476873939897
0.015185200479492907 0.015296051319283157 0.01546658154675243 0.015689742118176822 0.01595805886434149 0.016263274786942422 0.01659602168160132 0.016945551682959654 0.017299580039000534 0.017644312411525195 0.017964745268572047 0.018245321733715698 0.01847097848063666 0.018628519443186237 0.018708113195855497 0.018704588362012834 0.01861817694036325 0.018454480040758878 0.01822366679162097 0.017939547679447675 0.017638360340425673 0.017337192400017964 0.017038071005961823 0.016744076656679593 0.016459224275688102 0.016188479349101424 0.015937843129142412 0.015714461349508116 0.015527192101525243 0.015395891697780792 0.01534204139673872 0.015333539265684672 0.015330575711133538 0.01533861515594612 0.015369584653473942 0.015425406007808186 0.015492735822348025 0.015561900865508165 0.01563046638496817 0.015696064850060396 0.01575615741899635
0.015146260074107916 0.015204982771495587 0.015321199550614837 0.015487439926015586 0.01569599241114892 0.015938609844400715 0.016206262568794656 0.016488965137550955 0.01677571488860122 0.017054590916798878 0.017313063771450442 0.017538551315846636 0.017719216854971145 0.017844941146501155 0.01790832443506486 0.01790551947707979 0.017836698221185665 0.017706152909822543 0.017552644279153037 0.017398726038270574 0.01723986682059097 0.01707359902701243 0.016899200792390105 0.01671753049441716 0.01653098821957352 0.01634355715253827 0.016160874006704372 0.015990288947801412 0.015844762735306737 0.015744963581864245 0.01568643424493716 0.015626732342989443 0.015569640108323913 0.015524106624163661 0.015500160402779913 0.015508680298241217 0.015561277753008074 0.015640417530544567 0.015719199876881244 0.015795032886894246 0.015865024849599344
0.015140546080353567 0.015151460159019015 0.01521379168424943 0.015324549811317355 0.01547588216899048 0.015659643984827002 0.015867208359613052 0.01608935316042866 0.016316250590767217 0.016537588949412495 0.01674285223544867 0.016921768016351615 0.017064905020758213 0.0171643619172093 0.01721444803527808 0.017212232352592872 0.017170252931056892 0.0171420975976721 0.017123863426779934 0.017106149870023547 0.017081597031740232 0.01704471443245237 0.016991821831184802 0.01692110300670771 0.016832745824672927 0.016729120034988117 0.01661493559313277 0.01649743639880261 0.016395831323355037 0.01631965401947662 0.016228568038423898 0.01612111578202913 0.016006573125055712 0.015895624773861586 0.01579988510700451 0.01573153050178654 0.015703078472253235 0.015727327111665183 0.01580791627622346 0.015894799254231855 0.01597582991727716
0.015140546080353567 0.015140546080353567 0.015152250308167348 0.015208902648398859 0.015305415871155224 0.015433781045666714 0.015585773666621856 0.015752874225954252 0.01592627893361609 0.016097016708552975 0.01625618315941719 0.01639528963492533 0.016506705466344945 0.016584147248755513 0.01662314715437568 0.016651424199350385 0.016720226338978246 0.016816793485934112 0.01692824808683245 0.0170431946987518 0.017151629135375088 0.01724497553975859 0.01731626394811513 0.01736044026858 0.01737477005406017 0.017359267073784147 0.017317059514771048 0.017256352141414633 0.01719465998763592 0.01709799125255069 0.016962602674153525 0.016798000026857978 0.016615909778998288 0.016429479373081916 0.016252568840413525 0.016099214527709453 0.015983302137665904 0.015918449185517203 0.01591807297112026 0.015992481257129966 0.016085742724788216
