_RESULTS/CROSS_VALIDATION_POSTPROCESSED/Berg/TZ/3comp/1/Berg_TZ_z_250_kriged_reverse_3comp_spherical_1.asc
ncols 100
nrows 90
xllcorner  5.6208707817415728
yllcorner 50.959635321741573
cellsize 0.00013419651685393446
nodata_value 1.7014100000000001E+038
[rows 0 to 18 of 90, columns 43 to 85 of 100]
25.278622752961095 25.299418602083556 25.320026148230674 25.339377266968917 25.35710989579493 25.37313630246516 25.387395727425698 25.399723282325326 25.409826612644594 25.4173145950344 25.421736788775252 25.422615813248978 25.420162123022106 25.419623340271492 25.41987642975114 25.418180279073344 25.41366493188199 25.41327955753221 25.417307473104465 25.425050598350396 25.43206435784328 25.43404451359209 25.43083188582422 25.42268517955272 25.4102715182539 25.394642650333637 25.37719917726419 25.359646022485638 25.343942610258914 25.332250911546716 25.326883831412083 25.326772304943713 25.326772304943713 25.326772304943713 25.326772304943713 25.326772304943713 25.326772304943713 25.326772304943713 25.326772304943713 25.326772304943713 25.326772304943713 25.326772304943713 25.326772304943713
25.23181998573516 25.255870399017144 25.279461105752283 25.301666460274575 25.322106362494896 25.340892759029988 25.358183771410065 25.37386424100707 25.387595279583657 25.39890621978727 25.40726828893064 25.417385051966306 25.433385990958346 25.4520801536212 25.470364018417403 25.485283136577085 25.49407854355501 25.500661262607167 25.509815455361352 25.520689931034333 25.53059624453484 25.53346085360283 25.528810032203996 25.516936662725325 25.498594473717734 25.474967392375543 25.447624110956724 25.41846266932471 25.389650061971597 25.363561200879303 25.34272035076662 25.329746806251574 25.326772304943713 25.326772304943713 25.326772304943713 25.326772304943713 25.326772304943713 25.326772304943713 25.326772304943713 25.326772304943713 25.326772304943713 25.326772304943713 25.326772304943713
25.17929686199344 25.20803668316947 25.235071925024815 25.259300750741232 25.28162325834513 25.30304313212807 25.32349880923502 25.34280766121631 25.360487664707204 25.376312387357274 25.399340547921696 25.431003743323593 25.467801060063394 25.50629994375918 25.543175241632543 25.57525014380454 25.599542952402626 25.615323968911436 25.630455101308563 25.64519385347164 25.65779911254599 25.661606770581013 25.65542271178177 25.63958208580116 25.614945101084885 25.582856433022993 25.545086014627135 25.503758499225924 25.461278715186886 25.420259090461744 25.38345294935177 25.353695438863465 25.33385211949568 25.326772304943713 25.326772304943713 25.326772304943713 25.326772304943713 25.326772304943713 25.326772304943713 25.326772304943713 25.326772304943713 25.326772304943713 25.326772304943713
25.11948453717136 25.155365242970657 25.186727280248405 25.212613532053002 25.236039039417673 25.2593788690669 25.283313167601385 25.306779934495154 25.329740342260614 25.363586047644183 25.40927570284414 25.463042308844198 25.521168961151037 25.58001296400342 25.63603180346646 25.685817939170857 25.726146238882098 25.754220115298626 25.77629263406198 25.795726236086608 25.811173027694657 25.8159940536418 25.80816276561925 25.78806792135114 25.756703860045032 25.715615194726027 25.66681765446851 25.61270634619896 25.555962224488855 25.499464963526236 25.44621693956175 25.399279741147605 25.361722184627762 25.33657745477665 25.32680666319351 25.326772304943713 25.326772304943713 25.326772304943713 25.326772304943713 25.326772304943713 25.326772304943713 25.326772304943713 25.326772304943713
25.04937112118015 25.097237855828393 25.13345006288584 25.15947601924955 25.18405766920665 25.210097629607898 25.237705005591938 25.266665680126383 25.30862161319937 25.36603336738449 25.434878138061112 25.511202986486186 25.591119674095037 25.670803837818823 25.746506114276784 25.814580264624926 25.871531868586708 25.914089184018092 25.944376436013194 25.969452115543234 25.988171818279277 25.994092871553477 25.984473965463152 25.959773647588776 25.921159448484087 25.870430255641892 25.809907732626918 25.742314582866626 25.670655657007412 25.59811290201999 25.52795932889066 25.46349229416477 25.40798320609625 25.364639277035838 25.336572814945246 25.326772304943713 25.326772304943713 25.326772304943713 25.326772304943713 25.326772304943713 25.326772304943713 25.326772304943713 25.326772304943713
24.961036139936606 25.032480642321826 25.07038772177038 25.094587619130582 25.12296145750011 25.154556713606112 25.18782455486608 25.233776716602307 25.300116383596897 25.38156889604043 25.47391339182546 25.573109125874378 25.675163851222788 25.776112232604515 25.872014226690304 25.958977013397117 26.033205085640194 26.091082441458475 26.13175217276903 26.16355868768635 26.186222298602992 26.19335280889381 26.181769144325244 26.152023312528243 26.10551242515645 26.044366182637578 25.97129392643076 25.88942006847499 25.802131688106044 25.712952418378766 25.62544708772338 25.54315465465032 25.46954331332467 25.407980557599473 25.3617115187458 25.33384034309269 25.326772304943713 25.326772304943713 25.326772304943713 25.326772304943713 25.326772304943713 25.326772304943713 25.326772304943713
24.836917809564945 24.920561204695066 24.972525080902333 25.010625479292774 25.051393410311235 25.093305152908624 25.141668088800145 25.21225226670621 25.30256077236758 25.40823815681469 25.52416198895728 25.646317553305288 25.770688207398873 25.89321552537227 26.009789263719547 26.116262666324737 26.208501535367322 26.282476647257962 26.3354623770906 26.375264783620178 26.402736686970034 26.4112182660691 26.397440825764928 26.362085581175286 26.306862936986157 26.234343431775375 26.147736188172075 26.050662736049468 25.946961365079186 25.840538451617412 25.735267504537067 25.63492761180013 25.543169825838554 25.463500462468087 25.399272268455604 25.35367683847822 25.329734193911374 25.326772304943713 25.326772304943713 25.326772304943713 25.326772304943713 25.326772304943713 25.326772304943713
24.677666763223797 24.762246620459365 24.84398883607217 24.912708108157585 24.973806924023247 25.031407224503155 25.105966233301995 25.20153020965747 25.31529324945488 25.44424256743306 25.583419885081838 25.72830438577544 25.874928924175833 26.019190081647075 26.156831761949995 26.283449378913478 26.394529791320238 26.48554647628106 26.55252585159038 26.601817360395913 26.635120062752005 26.64514092611265 26.628865697614973 26.58716093385057 26.522178853463164 26.43709274681353 26.335766487579043 26.22243970299547 26.10147911305977 25.977210580695857 25.85382214563617 25.735318539508413 25.625507598571605 25.52800297670962 25.4462320956806 25.38344203802085 25.342699105546007 25.326880474392986 25.326772304943713 25.326772304943713 25.326772304943713 25.326772304943713 25.326772304943713
24.506563683887254 24.615353686341773 24.72512844613915 24.819885841662504 24.90057116417305 24.981454170742175 25.082113961167117 25.201490978101898 25.337595290600706 25.488035299433122 25.649451377355803 25.81642227479585 25.984924105338457 26.150852191490348 26.30983580265446 26.4572199647164 26.588079019057737 26.69729527452589 26.7798866820601 26.840469184746564 26.880772941208047 26.892591026224693 26.87340206086766 26.824350327900053 26.748235084327238 26.649076635076064 26.531608353100367 26.40083627668666 26.26173295226525 26.119064736205154 25.977318613926503 25.840689868380164 25.713100300849163 25.598227232692484 25.499531646906515 25.420278961383158 25.363549056912365 25.33223455136134 25.326772304943713 25.326772304943713 25.326772304943713 25.326772304943713 25.326772304943713
24.362822091521096 24.510414291635723 24.639708304551107 24.749538569342512 24.844053986943106 24.948803268158848 25.071796614623775 25.21215135549874 25.368362196170963 25.538432667627763 25.71990577475343 25.907840161253255 26.097455332501035 26.284686307756033 26.465093986518674 26.633806767845098 26.785479419124584 26.91431699609103 27.014312693998892 27.08842445458515 27.137086099049906 27.151068049842614 27.128375437969638 27.07059123330058 26.981504703291705 26.866360518467637 26.7310557650259 26.581531219999277 26.4234231594006 26.261923765334856 26.10176728602157 25.94727521764763 25.802419812248694 25.670885265492466 25.55611760182338 25.461359848842413 25.38967143992182 25.34393212439692 25.326832286204244 25.326772304943713 25.326772304943713 25.326772304943713 25.326772304943713
24.359187822014672 24.480551365015085 24.602253143076748 24.711460690152904 24.81471000514765 24.935936302306576 25.0757758074799 25.23303089993912 25.40619154199044 25.59338323307244 25.79235236981196 25.999489989496805 26.208998284108514 26.416776971900717 26.618391702482487 26.80883612222359 26.982399501820876 27.13257272811443 27.2522046121598 27.34272414163781 27.401419571140483 27.418110666471883 27.39103996265979 27.322530015448887 27.217964134828538 27.084404686110293 26.929298340605452 26.759676959147583 26.581838037254002 26.40131826327808 26.222993947383127 26.051212149988263 25.88991037739753 25.742711683094644 25.61299413397386 25.50393712780136 25.418547135260418 25.359664963892648 25.329957071962085 25.326772304943713 25.326772304943713 25.326772304943713 25.326772304943713
24.43430557627749 24.512928228006132 24.609691587533224 24.706017899427955 24.812429574651457 24.942410737590812 25.093198311055676 25.262745275604036 25.44915772272349 25.650435629789538 25.86434158957573 26.088052275718432 26.315710569393087 26.54277162079111 26.764914375767862 26.97714979613291 27.17356567967522 27.347031759598515 27.489240350000415 27.60000789773957 27.671045455684645 27.691305281024658 27.658484917398056 27.5762613600732 27.45274054775254 27.297734525878276 27.12068392633608 26.929767139612302 26.731806921088857 26.53249714927345 26.33668378124251 26.148602519178286 25.972054720220832 25.810529637120332 25.667285808210654 25.545402010577995 25.447804445832993 25.377274005877354 25.336436534774194 25.326772304943713 25.326772304943713 25.326772304943713 25.326772304943713
24.521305803821004 24.574530466025788 24.647426689163463 24.727899711165097 24.832555826157645 24.965177017211122 25.121630563677517 25.29897231606143 25.494786388140028 25.70681280107895 25.932731945555243 26.170010223998535 26.41348888862418 26.65791362655453 26.89921369852073 27.132644353910496 27.35241104805543 27.551110769143378 27.719705964986357 27.855592038677862 27.942997618656108 27.9682918746969 27.927402482322268 27.82677086629176 27.67946889063279 27.49944177941195 27.29843503485133 27.085532317439565 26.86771043921667 26.65049801894826 26.438476234490878 26.235611896844464 26.045468290453144 25.871336035555064 25.716312982644535 25.58335072492932 25.4752772896835 25.394800664570532 25.344495833535035 25.326778642270114 25.326772304943713 25.326772304943713 25.326772304943713
24.610129603337832 24.647787594363717 24.702258167137217 24.769116672040756 24.868631531540135 24.999720122869338 25.157607152134226 25.338730307342388 25.540220475152825 25.75954179419041 25.99425400378375 26.24184588188445 26.49812446915855 26.757194518453385 27.015309949334377 27.268229887776407 27.510738125247812 27.73587488609351 27.935241092517032 28.10242788493187 28.213639790368557 28.24676300192841 28.193448899998923 28.066672294180268 27.889145202985855 27.680520307206912 27.454412527811005 27.219958186542424 26.983614258819415 26.750315956111457 26.524130429087773 26.308616573537957 26.10702425131828 25.922405813257427 25.757678378773242 25.615656678126353 25.499065924508706 25.4105385417486 25.352596334214695 25.32762032449723 25.326772304943713 25.326772304943713 25.326772304943713
24.698222035004942 24.725295247350633 24.765837623948055 24.821596387056015 24.914396924878677 25.04124817933482 25.197329389029065 25.3788014495036 25.582502267338946 25.805675264510615 26.045761300044134 26.30024101174805 26.565570989686577 26.83567019466176 27.107032423535205 27.37609994166119 27.638673636475446 27.889200267028258 28.12251853143565 28.32862485551398 28.477166981596962 28.524436177204965 28.44916235836039 28.28323652143734 28.06831512363886 27.829282605320394 27.579187160287272 27.32559181364676 27.073609726490123 26.827205456286634 26.589771403418656 26.364397773734773 26.15400499653724 25.961410250143004 25.789360221655894 25.640544725852628 25.51759713713097 25.423083092727524 25.359477329459878 25.3291295509505 25.326772304943713 25.326772304943713 25.326772304943713
24.784355375313986 24.80350022330381 24.833221395162706 24.879508595050158 24.96471677820025 25.085478303928426 25.237241805058456 25.416143128165242 25.61908215320201 25.84311500177097 26.08521566911548 26.34271277757855 26.61253663999027 26.888949510639137 27.168675347890503 27.448557466782177 27.725492412598136 27.995874580732476 28.259653094668046 28.50954150792117 28.71855900415995 28.798840872509363 28.67544830464735 28.452023144441362 28.19740145824346 27.931751635059626 27.662897113594436 27.395326087355485 27.1324161791464 26.877117967532584 26.63220362015585 26.400367193777903 26.184266394258664 25.986538528672114 25.80980387247265 25.656661641963147 25.529679614643236 25.431376123883798 25.364192603961232 25.330456432354087 25.326772304943713 25.326772304943713 25.326772304943713
24.86760634553016 24.88032129672933 24.901345481484952 24.93887570961779 25.01643528554711 25.13285950735151 25.282683194865136 25.46096303172712 25.663523421944284 25.886816502183734 26.12778238165151 26.383726567272898 26.6517295571089 26.926038930939832 27.20382062375089 27.483220558556777 27.762674312066626 28.041191671033598 28.319933440822847 28.597163505957663 28.86984625704288 29.059631382030805 28.805406097246085 28.531216498096978 28.253399859512818 27.974650293340126 27.697303426922876 27.423689734612815 27.15618376409401 26.89721068535763 26.649242303907172 26.41478923094811 26.196391238327916 25.996606679577088 25.81800125034963 25.663135520825104 25.53454952158466 25.434741673902515 25.36613940944527 25.33106068935251 25.326772304943713 25.326772304943713 25.326772304943713
24.94709021149046 24.954311349656024 24.970270476023643 25.00643584966279 25.0843133150784 25.19978193453297 25.347596080320784 25.523111451241704 25.722263283115215 25.941495819988997 26.177679191999687 26.428022500397446 26.689517388361345 26.95617996445382 27.224979952619876 27.493873934036948 27.760920613705302 28.02480055134157 28.288840347089444 28.54803429281495 28.779419753762483 28.87914847190253 28.72960773194594 28.487084978606802 28.22261615290594 27.951196584591358 27.67854276230064 27.408246610159114 27.1432543326036 26.88628627773309 26.639981512433415 26.40695220850951 26.189803165879116 25.99113614607936 25.81354678808178 25.659616830556768 25.531901485803843 25.43291006295109 25.36507764891437 25.330727354592238 25.326772304943713 25.326772304943713 25.326772304943713
25.022899772245772 25.03397472418331 25.05652678654013 25.094757374983388 25.17148435717954 25.2841339022895 25.42791040012151 25.598400933287586 25.79160022144001 26.003897751182148 26.232041043055183 26.473074261602804 26.723684549894784 26.97747088344465 27.23109504909073 27.481910915592934 27.725230591436738 27.962634144330643 28.190800451350167 28.397251322330817 28.55353385956408 28.606394265198386 28.52096064163919 28.339908179796737 28.112917290833455 27.86520089991364 27.608759616979384 27.35033934394399 27.094537605395765 26.84499966471352 26.604915746058516 26.377244009750633 26.16481596803435 25.970387258655304 25.7966609747742 25.646295507008997 25.52190138703158 25.426027742458057 25.361137681960955 25.329573126090587 25.326772304943713 25.326772304943713 25.326772304943713
