_RESULTS/CROSS_VALIDATION_POSTPROCESSED_80-20/Berg/IZ/3comp/2/Berg_IZ_z_63_kriged_reverse_3comp_spherical_2.asc
ncols 100
nrows 90
xllcorner 5.6208707817415728
yllcorner 50.959635321741573
cellsize 0.00013419651685393446
nodata_value 1.7014100000000001E+038
[rows 18 to 35 of 90, columns 41 to 81 of 100]
0.14328148127917 0.1548233187875204 0.157506535422085 0.15189034763900017 0.1414468640986842 0.12675808758748278 0.10455065118518295 0.07980222821530997 0.05690098537404349 0.038222746469133394 0.024377094408574 0.01486667551130491 0.00872885697418113 0.0049602985475055 0.002728459966653343 0.0014677971433909814 0.0007776176160435275 0.00040845681777421143 0.00021585061434708038 0.00011498164701541869 6.248021216381306e-05 3.564416819963614e-05 2.309200005444429e-05 1.9659530567683198e-05 2.3842729688572386e-05 3.6667213181563595e-05 6.269086567804479e-05 0.00011162414183180125 0.0002009587983044697 0.0003602777860732577 0.0006372523813569535 0.0011047365739069934 0.0018671807939003129 0.003062724673207185 0.004855220451347915 0.0074026336389125535 0.010757375872140342 0.014823748504465615 0.01928805804797513 0.023597504961342896 0.027031640992977713
0.14082976467684957 0.1511928065479833 0.1538814968657567 0.14960410985563408 0.1404257111464717 0.12736743136117504 0.10672651421414203 0.08277767756418004 0.060002158366844145 0.04099791807530224 0.026612219019810812 0.016529078993103102 0.00989025141191174 0.005738525751287297 0.0032470836838039835 0.001803200529935522 0.00099013112358977 0.0005454917447480876 0.00030475880017955236 0.00017293026279143451 0.00010212654328281079 6.483466355126466e-05 4.698329773818274e-05 4.176276508815589e-05 4.691356637692778e-05 6.38025648295741e-05 9.787132405284884e-05 0.00016022462007273517 0.00027045213859961753 0.0004609416431308405 0.0007826203943530918 0.0013113635914108566 0.002153074935709043 0.0034436805390252157 0.005338477993766167 0.007984658705635498 0.011433332556408613 0.015545604479820247 0.01998009136897785 0.02416719078100209 0.027391079738812243
0.14032142181100368 0.15009488135038127 0.1525890392820075 0.14843356952169415 0.13953641404132638 0.12763171032896045 0.10887784066893834 0.08608668856856112 0.06368380016186309 0.04445405890606864 0.029512097913586596 0.018772219858518232 0.011522713713504789 0.006873369611228334 0.004021130300473646 0.0023276616916340547 0.0013470443823692807 0.0007896651329297356 0.00046747585926440823 0.00028384936689960377 0.00018119885570278704 0.00012496256087161743 9.690498627480399e-05 8.786176280576559e-05 9.451133710065149e-05 0.00011831978541202408 0.00016580867543370819 0.0002500963139882489 0.0003937615927467804 0.0006330752024784963 0.0010233267013995174 0.0016442382697712387 0.0026032213458213583 0.004032628185353692 0.006075768730911199 0.00885653267331262 0.012417924643891095 0.01657552862524186 0.020944002305695396 0.024934754073641346 0.027844267575657503
0.1410825945644923 0.15105215165169356 0.15318938678290575 0.14787744375915554 0.1383174574821551 0.1268260294803674 0.11031608117029534 0.08916185762797156 0.06755656718595576 0.04838378179447368 0.033013897580560975 0.021625125469412323 0.013699970618949791 0.008456909621014549 0.005144566886014645 0.0031458126954256953 0.0019427903035339046 0.0012059707842064751 0.0007583325865167205 0.0004913017953733745 0.00033500022496711233 0.00024562417181921386 0.00019886141499992214 0.00018206525993648445 0.00019018525984865648 0.00022451644724557685 0.00029280572762302925 0.0004107043916731773 0.0006045465437862608 0.0009153154093837132 0.001403272789228725 0.002151950706524715 0.0032690214281293557 0.004880208653621786 0.00711156167610845 0.010056288541509277 0.013725436779914623 0.017905253296230782 0.022147186784702292 0.025846861261765476 0.02832625497989075
0.14157750661689297 0.15331270033691138 0.15460036937235752 0.1464619334453998 0.13587102121074135 0.12432895284356198 0.11039415081933728 0.09149157806401544 0.0712477575512982 0.05255598621271479 0.036952071910209154 0.024911778147738144 0.016258126171679477 0.010409911773878329 0.006659265805814695 0.004315844504435356 0.0028222445817183473 0.0018563087068405822 0.0012423142647689787 0.0008585820364392007 0.0006221718144983207 0.00048034012255640404 0.00040172198069859456 0.0003695356744225229 0.000377466834457728 0.0004262872726293589 0.0005248758767468971 0.0006916842965557391 0.0009572287686716807 0.0013674968062309134 0.0019874668695916684 0.002903148346156125 0.004219490108071822 0.006050513698771669 0.008497842572124223 0.011615526556744757 0.015363743907200725 0.019509830056589992 0.023534714691224597 0.026826010932392143 0.028750517020040146
0.13907793254064965 0.14983033155561007 0.15030449868947282 0.14171787016184198 0.13124309469551926 0.1201209869650782 0.10844677309858931 0.09247768876843634 0.07393916729665756 0.05574859770741636 0.04006278214382861 0.02780384398591126 0.01886306596464831 0.012665287666289587 0.008558005975493197 0.00582973291095906 0.004016927504628595 0.0028008086654960373 0.0019902237579598257 0.001457613141701285 0.0011125970871657257 0.0008972319502746071 0.0007739693391081667 0.0007218612644621247 0.0007302644482485163 0.0007978087983329376 0.0009375830440980546 0.0011718303946568994 0.0015347739501816852 0.002076705064084505 0.0028658383113471775 0.0039875473823788405 0.005538974459450336 0.007615275571413532 0.010284994250759566 0.013554449087441916 0.017328217070763385 0.02135374410127622 0.025063016563666003 0.027833558765961112 0.029081243943825684
0.13336320133879573 0.13977184413039603 0.13969347289697 0.13350662129337365 0.12436504072036901 0.11419956830717051 0.10372626403101796 0.09018342316867212 0.07347424062959827 0.05676978237187505 0.04209780820500944 0.030320807232620314 0.021464651413517787 0.015138412360253374 0.010698869420012134 0.007629393927584899 0.005535595462490496 0.004090204836344412 0.0030760905550123543 0.002368508732734248 0.0018861597230765475 0.0015736385372733693 0.0013908180524424664 0.001313737511507544 0.0013293789028146136 0.0014354422676474301 0.0016388972830019392 0.0019603994249986862 0.00244853535023306 0.0031566729030306755 0.00415193963944678 0.005511786718909917 0.007318829067628344 0.009642866755977258 0.012528408527900419 0.01593900063661877 0.01972017882582495 0.023566885092054762 0.026875331194964526 0.02899043704496343 0.029214280471158732
0.12890326103695005 0.13212459726225959 0.13075494150174088 0.1252449038308385 0.11721349459470082 0.1073510632136644 0.09632497728296853 0.08479684446307426 0.07077046568957379 0.05625161402422624 0.043107170767651755 0.03224142790136167 0.02375078857309936 0.017389513182957887 0.012798965505269879 0.00955170337847066 0.00728491676355885 0.005696298085454309 0.004527059541542661 0.003643045202826869 0.0030011130412144196 0.0025706176589963704 0.0023176827584733156 0.002215857349262075 0.0022493532517290963 0.0024153223865853763 0.0027221962652494813 0.003186062942990518 0.003829184817429183 0.004730984496830313 0.005966922075112184 0.007601840489681769 0.009708576091383866 0.012323522380235558 0.01543163477815158 0.018931452906895546 0.0226081060270789 0.026131221588226224 0.02886616312337897 0.029866889376121985 0.029242088330575292
0.12798772963225813 0.12865675012633943 0.12571529846765636 0.11983429031496699 0.11090760610351019 0.09987687209489983 0.08834586508807961 0.07740384267240666 0.0662046301285429 0.05414025963457286 0.0427832244262626 0.032897553500169 0.024924699509536984 0.018875392569527097 0.01442271466438456 0.011235212706359092 0.009005951850892677 0.007465724309167464 0.006292146330090346 0.005263520111694398 0.004436668464574677 0.0038780055651472137 0.003560544011819203 0.0034494754822632797 0.0035246335960280608 0.0037826429896390223 0.00424200183279889 0.004932158899243847 0.005871149071947869 0.007065861202245458 0.008621332841069184 0.010645145966313605 0.013168569119791505 0.016167883576310854 0.01953399897073962 0.02306184182275087 0.026471407384130067 0.029368051575116544 0.030841350108204938 0.030390407428017935 0.029239521642724732
0.13087367647692938 0.12889137606660228 0.1239913249390707 0.11569762771355925 0.10457473339599187 0.09237262416204399 0.0803887654598775 0.06937721755231778 0.05961853349361995 0.049627656601583636 0.03987730462358443 0.03129895866332838 0.02434952906949941 0.018983244569336512 0.015002730751947352 0.01215298150312414 0.01019516949374656 0.00892802744050401 0.008103182735626267 0.006997001291156328 0.0059827889464459235 0.005345732312891218 0.005011990489281141 0.004937450305737836 0.005115051823026353 0.0055658756916402465 0.006305525376352371 0.007359218505767445 0.008745574149454108 0.010481891063406745 0.012554585445909226 0.015089895347990238 0.018125438144519293 0.021561883481624626 0.025193137024003266 0.0286960960627358 0.03166202747660301 0.03344078695874613 0.033201912496579306 0.031597647239948054 0.029649823842865894
0.1375990758442221 0.13231537716246838 0.1237018358270614 0.11178069645056059 0.09834502934896468 0.08463268700425466 0.07171093820164683 0.0602391689181213 0.05049757616517078 0.042296488295141856 0.03451322682861973 0.027634725021056163 0.021983307138474042 0.017586302768953673 0.014313746841981896 0.01198198964588339 0.010409473777182142 0.009428653581668714 0.00881104159972411 0.00800485764719087 0.007204208826924274 0.006694361089749133 0.0064732584069725355 0.006565828986959575 0.0069909339279203555 0.007779468524702432 0.008951898089981966 0.010543785933793215 0.012616989685904868 0.015198488704714184 0.018195027482375274 0.02143659428250716 0.025068139649757206 0.028949959913220764 0.03275327943143934 0.03603979233873124 0.03818823359052878 0.03820685865344417 0.03632557438207539 0.033790245895704334 0.03091499035260466
0.14455118184799132 0.13445412152065234 0.12083898963435614 0.10543223321408401 0.0896351073341533 0.07470933965432769 0.061430951662507456 0.05015159368096787 0.04091184334333693 0.033562147744256525 0.02770103033278346 0.022562714883346095 0.018304476304772298 0.014974677118409125 0.01253959454715475 0.010923655374608394 0.009909447973216466 0.00934128544814962 0.009004452145309134 0.00866202339873796 0.008325480094470494 0.0081472956492403 0.008265376356279445 0.00869923076918839 0.009468575383594458 0.010619834893696398 0.012254091314308095 0.014522114988201018 0.01760637896101156 0.021403564615854048 0.02572816254101453 0.030208484503329778 0.034516901052228974 0.038778660901244655 0.0425451216700041 0.04525492299683451 0.04577475766956893 0.043876185195537216 0.040857980132462106 0.03714507457087772 0.033126794286490846
0.14675925928223252 0.1308632824929508 0.11331320322236244 0.0954522692062835 0.07856517342733473 0.0635075214174234 0.05070285288584436 0.04022386681180063 0.03191018847334762 0.025501774526969032 0.02067196397737065 0.017033465849998902 0.01414623420289481 0.012086198825938343 0.010685572867510264 0.009795150084031985 0.009317494306336577 0.009174219671107523 0.00924091772137239 0.009369605923009216 0.009563578316923973 0.009976718328228102 0.010669836320578153 0.011690637609967296 0.01308394617196396 0.014892904132506832 0.01720225628362929 0.02025814030639551 0.02420278530411408 0.02919247983337401 0.035254635384880134 0.04149442049325674 0.04690827809851836 0.05137759072012454 0.05474691425806675 0.05613371301696404 0.0546101205082916 0.05156735591979453 0.04720161083669503 0.04194792571317442 0.03645840228445567
0.13814960515177668 0.12036724468167061 0.10138978252797991 0.08303933776110427 0.06644785238069686 0.05221935573424259 0.04053004944773041 0.031256501007674464 0.024139936759839376 0.018784077005460594 0.014859580037825112 0.012298541989971584 0.010719699559426785 0.009666003620247759 0.008996417268850988 0.008672487121808022 0.008667404671325867 0.008961524973661886 0.009490991233746098 0.010171022479421199 0.01110376360898913 0.012331844107115776 0.013907027034753865 0.01580873487112453 0.017935180652229155 0.020360771565968862 0.023305049526469165 0.026911850818464183 0.03142660736840987 0.03701765706225237 0.0437601104226004 0.051594363734235135 0.05945778100220574 0.06520011243471585 0.0687573368041079 0.06900629591431788 0.06649727998996882 0.06205053166865847 0.05587253329082732 0.0486284282503265 0.041185728637099905
0.12138391311415858 0.10507116150669185 0.08705330997208852 0.06979877680404226 0.05454007246228394 0.041786528157527446 0.03158381414024766 0.023747068854020607 0.01786726615217704 0.013631846908098605 0.010902377485484133 0.00917898394615871 0.008140849179417365 0.007612473200859872 0.007450418397267503 0.007558363566681357 0.007958596423995141 0.008682145401911676 0.009722308710311682 0.011145656982879656 0.013011432261628954 0.015127603643458502 0.017315620267404058 0.019595720441940998 0.022007615248751874 0.024723808250895044 0.027959223471724436 0.031805439124146614 0.03635251867179769 0.04185727049908748 0.04838366401147022 0.05582130616294873 0.06383524557913545 0.07138997961939537 0.07770388751851526 0.08139832031410829 0.08112594621489731 0.07632718044131327 0.06768421510334428 0.05776834459237712 0.04771933403963195
0.10329322902555865 0.08869056628197491 0.07256267764815265 0.05719534290625419 0.043790411392429854 0.032814772961418395 0.02426532443531012 0.017824228680343845 0.013216532664285931 0.010250990311711066 0.008337665333299696 0.00712114614118854 0.006400832297906115 0.00607003650566022 0.006086438897299262 0.006457316151523857 0.007183521924405838 0.008307787427882818 0.009962349034328822 0.012125706421414256 0.01445084875082923 0.01684129216794122 0.019234086908871875 0.02160128505424423 0.02398534001728905 0.02664299986979571 0.029706380736395047 0.03326453472740973 0.03736595105645346 0.04208220036213717 0.04761099834669445 0.053844413329943996 0.061081260529399536 0.0695760631884905 0.0791312412564381 0.08686705266948447 0.09086504210105675 0.08963820915707645 0.08243147251785389 0.07019094062526082 0.05664925659480934
0.08706293227925703 0.07363390026294159 0.05948405422296062 0.04619307958315308 0.03480016895914991 0.02562853618060776 0.018583791869371216 0.013490341860226619 0.010193444665984062 0.008047389270707507 0.006645763792832745 0.005752287969042201 0.005233962112328924 0.0050266116284472615 0.005119224235208426 0.005549478254614858 0.006404834841562807 0.007855638796324772 0.009834477916548703 0.012083746794931145 0.014484766694468085 0.016896735736808752 0.019195404708359343 0.02130938592742866 0.023349676452639148 0.025535450281733634 0.027970587133509982 0.03074937998639921 0.03392885070439093 0.037580379931795346 0.042113474393680406 0.0478730883258089 0.05504039226330072 0.06375591361156341 0.07357043576973994 0.08455086775253945 0.09314841897183732 0.09661472040162744 0.0934151799275836 0.0835470691613398 0.06863742986936039
0.07367598089974092 0.06090337218650883 0.04862629067224993 0.037312408677897854 0.027721536521636694 0.02008491521918187 0.014382463811565854 0.010650952515512877 0.008217009722701485 0.006607102129622776 0.005542567835352463 0.004860197803538724 0.004470341161132057 0.00433729883087456 0.00447485426248039 0.004952990504482349 0.00589734179222522 0.007284877861673167 0.00904909949796419 0.011116832959199574 0.013329464711685137 0.015481612143519672 0.017394060740573848 0.018983220157333724 0.02043172987946597 0.02190415114669867 0.02354801967951141 0.02552605766072373 0.028002480481647288 0.031130624000762545 0.03507723655741879 0.040262753034290735 0.046960998753455094 0.0553873522332847 0.06481972885734201 0.07578119547266836 0.08801559567642211 0.09632187282542426 0.09825564163369103 0.09261183873723747 0.08000319665646972
