_RESULTS/CROSS_VALIDATION_POSTPROCESSED_CLR/Berg/GZ/9comp/2/Berg_GZ_z_0_kriged_reverse_9comp_spherical_2.asc
ncols 100
nrows 90
xllcorner 5.6208707817415728
yllcorner 50.959635321741573
cellsize 0.00013419651685393446
nodata_value 1.7014100000000001E+038
[rows 57 to 75 of 90, columns 0 to 42 of 100]
-4.313813795327286 -4.1845743147051495 -4.037604869412741 -3.8768019538055998 -3.706091109248278 -3.529412722044208 -3.35072490020094 -3.1740430650632283 -3.0035429963509226 -2.843757095982539 -2.6998816984746354 -2.5781585428753306 -2.486140211387245 -2.4323543373466645 -2.423381670453171 -2.4498526659230726 -2.5067628706649745 -2.586799150816422 -2.6794078836335373 -2.773881013898065 -2.86098023942806 -2.933286246351761 -2.9862972919990924 -3.0257558624191803 -3.0517520819972455 -3.063338523018987 -3.0603789858951895 -3.0437198716565446 -3.015604688187971 -2.986912851233517 -3.003926443605807 -3.0816244606734173 -3.2284389599650263 -3.449172167068711 -3.7518071528525203 -4.121799495336121 -4.543178022975245 -5.003340287070267 -5.492355192660781 -6.001748661868832 -6.523482347240173 -7.049033336214254 -7.560499031519198
-4.345887138613998 -4.219358648387571 -4.0737155473701865 -3.9125206001208888 -3.7393198256199156 -3.557633390727088 -3.370967782072942 -3.182870802171059 -2.996931755549351 -2.8169940939930784 -2.64861350336908 -2.498799771300056 -2.3768424980598652 -2.2948492457582996 -2.265808811505138 -2.2873531128901474 -2.351921091857202 -2.447380395656458 -2.5578438903552887 -2.6693903447217475 -2.771586132291615 -2.8582323961585523 -2.9328795175695577 -2.9947317225599557 -3.0425966254208006 -3.0761084038094055 -3.0957162742156377 -3.102819253652781 -3.1000384285525286 -3.0939575454694235 -3.1267414316099904 -3.215185640961553 -3.361860694663976 -3.5660340880493044 -3.8385421521755507 -4.173826220732362 -4.559468283282772 -4.983969903942171 -5.437103818339108 -5.909463832677864 -6.391763766959549 -6.874025484824209 -7.342126866137061
-4.367538475889306 -4.24480444285425 -4.101601700988265 -3.941190485578864 -3.766747063012694 -3.5792163165354385 -3.3813429857850377 -3.177609107794618 -2.972363047568841 -2.7700323340269977 -2.5755948732003473 -2.395544544722126 -2.2397339708498247 -2.1241962419826828 -2.0721096063300135 -2.096353984705251 -2.183087992084392 -2.3071423500170027 -2.4425232214688792 -2.574526277363498 -2.695341165616371 -2.8057193858260865 -2.9033704814405272 -2.9868973653820254 -3.055776913386704 -3.1101966817453706 -3.151040385543212 -3.1799677858290063 -3.199537662356062 -3.2133483809360537 -3.2531970350349186 -3.3434829411322733 -3.4838149545038863 -3.6710520496002745 -3.915042604463566 -4.216644910307131 -4.5658025622187 -4.952252862553808 -5.366023535712033 -5.797352099548621 -6.236282105666036 -6.672082258809521 -7.0921359759930205
-4.378178383962251 -4.260557365186651 -4.121003375372855 -3.9580852408267795 -3.774449520451074 -3.574829277376822 -3.3636793595724086 -3.1451456379932083 -2.923077730915705 -2.70113451082183 -2.4830937447978405 -2.273652194318419 -2.080531709525773 -1.920181932304482 -1.8299058224934925 -1.8587716182791216 -1.9882636985818514 -2.1599820862373162 -2.3351754230514916 -2.4998151706150553 -2.6481794663523908 -2.7815810054498713 -2.9000630909309923 -3.003156408664703 -3.090982867733862 -3.16417062122522 -3.22385829436343 -3.2717353275951337 -3.310066149511533 -3.3416200199077375 -3.382829464447065 -3.4680864409425523 -3.5969797115084856 -3.7653846355333727 -3.9810822886503168 -4.249472847060233 -4.56198379206193 -4.909383767692693 -5.282180573467946 -5.670677782213095 -6.064781988853286 -6.453664102792371 -6.825369741954365
-4.3770764839954515 -4.2623717629457145 -4.116620837842948 -3.9447209554906264 -3.7515861745696952 -3.5418846195660603 -3.31996928927827 -3.0898102934701317 -2.854938539834949 -2.6184190158290326 -2.382892834854947 -2.150797472493227 -1.9251747646036406 -1.71322596887291 -1.5496450665883819 -1.5857251988798557 -1.793482748520145 -2.0227304254347414 -2.243345350138018 -2.4470651234496854 -2.6298203919122543 -2.7887165865316987 -2.924466487506173 -3.0437478786556778 -3.1474385574355472 -3.2364073072128807 -3.3118545918247637 -3.375328339755143 -3.4286963807018793 -3.474029525050808 -3.516584406914639 -3.59116227078929 -3.7042074563846557 -3.851155571144135 -4.0382634827815345 -4.273605406369142 -4.549590586808796 -4.857800271454881 -5.189297010038441 -5.5347224284054946 -5.884240254931211 -6.227391336040985 -6.552949274761462
-4.366466164494229 -4.237408677570797 -4.080867102858145 -3.900740788562576 -3.69995336373856 -3.48245553201551 -3.252688068214288 -3.014703622574219 -2.772082287419802 -2.5278531974747027 -2.284432341438741 -2.0435918550227146 -1.8064976897281046 -1.5740132040072687 -1.3510241246738501 -1.398952159524081 -1.674187082406616 -1.9398479764443333 -2.189368762886911 -2.419992934154121 -2.62927799329477 -2.814911589125097 -2.9747188893453065 -3.1079583411411256 -3.2237453341538482 -3.3249821153675923 -3.4127359558771553 -3.488282986910309 -3.5530524958333096 -3.6085031195983626 -3.655914110501365 -3.715095663868448 -3.808403818259276 -3.931086227430023 -4.089129400296852 -4.291497484994013 -4.531275773086671 -4.800699408448584 -5.0914011050417525 -5.394517770970604 -5.700716284508525 -6.000180540411281 -6.281989835173494
-4.343395828882591 -4.200267870471529 -4.030286490170329 -3.837594078380297 -3.626341961513383 -3.400651917418952 -3.164567806207149 -2.922002497501015 -2.6766935546372004 -2.432198412997981 -2.192002166664746 -1.959939715132288 -1.7416194663531348 -1.5497785474029495 -1.426520534502754 -1.4713996453251035 -1.6743163346925671 -1.9251238561533817 -2.1786247564832975 -2.421656320735796 -2.647966330440116 -2.8535101496094377 -3.035177484653499 -3.1903821132820918 -3.3177348451724504 -3.427535913047634 -3.5240527485528164 -3.6081923569993313 -3.68092929863004 -3.7431854389265347 -3.7956626890424734 -3.8422974147830846 -3.9124237635709695 -4.008224602106768 -4.136707779734807 -4.3062120677700335 -4.510264441195849 -4.741650974427218 -4.991794799537278 -5.247191403562867 -5.500838306931983 -5.746603702281773 -5.97762342854416
-4.309987690980711 -4.154376579784634 -3.972604459352057 -3.7690907661581985 -3.548335544830944 -3.3148940676435346 -3.0733449941170994 -2.82826285305597 -2.5842218623279147 -2.345891573046719 -2.118358200630111 -1.907979255124988 -1.7244903577614608 -1.5857178674810517 -1.5239173387138547 -1.5745793927243708 -1.7333028266296449 -1.9572313239597063 -2.2020909219480544 -2.447672620259881 -2.6835337999334667 -2.903125803083866 -3.1018200810852714 -3.276048248652761 -3.422903866323109 -3.5411937485759566 -3.6430704203399613 -3.7325200638023874 -3.8100627591610277 -3.876143775418905 -3.930995797430948 -3.9744903578499446 -4.018989925337934 -4.085601821026231 -4.1842541405582825 -4.321091957155598 -4.487723944794693 -4.66807049586881 -4.857523587679506 -5.052399457249969 -5.248340187962189 -5.440328422449895 -5.62273703361205
-4.268204204067087 -4.101609264579528 -3.9095437765365713 -3.696741197207507 -3.4681082366663842 -3.228717692118426 -2.983795736174666 -2.7387154634078392 -2.4990271034923994 -2.270589301589725 -2.0599222771958345 -1.8749790201354726 -1.7265374997143637 -1.6298806605818714 -1.6040951784906148 -1.663485606031884 -1.8046065779703988 -2.0072346550477627 -2.24388113584917 -2.488992355857614 -2.730523692165266 -2.960271866081911 -3.1722823428499525 -3.3619955662010215 -3.525753746151655 -3.6605063197294267 -3.7667158191569494 -3.858502697120894 -3.9380109226885303 -4.005260976149995 -4.060092129806053 -4.102046623308652 -4.130634743991818 -4.166437348098496 -4.234762460472274 -4.325718626721519 -4.430542414702835 -4.5477286561242 -4.675166648946171 -4.810152048545947 -4.949391864957855 -5.089015109765624 -5.224609958943216
-4.219793033337784 -4.043601063611367 -3.8425468129015012 -3.6216875809830107 -3.3863603961376905 -3.142195374980758 -2.8951186080927087 -2.6513493113375426 -2.417410401070119 -2.200195314045094 -2.0071589028723973 -1.8466903491494349 -1.7285773906539776 -1.6639953859909422 -1.663710232510041 -1.7335988172454577 -1.8701435063250478 -2.0609171699355433 -2.2897085615737125 -2.5358783278557806 -2.782344882765412 -3.02039883107364 -3.243326061726835 -3.4458385848139796 -3.6236478568376462 -3.7731632094386423 -3.8912741973873315 -3.983124774859621 -4.0621107288822715 -4.128197342284976 -4.1808895665317065 -4.219455992222588 -4.242850287470087 -4.250621462905626 -4.264398705054727 -4.291981439676397 -4.333127897050171 -4.387111081864593 -4.452722576817651 -4.528267945570409 -4.611554008745675 -4.699876016341089 -4.79001938928524
-4.1663451731263885 -3.9818337049770856 -3.7728986050763615 -3.5448992264370274 -3.3035884591251414 -3.0551498117595908 -2.8062141678344164 -2.563845941804203 -2.3354947489332254 -2.128923185953159 -1.9521354577655625 -1.813313627574097 -1.7206622301419516 -1.6818499749190332 -1.7026235334051534 -1.7846710685755292 -1.9239841708614795 -2.1112695639406627 -2.3342723026511503 -2.580302345531692 -2.8328550327164015 -3.078880318915545 -3.3114449681574687 -3.524876958274395 -3.714469343984512 -3.8762264375093958 -4.006658164193109 -4.103143874179345 -4.179483969399946 -4.2423941809074615 -4.291096695931775 -4.324630388679312 -4.335896780888505 -4.307713416836156 -4.262825325097874 -4.226596423766283 -4.203764652146757 -4.194382995912207 -4.198160792854162 -4.214442851156703 -4.242172042878357 -4.279839644568525 -4.325434760398713
-4.1093549365107 -3.9177271068018644 -3.701860899754802 -3.467361937600108 -3.2203444779500114 -2.9675001246559414 -2.716136859759327 -2.4741570711292824 -2.2499377650210346 -2.052084998508062 -1.889063218818761 -1.7687327763659586 -1.6978224198113865 -1.6812984457651852 -1.7215665705828762 -1.8176331756012152 -1.964689228128845 -2.1545842593286717 -2.3771019003367178 -2.6214157183646924 -2.877159335928575 -3.131655228286498 -3.37332858516816 -3.5964100626133884 -3.7960002538959103 -3.967862353423741 -4.108248430324391 -4.21374830858863 -4.287071641306627 -4.345101236820988 -4.38822031332106 -4.409508659335218 -4.381928712872914 -4.317668222412949 -4.233994003106855 -4.1380279878505855 -4.050864214920401 -3.9778059925521205 -3.9194959884960756 -3.8763521976706588 -3.848502902777116 -3.8356908074834015 -3.837155280907999
-4.050270715582704 -3.8527222293448875 -3.6307990390129934 -3.3902621591035684 -3.137489465395663 -2.8795901938304276 -2.624490370507166 -2.380934235126728 -2.158319823329994 -1.9662814379131341 -1.8139855825871543 -1.7092357957477393 -1.6576159848259087 -1.661904453761756 -1.721835019294351 -1.8341482669320115 -1.992904980272586 -2.190089994195605 -2.4164459440168775 -2.6623334879615013 -2.9184039350486195 -3.1759922250037227 -3.4261247550429528 -3.6579442227811887 -3.8660705013403636 -4.046184295648471 -4.194405380834658 -4.307165807138308 -4.381681058889433 -4.433415672020765 -4.466565586258154 -4.450422259266494 -4.38199721505401 -4.282830509063744 -4.162853173603469 -4.027638994777262 -3.883021956839613 -3.745816058793031 -3.6248877902881906 -3.5217683307373697 -3.4378408915350542 -3.3741928284394485 -3.331415525102482
-3.9905244659430874 -3.7883393747097616 -3.561282480066786 -3.3151452359534 -3.056423145686744 -2.792493286525542 -2.531785926308289 -2.2838781920962985 -2.0593712443533523 -1.8693542771621239 -1.7243081122498332 -1.6325808172410095 -1.5989934563108563 -1.6242564206059096 -1.7053852001466105 -1.8366712445572113 -2.010656614791625 -2.218888766758236 -2.4524911217464758 -2.702611921609107 -2.9607574585222682 -3.2189975087608147 -3.470051448018347 -3.7072853513287134 -3.922637069393501 -4.109312777264898 -4.2634127173247 -4.381304413664624 -4.459530042719105 -4.5041157859385885 -4.5053492424079185 -4.447428101722397 -4.341868035083165 -4.207823569807591 -4.051316584110175 -3.8781877931112714 -3.6944329377585405 -3.506222280099295 -3.3227668901854424 -3.1586998442935394 -3.0176566052529603 -2.9022526035412883 -2.8177188754825644
-3.931527801416503 -3.7261949853054146 -3.495137278695239 -3.244024152245094 -2.9792725149151016 -2.7082973332375078 -2.439813425335596 -2.1841275273585583 -1.9532381285541622 -1.760365466501701 -1.6184290120400986 -1.5374276618050935 -1.521852108018881 -1.5699295844427614 -1.6751642032954916 -1.8287321990687224 -2.0212378922431546 -2.243514451076982 -2.486855663284426 -2.743055659145319 -3.004420421040912 -3.2637790787597463 -3.514385510176629 -3.74910532590046 -3.9627391711130278 -4.15076633662421 -4.307924205428479 -4.428944263986378 -4.510307392369373 -4.539056280073909 -4.501814787320607 -4.404515454659862 -4.266170115182685 -4.0975263282982315 -3.9044630857523304 -3.6930200273373206 -3.469524863951335 -3.24064765561178 -3.0134234834249254 -2.795313435661766 -2.598266362599898 -2.43578449862117 -2.3133161703525187
-3.874623986326786 -3.6679596160070034 -3.434424737969084 -3.1794048786916846 -2.9090044079915445 -2.630355901648124 -2.3520687114561243 -2.084828783147401 -1.8420207008733156 -1.6398249492686183 -1.4955429388719486 -1.4230180278231157 -1.4270411085644432 -1.5019314304970344 -1.6357415714199415 -1.8154118629286984 -2.0293415186474637 -2.2677524285114607 -2.5222552686521125 -2.785336838072568 -3.0475477675033584 -3.3021821908327937 -3.544760544637542 -3.770986772123272 -3.9766823688935173 -4.157722507630628 -4.309975417289085 -4.429248886927566 -4.50950232623223 -4.510948504368484 -4.439002642224089 -4.314556798257807 -4.1516571672204075 -3.954597888486281 -3.7277165888719104 -3.477824652245727 -3.2141668075354994 -2.9446799008484086 -2.6777863302216653 -2.4226516684995936 -2.189081789638571 -1.9872111922982243 -1.826916116155557
-3.8209892472601146 -3.615242434802378 -3.3813178852894357 -3.1241796856603603 -2.84939052558931 -2.5634258970024946 -2.2742085861224024 -1.9920187934759777 -1.7309393135518225 -1.510557955917963 -1.3557075084811552 -1.2890303552914437 -1.3169566357979945 -1.4258953288107237 -1.5944095799877878 -1.8039787126472602 -2.0412260558464705 -2.2964669252736933 -2.558272098914616 -2.818522686297518 -3.073240739400472 -3.3186975650160386 -3.5512765445466368 -3.7673940123991296 -3.9634411264133367 -4.135732480457771 -4.2804589575899925 -4.3936473754343295 -4.456604099067548 -4.427521807817748 -4.324152222972923 -4.177364037822311 -3.9919177966094077 -3.77176039516526 -3.5210833222571267 -3.2444771006396587 -2.947106516359872 -2.6390705760753943 -2.332714277868476 -2.0380413421939547 -1.766194722964507 -1.5292280534754563 -1.3394645975778392
-3.7727108155026263 -3.569397111644143 -3.33785431013156 -3.0813332948283705 -2.8047100956066755 -2.513496034093929 -2.21429658183824 -1.9157661695980956 -1.6306863830225522 -1.380321699667583 -1.2006020487669131 -1.1356540771841317 -1.1976748939448854 -1.3528213048812714 -1.5628622447543932 -1.8044558906664823 -2.063060239674323 -2.324136910743279 -2.5828165992753305 -2.8360517297533243 -3.0810853740691493 -3.3152142518919083 -3.5356803078122416 -3.7396113419893977 -3.923976529905589 -4.085545032509497 -4.220847009146942 -4.325765750747682 -4.361186926109136 -4.3046859210770005 -4.180356483045104 -4.013374464935252 -3.8075999928386537 -3.566610470203925 -3.294221004623404 -2.9946686919889514 -2.6728336330112397 -2.3345029976960054 -1.9879951566186107 -1.6505742244788681 -1.3359271990793906 -1.0583030428953277 -0.8332094348350365
-3.739162248583076 -3.531991089505124 -3.3055702560126368 -3.053433590563372 -2.7790734787479563 -2.486994092592663 -2.182200200097418 -1.8707280699083007 -1.561144251806656 -1.2695232871006956 -1.0376437515388117 -0.964548922703111 -1.086741807655386 -1.304590144595143 -1.558755276840945 -1.8254036616922873 -2.0895382441700927 -2.3481639229382143 -2.599506118029483 -2.8420075562742375 -3.0740549321895863 -3.293876487575152 -3.4994974153960667 -3.6887087818911084 -3.8590336231127074 -4.0076876529837016 -4.131539357385611 -4.221048283095541 -4.228718903947336 -4.155496099634011 -4.014456503982296 -3.8303585857254516 -3.6072801459947446 -3.348322084968072 -3.0567875975245324 -2.736385643812885 -2.3914837465657883 -2.0274320197248223 -1.6509846168270714 -1.2712634690298446 -0.9089729983163837 -0.5839362723119521 -0.3156313810168436
