_RESULTS/CROSS_VALIDATION_POSTPROCESSED/MHZ/IZ/2comp/4/MHZ_IZ_z_500_kriged_reverse_2comp_spherical_4.asc
ncols 100
nrows 81
xllcorner 5.5967107548124995
yllcorner 50.982328804812504
cellsize 0.00017565037499993607
nodata_value 1.7014100000000001E+038
[rows 0 to 18 of 81, columns 43 to 85 of 100]
0.2664673324303441 0.2663500830934752 0.2661898041100678 0.2659958212760749 0.2657784347338064 0.26554902761850097 0.26531994449232943 0.26510413662084087 0.26491455695727467 0.26476330314315405 0.2646605611269063 0.2646134849927987 0.26462522523803217 0.2646965561818397 0.26483849849463587 0.2650455587362687 0.2653054540082499 0.2656035702631473 0.2659240910786428 0.26625092055352023 0.2665683291981655 0.26686132791730005 0.2671158168043554 0.2673185675563001 0.26745709283349767 0.2675194433315359 0.26752178090686995 0.26752178090686995 0.26752178090686995 0.26752178090686995 0.26752178090686995 0.26752178090686995 0.26752178090686995 0.26752178090686995 0.26752178090686995 0.26752178090686995 0.26752178090686995 0.26752178090686995 0.26752178090686995 0.26752178090686995 0.26752178090686995 0.26752178090686995 0.26752178090686995
0.2661341483021131 0.2659552351841588 0.26573267430391634 0.26547535550900786 0.2651938387485037 0.2649004791878471 0.2646093071165979 0.26433565049337504 0.264095433562181 0.2639040882897686 0.26377509564726215 0.26371832751664326 0.26373853157264493 0.26383438738656806 0.26401109531554884 0.2642682344037983 0.26459015687461296 0.26495874051105195 0.2653549660924234 0.26576009688071955 0.26615640824488995 0.26652752942485824 0.2668585019364165 0.2671356551067832 0.2673463756815067 0.26747882239788123 0.26752178090686995 0.26752178090686995 0.26752178090686995 0.26752178090686995 0.26752178090686995 0.26752178090686995 0.26752178090686995 0.26752178090686995 0.26752178090686995 0.26752178090686995 0.26752178090686995 0.26752178090686995 0.26752178090686995 0.26752178090686995 0.26752178090686995 0.26752178090686995 0.26752178090686995
0.2657540623333705 0.2655158235647037 0.26523148389803874 0.26490920499109033 0.26455971909717413 0.26419640659262067 0.2638351988425412 0.2634942569194868 0.2631932591452314 0.26295210173046013 0.2627889172707347 0.26271758487378344 0.2627452814546838 0.2628708720428511 0.263090619099488 0.2634069246480733 0.263800743995776 0.2642492769332575 0.2647295024299833 0.2652196215531811 0.2656997877764721 0.2661523106676488 0.2665615331595294 0.2669135366858835 0.2671957727614114 0.2673966752544803 0.26750527835956134 0.26752178090686995 0.26752178090686995 0.26752178090686995 0.26752178090686995 0.26752178090686995 0.26752178090686995 0.26752178090686995 0.26752178090686995 0.26752178090686995 0.26752178090686995 0.26752178090686995 0.26752178090686995 0.26752178090686995 0.26752178090686995 0.26752178090686995 0.26752178090686995
0.2653449632062699 0.2650513674680078 0.26470671410073904 0.2643182686133296 0.26389690327958015 0.26345701771868757 0.26301653110201 0.26259678865084124 0.26222205051852926 0.26191812827576644 0.26170979557823965 0.2616170125390657 0.2616508042345129 0.26181036537957925 0.2620848910942368 0.26247231595730053 0.26295040964018607 0.2634901308687468 0.2640635729951245 0.2646455674141029 0.26521421298207704 0.2657507569701992 0.2662391639874734 0.2666655785335115 0.2670177850518692 0.2672847072000476 0.26745595548519124 0.2675214175298906 0.26752178090686995 0.26752178090686995 0.26752178090686995 0.26752178090686995 0.26752178090686995 0.26752178090686995 0.26752178090686995 0.26752178090686995 0.26752178090686995 0.26752178090686995 0.26752178090686995 0.26752178090686995 0.26752178090686995 0.26752178090686995 0.26752178090686995
0.2649281439632517 0.26458485831757045 0.264182216046726 0.2637268580218864 0.2632298780386862 0.2627065394118731 0.26217652566145905 0.2616643735446617 0.2611995779369304 0.260815589882873 0.2605467378050967 0.26042253245204106 0.2604604244084147 0.26066020685333774 0.26100390152968106 0.26147839531084693 0.2620562158716272 0.26270009571526753 0.2633764527581452 0.2640567698750955 0.26471751450638253 0.26533941676876194 0.26590658211557633 0.2664056517962644 0.2668250791196189 0.2671545242086187 0.2673843464310501 0.2675051687256331 0.26752178090686995 0.26752178090686995 0.26752178090686995 0.26752178090686995 0.26752178090686995 0.26752178090686995 0.26752178090686995 0.26752178090686995 0.26752178090686995 0.26752178090686995 0.26752178090686995 0.26752178090686995 0.26752178090686995 0.26752178090686995 0.26752178090686995
0.2645300745684409 0.26414338511132907 0.2636852281447974 0.26316260033735117 0.2625869114099889 0.26197379105088103 0.2613438852109695 0.2607241920934711 0.2601494280713229 0.2596623433222142 0.2593109544520788 0.2591403555222296 0.2591794768572846 0.2594292911971352 0.2598615134479493 0.2604445963151473 0.26114108277265874 0.26190329657297867 0.26269174794737954 0.2634752953027545 0.26422975947612526 0.26493626232144263 0.2655797722550425 0.2661479572787848 0.2666303091035551 0.2670174711548156 0.26730070853151944 0.2674714715552486 0.26752178090686995 0.26752178090686995 0.26752178090686995 0.26752178090686995 0.26752178090686995 0.26752178090686995 0.26752178090686995 0.26752178090686995 0.26752178090686995 0.26752178090686995 0.26752178090686995 0.26752178090686995 0.26752178090686995 0.26752178090686995 0.2675193366095769
0.2641840698695111 0.2637575639235396 0.26324522592985844 0.26265540584655117 0.26199946489294074 0.2612923146452629 0.2605539421734211 0.2598118575670996 0.2591044154184878 0.25848415779513967 0.2580179651912992 0.2577772604027243 0.2578133177734667 0.25812970084103454 0.25867870970451645 0.2593994643221995 0.26023665274749436 0.2611309254033236 0.262038184703964 0.26292660824115965 0.2637730774942161 0.26456036352483503 0.2652751483989303 0.2659066737301628 0.2664458069016156 0.26688437243674595 0.26721464745597917 0.26742895597146904 0.2675193196476521 0.26752178090686995 0.26752178090686995 0.26752178090686995 0.26752178090686995 0.26752178090686995 0.26752178090686995 0.26752178090686995 0.26752178090686995 0.26752178090686995 0.26752178090686995 0.26752178090686995 0.26752178090686995 0.26750406332705945 0.26745275894726406
0.2639274415163172 0.26345785022472196 0.2628909285055576 0.2622351876589854 0.261500576585819 0.2606996200446147 0.2598492989784622 0.2589742372588658 0.258112075922563 0.2573217962379214 0.2566928330280936 0.25634151466273236 0.25636748968014145 0.25678089180520164 0.2574909231594771 0.25838685770757996 0.2593870054475258 0.26042276174836076 0.2614497806971066 0.2624390917207525 0.26337095143384676 0.2642311626404823 0.2650089036899143 0.2656954114781824 0.2662831395661306 0.26676518189067777 0.26713484538982746 0.26738530474524325 0.2675092994115217 0.26752178090686995 0.26752178090686995 0.26752178090686995 0.26752178090686995 0.26752178090686995 0.26752178090686995 0.26752178090686995 0.26752178090686995 0.26752178090686995 0.26752178090686995 0.26752082518044834 0.26748644281468353 0.2674100960342956 0.26730194327867274
0.26378740645557913 0.2632672058692643 0.2626458348516019 0.2619285567289214 0.26112207390331144 0.2602349236521283 0.2592788086231199 0.2582713986353775 0.2572422174600048 0.2562453043628896 0.2553847518192481 0.2548465126386819 0.2548488022302678 0.2554221554180183 0.2563633564411422 0.25747536654125447 0.2586520539660421 0.25982720706063883 0.260964554552586 0.26204246964588296 0.2630467697249477 0.2639672778799638 0.2647960675828099 0.26552648648361865 0.26615255694626444 0.2666685653787664 0.26706874734783476 0.26734701938003824 0.2674967295944397 0.26752178090686995 0.26752178090686995 0.26752178090686995 0.26752178090686995 0.26752178090686995 0.26752178090686995 0.26752178090686995 0.26752178090686995 0.26752178090686995 0.2675201028564605 0.2674763984196826 0.2673859455865016 0.2672588071693734 0.2671019273351452
0.26377061119541984 0.2631950962354437 0.2625244356193307 0.26175541664440616 0.26089082181167356 0.2599347814266786 0.2588929773917621 0.25777386760520166 0.25659208047054993 0.25537821369439834 0.2542111610860895 0.2533295216121336 0.2532724380586966 0.2541558554815703 0.25542085851467017 0.25676734110206856 0.2581064651574468 0.25939745452449064 0.26062074061521634 0.2617647839336842 0.26282158184777676 0.26378487972578785 0.26464933900019544 0.26541008019101914 0.2660623836189164 0.26660145822320513 0.26702223772889877 0.2673191834509377 0.26748608175770916 0.26752178090686995 0.26752178090686995 0.26752178090686995 0.26752178090686995 0.26752178090686995 0.26752178090686995 0.26752178090686995 0.26752178090686995 0.26752376859541754 0.26749746403901564 0.26741928742267884 0.2672940332996042 0.2671274795917483 0.26692658563404037
0.26395391633612364 0.2633043882871579 0.2625620228614717 0.26173266437786064 0.2608246492952903 0.2598267057986129 0.2587342643953313 0.2575491314542716 0.2562733888509689 0.2549102523083992 0.253469236453967 0.25201679580694236 0.2517560404328904 0.25329532869674876 0.25487789922868553 0.2563893196865905 0.257826226361746 0.2591814255309692 0.26045013602060285 0.26162811391461027 0.26271133055786694 0.26369587179350684 0.2645778668304698 0.26535340581994415 0.2660184387209457 0.26656865539444896 0.26699934749962095 0.26730525185779486 0.2674803739288363 0.26752178090686995 0.26752178090686995 0.26752178090686995 0.26752178090686995 0.26752178090686995 0.26752178090686995 0.267522421149119 0.26754127138119105 0.26755060479189496 0.2675005952349048 0.2673941288020777 0.2672355869894215 0.2670304036358375 0.2667853491551593
0.26434922793359766 0.2636443383970496 0.26284214669500705 0.26194875930869926 0.2609735832309978 0.25992878003846503 0.25882423110918124 0.2576371731440875 0.25636975543195617 0.25502850864127846 0.2536335232696833 0.252308796468906 0.2521127836229011 0.25347036999747274 0.25498882002970763 0.25646746719351954 0.2578802874431 0.2592171286305931 0.2604729575573462 0.2616441610697389 0.26272425518110076 0.26370629571686 0.26458623246611074 0.2653600382764952 0.26602358271864146 0.2665724982627368 0.2670020340559656 0.2673068943246739 0.26748105869276695 0.26752178090686995 0.26752178090686995 0.26752178090686995 0.26752178090686995 0.26752178090686995 0.26752754518490046 0.2675635518393958 0.26761402301341747 0.26760997328620356 0.2675419429108977 0.2674116766217436 0.26722227458883874 0.2669785476376353 0.26668737919714064
0.26492690657176465 0.264187187209743 0.2633460457961058 0.26241178073175037 0.2613958041799664 0.2603146105077506 0.25919493997861004 0.2580605019783913 0.25690806332232097 0.2557441716607621 0.25465368997604176 0.25386609649065633 0.2538147451101946 0.25458251931039516 0.25573860207605836 0.25701235944072864 0.2582928447320131 0.2595350415070029 0.26071808826189136 0.2618305269658104 0.2628648987827056 0.2638155062717389 0.26467389529704494 0.26542955698840903 0.2660774798895011 0.26661271255879093 0.267030068474611 0.26732391583840526 0.2674879665973776 0.26752178090686995 0.26752178090686995 0.26752178090686995 0.26752178090686995 0.26753282727459665 0.2675887454939234 0.2676816917530909 0.2677468885521105 0.26774090824870894 0.2676633484519523 0.2675148646460684 0.26729756414693107 0.2670154451728493 0.266674877569608
0.2656570607576313 0.2649012432418705 0.2640408134544632 0.2630873976916087 0.26206437840682417 0.26099526930251354 0.25990327835310106 0.2588191227631368 0.25778669840557117 0.2568459263146293 0.2560496932375012 0.2555580528359971 0.2555456896487119 0.2560346452578667 0.25687438039841776 0.25789993422238106 0.2589949131905967 0.26009550027846995 0.2611666641873202 0.2621879160881839 0.2631461346416271 0.2640319869603852 0.2648380906403049 0.26555758879681457 0.26617662670728365 0.2666864276664604 0.26708104889866996 0.26735426607402224 0.2674993128478649 0.26752178090686995 0.26752178090686995 0.26752256597622537 0.2675429640151473 0.2676180605644884 0.26774001591164187 0.26788104830009396 0.2679570771210927 0.26795526459803654 0.2678738803613847 0.2677122216970932 0.2674710614407044 0.2671531744069032 0.26676395211085974
0.2665089717624518 0.265752216662002 0.2648899700126122 0.26394839375074375 0.2629487353457523 0.2619136929700612 0.26087137665914184 0.259858065033356 0.25892279823694897 0.25813394745072904 0.2575513993363479 0.2572210794062002 0.25722101368416433 0.2575591178873692 0.25818059814072963 0.2589880688872703 0.2598934441285797 0.26083545475271985 0.2617742999836296 0.2626840723189477 0.26354720188224445 0.264350987053328 0.2650855340062446 0.2657425501525673 0.26631464000459465 0.266788373596706 0.2671505377991156 0.2673941363622658 0.26751176633751056 0.26752178090686995 0.26752748343477334 0.26755389015737424 0.2676397462304964 0.2677837857916974 0.2679734166872089 0.2681478396980962 0.268241767279749 0.2682512933408219 0.2681731543575266 0.26800498977237114 0.2677458334065429 0.26739672182050495 0.2669614468940483
0.2674512505498278 0.26670617770336014 0.26586589004371025 0.26495170794620404 0.26398609220201275 0.26299521034554185 0.2620102319077403 0.26106932502487307 0.26022024495767515 0.25952254739941305 0.25904646451582836 0.25881202918562757 0.25881421545291594 0.2590621251630227 0.25953278524434814 0.26016622227009606 0.26090154497286644 0.26168880471753103 0.2624907527422618 0.26328044387685867 0.2640381872491388 0.26474907078071236 0.26540122809775785 0.2659847015241745 0.26649071950322356 0.2669112450631616 0.2672323004697046 0.2674381296097429 0.26752057133736984 0.26753262619221313 0.26756312681906025 0.26764780506437325 0.2678030575839278 0.2680166866777478 0.26827124762284643 0.2684761931407302 0.2685959120272561 0.26862515715339963 0.26855894405022046 0.2683929449435789 0.26812400381995904 0.26775081059393546 0.2672747807443727
0.26845347121251184 0.2677355190257487 0.26692370260277476 0.2660409358623342 0.26511272568834515 0.26416760177736504 0.26323793265706724 0.26236101709658916 0.2615800603837021 0.2609440919021557 0.26050515838360977 0.26030679110932803 0.2603079389774683 0.2604987701469468 0.2608613586956671 0.26135878882875174 0.2619498309428172 0.2625965655443546 0.2632674825090891 0.26393755554396164 0.2645870647232535 0.26520021470486654 0.2657639645819617 0.26626715701507736 0.2666999100270825 0.2670532059726059 0.2673186077453912 0.2674794788516272 0.2675346799219299 0.2675708923330342 0.267643002302476 0.2677949914792238 0.26801885382038243 0.2683022320372938 0.2686147750484691 0.26885778936455706 0.2690119674349489 0.2690705621176569 0.26902673372200037 0.2688739036208757 0.2686062608109658 0.26821947465953894 0.26771167942708163
0.26948972282572936 0.2687997011678445 0.26801531652253674 0.26716265966799646 0.26626967201288976 0.2653662437413163 0.2644845843045892 0.2636596359287043 0.262929137640899 0.2623327290056154 0.2619093729696408 0.2616927904415763 0.2616915663560941 0.26184172281088597 0.26212397227429135 0.2625148187295851 0.2629862589702734 0.2635103341853503 0.2640617310283674 0.2646170158862025 0.26515846675875754 0.2656726746927603 0.266147005845429 0.26656907622685094 0.2669263779904554 0.2672075024397254 0.2674051653570863 0.26752105680471355 0.26757078208102875 0.267632734520362 0.26776450388502077 0.26798135591182987 0.26827218319319857 0.2686246798332009 0.2689927378628472 0.26928162978054787 0.26947950160606865 0.26957819927200505 0.26956899907983184 0.26944286823880587 0.2691909120604214 0.26880508344605264 0.26827924668537245
0.27052573883384473 0.26985844472496856 0.2690963947506267 0.2682686816838893 0.26740514085396283 0.26653623912541635 0.2656931872056118 0.2649079982445312 0.2642131881233977 0.2636407997407186 0.2632205266443423 0.26298203468734216 0.2629523162981525 0.2630717073790043 0.2632924953378024 0.2635977026014435 0.2639573754295993 0.26435475226295635 0.26477616757371636 0.2652082922824299 0.2656383167063593 0.2660537825289773 0.26644228475077825 0.2667911793383666 0.26708736320353726 0.2673171466716815 0.2674717744569359 0.2675602647973223 0.2676243888840311 0.26772354405412047 0.26791420256662346 0.2681923669697489 0.2685473507832765 0.26896716777188906 0.2693915086926591 0.26973378398635744 0.26998471840503147 0.2701350093615304 0.27017419532967907 0.2700907464674376 0.26987237057690544 0.269506645241603 0.268982121313355
