_RESULTS/CROSS_VALIDATION_POSTPROCESSED/Berg/IZ/7comp/5/Berg_IZ_z_0_kriged_reverse_7comp_spherical_5.asc
ncols 100
nrows 90
xllcorner  5.6208707817415728
yllcorner 50.959635321741573
cellsize 0.00013419651685393446
nodata_value 1.7014100000000001E+038
[rows 36 to 53 of 90, columns 41 to 81 of 100]
0.034196342809767216 0.02019837238106586 0.011262997257542486 0.005803551296096306 0.0027821517656468195 0.001261494138727361 0.0005592791523549341 0.00024843657458661504 0.00011262414970309169 5.3468536346228285e-05 2.7690853626595263e-05 1.6718574164749103e-05 1.2857789350282699e-05 1.3144173285478579e-05 1.6994861741571896e-05 2.5638112084236163e-05 4.072075816979115e-05 6.460376392485136e-05 9.946647114600807e-05 0.0001480764509438907 0.0002133294266683595 0.00029819217989830656 0.0004058010805899084 0.0005412763576128792 0.0007180311523146852 0.0009503754097964725 0.0012562644739744955 0.0016571107331747068 0.00217461211513253 0.0028230161388862105 0.0035948200909058084 0.004487593159777247 0.005748995830114829 0.007533566681711085 0.009921609231095273 0.012898470170580073 0.016845672058510123 0.02187684214809515 0.02753118666290014 0.03309353405688975 0.03748102774110758
0.02648115429611753 0.01614357930230927 0.009412896473881157 0.005159569852627994 0.0026552151398408236 0.001312182456562846 0.000644914075013825 0.0003207959630643837 0.0001649104813959912 9.007063352836356e-05 5.427873261395868e-05 3.788275089363442e-05 3.216177319637075e-05 3.405432714508345e-05 4.4031253216025356e-05 6.306981090957164e-05 9.357852035179089e-05 0.00013812157943145982 0.0001980557565795986 0.00027442799668265545 0.0003666925074671976 0.0004730300430349426 0.0005910391199455717 0.0007229542185218949 0.0008784412044971206 0.0010650634138451667 0.0012928512773664707 0.0015735159192738365 0.0019180275603207207 0.002331604987562578 0.0028051605602147757 0.0033646269766030895 0.004197112917281405 0.005396894074794281 0.00707094704715851 0.009462919143706545 0.012987591269687777 0.018027909338928356 0.024399897686756638 0.03150508742494013 0.03814536479747583
0.021320575380525845 0.01348575308409086 0.008242456291315923 0.004787345918138007 0.0026604226766919602 0.001450522597166461 0.0007933395449082627 0.0004429111912040553 0.00025776701714457385 0.00016047869442164218 0.00011025676562471556 8.64935612469784e-05 7.978646924493898e-05 8.746796505859184e-05 0.000110174658622321 0.00014852068358946517 0.0002073889233534114 0.0002851898053280432 0.0003797919291493996 0.0004870595516215036 0.0005992844687581038 0.0007075035572521416 0.0008042012996322817 0.0008933506657919911 0.0009836616999183534 0.0010812576701114023 0.0011939638904461432 0.00133001544168774 0.0014962800382252238 0.001695457221893725 0.0019217035619704548 0.002223922997729983 0.0027131380006643925 0.0034854413872986516 0.004681784121132059 0.006571540054297186 0.00952210228364253 0.014065131226124352 0.02058470380980496 0.028723430293292433 0.03732617001360052
0.017809452873828045 0.011749327067936677 0.007544984343797598 0.004640536354439648 0.002791382947427755 0.0016815580649720292 0.001023086673972206 0.0006393569731570273 0.0004185386664944068 0.0002935584139123363 0.00022613514079237106 0.0001957928257181737 0.00019369871189276543 0.00021898859268663592 0.0002654609096991851 0.00033721474779187835 0.00043609962630300085 0.0005563474972704596 0.0006887812725904696 0.0008167792970590251 0.0009219048381462891 0.00099093254969415 0.0010199146652737667 0.0010225325736779214 0.0010126676430208272 0.0010004444679072159 0.0009953011988321255 0.0010046115329205578 0.001033042261914915 0.0010819347807150567 0.0011531288720356958 0.0013083662201235741 0.0016048316011983948 0.002101087848902515 0.002930680579189474 0.004325991456123681 0.00664279944244196 0.010455081899674661 0.016555895482668847 0.02517536890371603 0.035380251170632246
0.015393999541322596 0.010643388408391706 0.00719315444992201 0.004692962567103274 0.0030502595319863543 0.002018186663771348 0.001361659850646461 0.0009474087412042803 0.0006918657254584836 0.0005399558201144903 0.0004586185052774989 0.0004312828659689598 0.00045469199549491097 0.0005183209286583727 0.0006114576566767404 0.0007401197994210822 0.000891914130979591 0.0010512583942284895 0.0011946725273134125 0.0013018313955654574 0.0013501398385359104 0.0013250302147900584 0.0012326022524524586 0.001107689164392539 0.000977085780670925 0.0008582597625366519 0.000762197430951639 0.0006932795622711323 0.0006519313304326847 0.0006364609291932889 0.0006506853547004001 0.0007292844743216599 0.0008949449350376889 0.0011986188539231607 0.0017438541408270384 0.0027085435388828185 0.004412514228020046 0.0074078328811736675 0.012638902585768578 0.02111799338237397 0.032698396233535355
0.013731396913998477 0.009985808723421119 0.007112807724705112 0.004941929558832943 0.0034667076109439286 0.002487688767622496 0.0018435823936236403 0.001415721610373425 0.001139135103335231 0.0009755034138619487 0.0009026366018600061 0.0009143526952800542 0.0010135964624011298 0.001153914528353923 0.001333027627402512 0.0015359793114485551 0.0017385564035745662 0.0019224481976519564 0.002051377255593037 0.0020795640639628323 0.001980753159776422 0.0017598013908889346 0.0014627364852302655 0.0011642566243407742 0.0009064702019010021 0.0007041365847063887 0.0005565201892145478 0.0004553084612156259 0.00039103855381623616 0.0003554729771302022 0.000352208118604038 0.00039157256840022795 0.00048642590660409027 0.00066988416237112 0.0010074589024841635 0.001630494810524207 0.0028004148440630245 0.004993102538400387 0.009071813636322257 0.01644157788164623 0.028681552151860558
0.01253331583258194 0.009614521269847876 0.007229021331695923 0.005359393304265784 0.004040089208203781 0.003122650963011981 0.002497054170058751 0.002087281313632592 0.001833919435467251 0.0017078068291068592 0.0017066621057110537 0.0018478953074524092 0.002101182283619843 0.00238213584903727 0.0026796131914463696 0.0029618126130663536 0.0032287764762764662 0.0034293579386526197 0.003486168193902046 0.0033255169479708153 0.0029289527265152376 0.0023554504899945994 0.0017368627141326914 0.0012096462888716766 0.0008197381815144212 0.0005554109015196103 0.000386293820951936 0.0002824117355366987 0.0002210310406876761 0.0001880570324553874 0.00018251646864288226 0.00020434339558088782 0.0002607352132354593 0.0003717941913104987 0.0005806820449673644 0.0009753261155685718 0.0017341866068747462 0.003220619482066061 0.006126623241552897 0.01153612444547269 0.02008263664374517
0.011568495594148926 0.009373887024204544 0.007457608196749799 0.0059034881814828645 0.004764190716267001 0.003945724520644102 0.00338189000865206 0.0030278154183294844 0.0028590920601496016 0.002869479297250003 0.003060740667694429 0.0034864631223420826 0.00400235126010627 0.004498009830931529 0.004940862278538274 0.005362388567042144 0.005711791259035654 0.005898773315248203 0.005799167218817359 0.005291707561808235 0.004361750722640465 0.003179158070680759 0.0020608272585292227 0.0012381963197656478 0.0007196033211227379 0.0004189995978359969 0.000252673435924546 0.00016289092904370702 0.00011532099862637705 9.396049947771924e-05 9.144512830136366e-05 0.00010494182197726819 0.0001391299176930835 0.0002073562338727109 0.00033829917314919867 0.000590835691393247 0.0010846927901894635 0.002061204752984993 0.003993615096134435 0.007690013754795993 0.013666011011315298
0.010768905906910264 0.009245522547239638 0.0078070869611273725 0.0065831751829962355 0.005657124320224539 0.004989069263737532 0.004551779114802323 0.004332508549937643 0.0043359008945831855 0.004573623852395738 0.005120633520610514 0.006043943175954176 0.006953934086854667 0.007725212510553082 0.008434265032789332 0.00904299123463797 0.009475117474915879 0.009611906868027336 0.009286396850886653 0.00829755570754789 0.006543395276882019 0.0043328040297558965 0.002433414298543907 0.0012413727394051481 0.000610906530182237 0.00030177093933148155 0.0001553841337190056 8.696193407843709e-05 5.602493101827238e-05 4.463077916098928e-05 4.431741444518668e-05 5.345074289409505e-05 7.507497030477181e-05 0.00011833584031220358 0.00020298720129495048 0.0003693391325300967 0.0006991265253787546 0.0013551450168123066 0.00264993648850717 0.0051404340831971845 0.009427989055050772
0.010197468084213115 0.009341006995423309 0.008323765449426684 0.007415883020386967 0.00673531874112624 0.006279558093899488 0.00605417419420932 0.006074448592798049 0.006346495150903228 0.006952717546104127 0.00804699391360668 0.009581979275640098 0.010930791754580003 0.012161215603039116 0.013213017665359051 0.014014060607430795 0.014475192998933637 0.014483395066501554 0.013896130814784323 0.012499617708376813 0.009872479036171751 0.005940965759286019 0.0028086619432269922 0.0012035970812482295 0.0005004747818009812 0.00020881473023188132 9.096422332784807e-05 4.383817560652373e-05 2.597183780616694e-05 2.0264458074869738e-05 2.096389655146109e-05 2.73268972361174e-05 4.1838327825735e-05 7.093806748597208e-05 0.00012858762735957992 0.00024378097751726402 0.00047467394084439854 0.0009360536404501693 0.0018463150969588713 0.0035982229714846274 0.00670237255850911
0.01047228151481256 0.009775464827495766 0.009027289834089028 0.008404952324281153 0.008001162349152244 0.007827568014893302 0.007910405099950162 0.008245407686121626 0.008914221282160465 0.01006072337433413 0.01183183847383929 0.013982434852421018 0.015921993029468076 0.017598402126039053 0.01891035500109475 0.01975259332919712 0.020021637746880407 0.01963183919691836 0.018539361015252834 0.016771016425130816 0.014368395166230915 0.007712117576104078 0.0030004962228692474 0.001112504338685401 0.0004022686320041757 0.00014421902034707294 5.2976000710328466e-05 2.1902490871122407e-05 1.156862802594604e-05 8.843532161257575e-06 9.917489635526394e-06 1.4572511181495313e-05 2.4921767480984568e-05 4.6103137126983375e-05 8.86247639736736e-05 0.0001742428850216994 0.0003469793905213726 0.0006926489539323243 0.0013737411119883146 0.00268471390187175 0.005029646556909188
0.01066427145983046 0.010309006277593262 0.009843147045824382 0.009512165514262328 0.009426450620832872 0.00960970754547184 0.010044445099177991 0.010788059394277261 0.011927168586058743 0.013600094110174961 0.016049963090435118 0.01898450077777336 0.021588246974530354 0.02367178886884863 0.025066692510986775 0.025631013973527923 0.02526017209236853 0.023901691412780174 0.021562466186264933 0.01827359027480959 0.01372773820261232 0.00723235627635838 0.0028266586316166233 0.0009932626109147662 0.000329211214589181 0.00010476846488783906 3.355574804110689e-05 1.1588834671755672e-05 5.050553380104678e-06 3.7606971374570767e-06 4.982256933863405e-06 8.715303383252653e-06 1.686099319337951e-05 3.381602753071698e-05 6.848011716214672e-05 0.00013824353531686573 0.0002784260445478087 0.0005576485303782923 0.0011046655238968676 0.002153305005875345 0.004027190699438184
0.01076307346922421 0.010771728606515889 0.010658516433547179 0.010658221207259547 0.010942938171818045 0.01149849924444617 0.012276533141722444 0.013362650526395169 0.014882724464449616 0.017016774722084738 0.020160567453483064 0.02394311560989511 0.027166596368533007 0.02952593241360782 0.030771534292152614 0.030727744869847817 0.0293063594483165 0.026513457915790153 0.02244297681015047 0.0172814530412052 0.011412050725319789 0.0059621275046613355 0.002484434987317997 0.0008883278808256765 0.0002871135566111294 8.813132184072264e-05 2.618748801454921e-05 7.675968267669916e-06 2.3939785116722286e-06 1.671039009657717e-06 3.148972674339446e-06 6.605556479327392e-06 1.397013967745865e-05 2.934118309864186e-05 6.085205320750181e-05 0.00012413467324373794 0.0002488705591128574 0.0004937766598661713 0.0009674702481413602 0.001865902061931649 0.0034516413188046655
0.011113514656504364 0.011175304675209248 0.011345221755102112 0.011676187264138965 0.012279054494566526 0.013070073651393255 0.014093308686993742 0.015441270357206055 0.01724043932510814 0.019672230275196344 0.023469816794818816 0.02797408809374061 0.03166451803371603 0.03411087687579071 0.0349906846482991 0.03412638276633541 0.03150576349143357 0.027290167430271416 0.021823364547820176 0.015701664032399473 0.009796375999722785 0.0051160350996909115 0.0022324945843726464 0.0008427190157426906 0.0002886804773075922 9.270585614178065e-05 2.840129929715889e-05 8.472430806006821e-06 2.6552621945773877e-06 1.8505178916404277e-06 3.4757820040434424e-06 7.2147218109470615e-06 1.5044266987335638e-05 3.109049984059697e-05 6.338076537269858e-05 0.0001270524697849279 0.0002496674955625559 0.0004833339091297191 0.0009258932742330933 0.0017493831318791363 0.0031687195349779243
0.011612389948620992 0.011662610026323792 0.011804133905286694 0.012177433129104983 0.012951051950747621 0.013919826241372169 0.015107950995285507 0.016599342034508 0.01850420162258235 0.021086913587252343 0.025244548524420037 0.03020733567801126 0.03413393282429611 0.03648748312139921 0.036905008534827734 0.035255482646009736 0.031664133201517335 0.026507916501181096 0.020395667136065925 0.01417196818257383 0.00869727032935883 0.004636255503152801 0.0021697767509297372 0.0009069669735173155 0.0003458553472535931 0.00012388725367503512 4.330038685530782e-05 1.5730867262094374e-05 6.9885845298281555e-06 5.183000384098975e-06 6.726819528852791e-06 1.1373066543504211e-05 2.1071231122121772e-05 4.0247019098491115e-05 7.739941609491107e-05 0.00014815632392082306 0.00028028786345261843 0.0005224092025355511 0.000967011137293565 0.001770639898373473 0.0031091593484319
0.012111279182441847 0.012153223315186026 0.012272479978074884 0.012518436203788504 0.013058106142861176 0.01390407434063389 0.015080446444944934 0.016565917401081504 0.01837860461995521 0.020945349078276075 0.02503635155046183 0.030079524647293236 0.03398260720486499 0.03612293673951241 0.036137993459299904 0.03397561315519251 0.029908575960717883 0.02449094206681548 0.018478206154502654 0.012767400053170931 0.008037371390907395 0.004579736232482992 0.002363508874016978 0.0011142664037669919 0.00048723101515965654 0.00020246338559652238 8.393634689069976e-05 3.742726543749278e-05 2.0293268805246623e-05 1.531796622488429e-05 1.6487508686669884e-05 2.2793451842153957e-05 3.6196265792473036e-05 6.168387798679285e-05 0.0001087728718686182 0.0001944909405667979 0.000348234972178515 0.0006190205712159455 0.0010958978455748454 0.001923637985812742 0.0032447903678316375
0.012605372629350417 0.012640959256225227 0.01274267557100845 0.012847168156389144 0.013122743851412379 0.013667324664437729 0.014483764774465007 0.015585649553884669 0.017010238639941073 0.01927933883183137 0.022874421635872267 0.027552913721914554 0.031189807848044128 0.033063618706246474 0.03285110202392815 0.030604267432843127 0.02672326869016907 0.021842458285835052 0.016696668544501782 0.011932289127791687 0.007947342973337101 0.004923487186647561 0.002839473412886368 0.0015315275545870143 0.0007799761910531524 0.00038192852460759024 0.00018665518153306444 9.740190367315493e-05 5.8961601304849635e-05 4.4629946816332404e-05 4.317651934112454e-05 5.1367246928054316e-05 7.068914012798876e-05 0.00010676498647866027 0.00017060362681280911 0.00028149703946352437 0.00047178897632547175 0.0007938630299168581 0.001335094401208052 0.002223515987381006 0.0035756413075249084
0.013089501495938327 0.013119934780165996 0.013204479974578413 0.013190350831848802 0.013189884322658003 0.013431121610194392 0.013899368335216532 0.014587059564889518 0.015553349758152998 0.017310266295747535 0.020142848954646683 0.024097490016849753 0.027344042572639782 0.02905416323649745 0.028947871041891084 0.027082331862781344 0.0238271651184625 0.019753893396630647 0.01551480294190119 0.0115914674081574 0.008260999806209843 0.005626007471877461 0.0036645312190948147 0.0022847729720795965 0.0013662481442308456 0.0007884224782278351 0.0004473902644462398 0.0002614159411492301 0.00016824017422087335 0.00012626201891918851 0.00011342376788390215 0.00012070229446864624 0.00014737208981418267 0.00019912211666601914 0.00028862687087236554 0.0004381615374944685 0.0006842212157971022 0.00108427787568163 0.0017253542074983925 0.0027043862163259004 0.0041225509363738075
