_RESULTS/CROSS_VALIDATION_POSTPROCESSED/Berg/IZ/7comp/5/Berg_IZ_z_710_kriged_reverse_7comp_spherical_5.asc
ncols 100
nrows 90
xllcorner  5.6208707817415728
yllcorner 50.959635321741573
cellsize 0.00013419651685393446
nodata_value 1.7014100000000001E+038
[rows 18 to 35 of 90, columns 0 to 40 of 100]
0.009951092887014725 0.009951092887014725 0.009951092887014725 0.009951092887014725 0.009951092887014725 0.009951092887014725 0.009951092887014725 0.009951092887014725 0.009951092887014725 0.009951092887014725 0.009951092887014725 0.009951092887014725 0.009951092887014725 0.009951092887014725 0.009951092887014725 0.009951092887014725 0.009951092887014725 0.009951092887014725 0.009925292381814629 0.009776921602059771 0.009508455629098852 0.009136546909128887 0.008680200866618429 0.00815947990568998 0.00759433567404676 0.007009533694138093 0.006455347045847815 0.006102473050590809 0.005968155986488847 0.006010500212776187 0.006203393536583431 0.006529149439916262 0.006973758765508608 0.007525537848041166 0.008184154085619993 0.009016721766849657 0.01040306983973318 0.01300118451647477 0.016667504905963908 0.02098469165449204 0.025520364872460746
0.009951092887014725 0.009951092887014725 0.009951092887014725 0.009951092887014725 0.009951092887014725 0.009951092887014725 0.009951092887014725 0.009951092887014725 0.009951092887014725 0.009951092887014725 0.009951092887014725 0.009951092887014725 0.009951092887014725 0.009951092887014725 0.009951092887014725 0.009951092887014725 0.009951092887014725 0.009951092887014725 0.009932469909123182 0.009797039917924728 0.009541583200328406 0.009182425723561803 0.008738310912698081 0.008229117967278658 0.007674703994184703 0.007110403832409597 0.006678633773862996 0.006411033841087512 0.0063564140593363565 0.006493295761202824 0.006802762963101794 0.0072760917951592285 0.007912252960241674 0.008721486734343342 0.009743964751067112 0.011103098611499424 0.013080587549133585 0.016002334883317634 0.019897131476408588 0.024466924352591107 0.02921541656118803
0.009951092887014725 0.009951092887014725 0.009951092887014725 0.009951092887014725 0.009951092887014725 0.009951092887014725 0.009951092887014725 0.009951092887014725 0.009951092887014725 0.009951092887014725 0.009951092887014725 0.009951092887014725 0.009951092887014725 0.009951092887014725 0.009951092887014725 0.009951092887014725 0.009951092887014725 0.009951092887014725 0.009941486023531225 0.009835584048124856 0.009628962912632115 0.00932201038947787 0.00892116065041349 0.008439398324223071 0.0078950962594316 0.007418698037058377 0.007119891157085101 0.0069685786972676165 0.006992047569938964 0.007250044222534003 0.007725660731375408 0.008418749401182576 0.009347416761568174 0.010548357124323532 0.012093638899579274 0.014119644695377008 0.01683727818551586 0.020444771958436768 0.024951966281523463 0.030079826117382944 0.03528012906463769
0.009951092887014725 0.009951092887014725 0.009951092887014725 0.009951092887014725 0.009951092887014725 0.009951092887014725 0.009951092887014725 0.009951092887014725 0.009951092887014725 0.009951092887014725 0.009951092887014725 0.009951092887014725 0.009951092887014725 0.009951092887014725 0.009951092887014725 0.009951092887014725 0.009957800690789173 0.010018435188888444 0.010120854668254612 0.010157553368821763 0.010069525710843264 0.009851526015342225 0.009507416749184233 0.00905027065515077 0.008543374374548749 0.00820017182807533 0.008027889878254478 0.00800572886023174 0.00812591809000624 0.008465850077486315 0.009091705226799472 0.010047895005575297 0.011394464140416866 0.013157893639145884 0.01543576096664652 0.018372147928558003 0.0221356261190656 0.026840699698728338 0.03241774397115428 0.03851181732092846 0.04391973606103404
0.009951092887014725 0.009951092887014725 0.009951092887014725 0.009951092887014725 0.009951092887014725 0.009951092887014725 0.009951092887014725 0.009951092887014725 0.009951092887014725 0.009951092887014725 0.009951092887014725 0.009951092887014725 0.009951092887014725 0.009951092887014725 0.009955598018960883 0.010038742195847009 0.010206080640972268 0.01043174564021215 0.010690348969816837 0.01089829390829059 0.010953572389005378 0.010842354466977497 0.010563329537101202 0.01013023138759078 0.009750077930243512 0.00955565659207065 0.009538379267709582 0.009687263088327047 0.01000429701675457 0.01050815907250225 0.011327115019383004 0.012564962333930996 0.014328350364396973 0.01678439425848358 0.020101268835360436 0.02434182924944556 0.02964176232928324 0.03602543503029369 0.04327631304748785 0.05038933935132791 0.05484739199480693
0.009951092887014725 0.009951092887014725 0.009951092887014725 0.009951092887014725 0.009951092887014725 0.009951092887014725 0.009951092887014725 0.009951092887014725 0.009951092887014725 0.009951092887014725 0.009951092887014725 0.009951092887014725 0.009951092887014725 0.009992646211431172 0.010165403435519344 0.010447833820722546 0.0108140710350813 0.011237077991137991 0.011687490910460705 0.01210694808518378 0.012352088885741474 0.012384370321547667 0.012192934406566219 0.011851512631917614 0.011657222005199403 0.011655152632295407 0.011850074223409116 0.012242812907519796 0.012849738461849286 0.013703927863975547 0.014862496651376811 0.01652491422227471 0.018885407963411687 0.022157020836688242 0.026640314619926306 0.032704771992673264 0.04030550887234946 0.049248499283734606 0.05884407795398828 0.0659178025162114 0.06840574368178215
0.009951092887014725 0.009951092887014725 0.009951092887014725 0.009951092887014725 0.009951092887014725 0.009951092887014725 0.009951092887014725 0.009951092887014725 0.009951092887014725 0.009951092887014725 0.009951092887014725 0.009951092887014725 0.010035663595557073 0.010287436880221379 0.010682476653750958 0.011197817847949923 0.011808246265443504 0.01248377256645516 0.013188208302757087 0.01387542207939878 0.014387687183933852 0.014627529713950253 0.014567097711507576 0.01444126067148302 0.014502893969617627 0.014772244302466795 0.015273494405634112 0.01602309687942585 0.017058152774083082 0.018439578663540894 0.020257645278355628 0.02264018531378216 0.025883081134389647 0.030368604350855328 0.036476886646737504 0.04467484325862599 0.05545158420252578 0.06834456851513564 0.08004648266577047 0.0863146516748857 0.0853286375792704
0.009951092887014725 0.009951092887014725 0.009951092887014725 0.009951092887014725 0.009951092887014725 0.009951092887014725 0.009951092887014725 0.009951092887014725 0.009951092887014725 0.009951092887014725 0.009951092887014725 0.010057783943627073 0.010366533860926206 0.010857666293739762 0.011514304786143795 0.012317734934084161 0.01324320156246911 0.014256340546225297 0.015310814830041784 0.016347997733228453 0.017244502872441864 0.017797358742906045 0.017973114274016082 0.018212131406210613 0.018649918410696038 0.019316354556054696 0.020265308629972667 0.021534477343593608 0.023191059528365046 0.025337888107895033 0.028122721201861052 0.03175101824246918 0.036501316603881194 0.04278935934212487 0.051319587163815655 0.06271369388141931 0.07751918038789839 0.09516651962263303 0.10896866719976857 0.1136249982852167 0.10717973076409316
0.009951092887014725 0.009951092887014725 0.009951092887014725 0.009951092887014725 0.009951092887014725 0.009951092887014725 0.009951092887014725 0.009951092887014725 0.009951092887014725 0.009951092887014725 0.010047601696998925 0.010380171862598984 0.010935958196505502 0.011706498369862527 0.012684158806831842 0.01385653405022508 0.01520060161211325 0.016677018749287856 0.01822560117973668 0.019763630195231023 0.021182677400954628 0.022217772252466413 0.022836724064959363 0.02362294742501715 0.02462616935600345 0.025876694060984983 0.027470850976038345 0.02947585491264707 0.03200145104633487 0.03521164449975341 0.03933981058645089 0.04470966391100279 0.05176131520913454 0.06107595628895379 0.07337870282008133 0.08958743655280267 0.110654090574846 0.13276754896233411 0.14879115658659525 0.15112568188410233 0.13650455070630688
0.009951092887014725 0.009951092887014725 0.009951092887014725 0.009951092887014725 0.009951092887014725 0.009951092887014725 0.009951092887014725 0.009951092887014725 0.009951092887014725 0.01001023031548619 0.010324587451151326 0.010900809185570138 0.01173909729722638 0.012845569319827374 0.014226165403472718 0.015879441686526916 0.017787948048281016 0.01990866835376525 0.02216414183929598 0.024437213679493412 0.026573300565279304 0.028340885790456485 0.02970918354553666 0.03132562369909304 0.03317583724945788 0.03527514261002927 0.03776805917343583 0.04076547418264714 0.04443466416024106 0.04902469566678591 0.05488929967477155 0.06252068774995258 0.07259588129670663 0.08603010272980913 0.10401144768227528 0.12793832469392355 0.15824604852274038 0.18659654475480478 0.20481022098352333 0.20413748885409086 0.17740726754576958
0.009951092887014725 0.009951092887014725 0.009951092887014725 0.009951092887014725 0.009951092887014725 0.009951092887014725 0.009951092887014725 0.009951092887014725 0.009966808369567882 0.010215325831422829 0.010759637615922175 0.011606050368491891 0.012773693245062674 0.014289060711421463 0.0161791886376495 0.01846222594877296 0.021134603913862418 0.024155025227364794 0.027427395433071527 0.03078755661202976 0.03400138713181301 0.036782464111817736 0.039350968047366486 0.042222517878525094 0.04532115175687643 0.04862125411179931 0.05229952279351147 0.056536385471365344 0.0615740037133313 0.06777387014838991 0.07564663849261391 0.08590171924672106 0.09952418203106829 0.11788152201936192 0.14289787314398242 0.17709611572871398 0.21948414131972754 0.2588743148447133 0.28471816937276695 0.28118711283184356 0.23650614005211973
0.009951092887014725 0.009951092887014725 0.009951092887014725 0.009951092887014725 0.009951092887014725 0.009951092887014725 0.009951092887014725 0.009951092887014725 0.010085067717377817 0.01054242149323318 0.011331935144421042 0.012481196878191264 0.01403417434990453 0.01604646046638633 0.01857796300659268 0.021680944403760675 0.025381460781020222 0.029653331772314225 0.03438661530717699 0.03935771797654723 0.04421491746870733 0.04849821136449451 0.05278207296260446 0.05752929814574761 0.06242244337104624 0.06735561102521788 0.07246982082149239 0.07806930573813549 0.08449553860681229 0.09225527305347712 0.10204836191238806 0.11482856135170497 0.13196918033691604 0.1554713277381104 0.18804289499284657 0.233527162853632 0.28783286608743924 0.34112416534779727 0.3837332465294774 0.38957449200241046 0.3171534430609134
0.009951092887014725 0.009951092887014725 0.009951092887014725 0.009951092887014725 0.009951092887014725 0.009951092887014725 0.009951092887014725 0.009979925227497445 0.010296533544046495 0.010966519826883675 0.012018375536767415 0.013505692918658834 0.015505136056151881 0.018113342495266395 0.021440120491533793 0.0255944771633067 0.030659352089633454 0.03665144304435178 0.04346596059830965 0.05081470956445948 0.05818023954207722 0.06483051482883885 0.07148045248633564 0.07883280531708896 0.08622343523059908 0.09323263534861649 0.09987336863202056 0.10662357824018345 0.1140010714438969 0.12271011832778109 0.13367517606341586 0.14827181973121664 0.16818783807569093 0.19568546330456385 0.23404863682933114 0.28761681695559693 0.34838666939584945 0.40990392672761133 0.4693728247432208 0.5177926123245941 0.410294080268911
0.009966492748214182 0.009964768459641222 0.009960218954214133 0.009954692909381684 0.009951204589583146 0.009951092887014725 0.009951092887014725 0.010080347105667783 0.0105751413613241 0.01146093000851254 0.012790397631366909 0.014648634086828621 0.017154360687332483 0.020460186982862172 0.024748480838246538 0.03021755612235105 0.037050594412471 0.04535824597453741 0.05508819860868618 0.0659065345285696 0.07708237166535613 0.0874540041428966 0.0976529115381347 0.10836370435251437 0.11885674036407837 0.12822566900986623 0.1361041630556102 0.1431245692284707 0.1502194660739811 0.15843904156553326 0.16925524726521 0.1840911912454123 0.20465853811481596 0.23325249609354395 0.27308946083154756 0.32712053150002113 0.38290530457584093 0.4338426648927544 0.47445891505326543 0.48478366821074415 0.3687389324545392
0.010096983498517918 0.010091308588735531 0.010075008449526846 0.010050221293219782 0.010020398949815322 0.009990161024219724 0.009972773988862937 0.010229984518053462 0.010894646655409328 0.011995631354810504 0.013611780815103412 0.015865138551215983 0.018926284745768015 0.02302044581007223 0.02842970492022604 0.03548411474068751 0.04452962132287429 0.05585495919858203 0.06955673181156379 0.08533135098043572 0.10222203391384649 0.11843549524302992 0.13399962540767593 0.14947487228721054 0.16327530490521522 0.17435203612212713 0.18233869219310261 0.18767175504948738 0.1921752494318427 0.19784819845237406 0.20618729696487073 0.2186094376554837 0.2366803304504784 0.2622959369590875 0.297863156159296 0.34361380237115446 0.3830679704411562 0.40757472323891014 0.4068970144124855 0.36286162491016966 0.2655935496789787
0.010358995616180205 0.010348886453035338 0.01031943689080592 0.0102732247075567 0.0102143698830449 0.01014830387983726 0.0101323224492985 0.010476719202392779 0.011255421398593186 0.012538298267518316 0.014437879359274054 0.0170945595156583 0.020737677546094263 0.025680729159394018 0.03233346556035375 0.041205784357632065 0.05288548414317352 0.06796101304151618 0.08684543961999282 0.10945162902708681 0.13470381684542063 0.16001271777228684 0.1838115245257944 0.20613619964717 0.22363767780507648 0.23438896221576627 0.2387816890068533 0.23890877956287837 0.23771343196234124 0.23767269602406327 0.240444872726802 0.24733925049270833 0.2595201569454393 0.27815714668951436 0.3044538659025303 0.336142908424012 0.35505747432060414 0.3533884401157446 0.32518302887372813 0.26773799871549714 0.1908577470899027
0.010754628004547837 0.010739364511952223 0.010694676398931716 0.010623784178284731 0.010531783440697533 0.010425290733715791 0.01042949741006886 0.010845736791490588 0.011719852467109274 0.013135413786799973 0.015239385541445853 0.01826173822642642 0.022477954511263797 0.028277703491734165 0.03622026487729768 0.047038629425967225 0.06164408553332332 0.08107085573866542 0.10629050289698395 0.13778360458168284 0.17473590803243555 0.21384978583434042 0.25061906046695015 0.28309204825424533 0.3042610892538369 0.3108807753148297 0.3055680890123186 0.2944683753377678 0.2825536973696366 0.27300155007160837 0.26718317437870787 0.26586954080598213 0.26959620844754906 0.2786812804218706 0.29319994562707913 0.30973711027794504 0.31109188780725483 0.29242536662337276 0.25348748073415317 0.19888517833670066 0.139340943831215
0.011290100096652827 0.011268669152809123 0.011205803443648377 0.011105650643593491 0.010974705613310001 0.010821271878211634 0.010847987364692975 0.011317506073013996 0.012269653683199619 0.01379934341842776 0.016071295337856367 0.019345269138224524 0.02401715231414423 0.030606965644166394 0.03976903703087893 0.05248025732427206 0.07003044954131729 0.09402501377251922 0.12625661216652037 0.16827424360864765 0.22034078035520202 0.2793413822064059 0.3369551043946445 0.38547589678821487 0.4094290489747919 0.4038502278172754 0.379596485618329 0.3500517719967889 0.32224528336087255 0.2991682619709445 0.2820817551438008 0.2709609114077168 0.2653297324295303 0.2644833268504717 0.2676211759800371 0.2715355831342548 0.26153299857282275 0.23531558920074988 0.19584265301244164 0.14926530164500487 0.10365710165084543
