_RESULTS/CROSS_VALIDATION_POSTPROCESSED/Berg/GZ/7comp/3/Berg_GZ_z_63_kriged_reverse_7comp_spherical_3.asc
ncols 100
nrows 90
xllcorner  5.6208707817415728
yllcorner 50.959635321741573
cellsize 0.00013419651685393446
nodata_value 1.7014100000000001E+038
[rows 54 to 71 of 90, columns 0 to 40 of 100]
0.014995022333799454 0.01727969043491079 0.020233383062465027 0.023945313521233927 0.02848257127883914 0.03385944972307504 0.04000005041166493 0.04670122071250918 0.05360770514675239 0.060213592536501784 0.06590175677737697 0.0702816139253903 0.07366203298679064 0.0756805920437194 0.07603734387960878 0.0746476529372585 0.07167572187305346 0.0674904119667129 0.06256237963710931 0.05735245808122376 0.052234582985688394 0.04746685972174488 0.0431998636075421 0.039503692669477355 0.036394419120187094 0.033525808529092455 0.03133041745068232 0.029942242210602307 0.029249613978781185 0.02847559487745627 0.025975696483217913 0.02226531773257976 0.017945814794534425 0.013414691509939703 0.009318211198548228 0.006033282438029603 0.003650773345865065 0.002069292370626149 0.0011010779689164488 0.0005513686794772182 0.000260660462340528
0.014135817277833548 0.016292405246155554 0.019101006033361394 0.02266584068061002 0.027083744787263227 0.03241952984463632 0.03867216291550608 0.045733956108218475 0.05334888038178616 0.061080738000266734 0.06830693344522212 0.07426156539718458 0.07882280137560128 0.08181666760436825 0.08270822014794116 0.0812665216873246 0.07766559011784872 0.07242848816206099 0.06624506374657921 0.059774519915570666 0.05352290760810277 0.047811811682284266 0.04280603492529325 0.03856256754519175 0.03489446222135393 0.03144019414434418 0.02839820283185681 0.026259007511530312 0.024892585996806375 0.02362550135610734 0.021076621366962593 0.0177031223817361 0.014070707876776214 0.010447433979071616 0.007214626805177491 0.004648982274759543 0.0028040864591207114 0.001587942512103488 0.0008469786364706305 0.0004270598250445687 0.0002044750132525577
0.013453517791017186 0.015502086201554417 0.018193060170374607 0.0216461656615572 0.025988117424739207 0.03133432996818474 0.03776031521091577 0.045260942511739004 0.053697560302044055 0.06273673836798359 0.07179224755296267 0.07999735587728217 0.08635762262682711 0.09067676580370312 0.09225976170270853 0.09063204463490451 0.08600413137789364 0.07918986482074172 0.07125081450985508 0.0631371481429822 0.05550897348986507 0.04873003485885654 0.042943557732384854 0.03806932276675912 0.03367892425694996 0.02974627953817905 0.026277673858542752 0.023520332900119817 0.02164168887834461 0.020093133694123 0.017627591570960915 0.014596704640356268 0.011471574383059522 0.008514092495676681 0.005890326377165115 0.0038115671668955214 0.0023155350065092125 0.0013258429264387743 0.0007186645328615062 0.0003706771074962442 0.00018310348999011963
0.012928804111835219 0.014883307519124023 0.01747476515325877 0.02083765548489334 0.025127411844296482 0.03050923781486072 0.03713718217156553 0.04511878488463472 0.05445951316505905 0.06498087155291421 0.07620977305961682 0.08725380138856723 0.09672526157160409 0.10312341649370564 0.1057583409721435 0.10377299094690884 0.09746488686016015 0.08823160581402008 0.07779131737029008 0.06751156752759777 0.058200455086079815 0.05020450318173017 0.043525859907887154 0.03770814247267667 0.03265365576168234 0.028317395255077753 0.02463796901574792 0.021555354809345267 0.01926578596687627 0.017544748796597138 0.01522602083081801 0.012508787511870841 0.009781577504416257 0.0072877168472766036 0.005088117886900561 0.0033338315718042235 0.0020591128879701333 0.0012047539556208806 0.0006715072163575721 0.0003589932784749008 0.0001856569813304157
0.012547623922806637 0.01441653921243391 0.016918425653551245 0.020200488649795626 0.024443980320725818 0.0298607737133726 0.036682625011985236 0.04513733389168119 0.05540229494799197 0.06751984824389229 0.0812508116278875 0.09584049942395727 0.10971102058125178 0.12027208497624277 0.1247965736335985 0.12220725634186642 0.11304812504549319 0.09999935131381782 0.08597113538183242 0.07286527427741783 0.06153683823424664 0.05211607416230081 0.04411275569950226 0.037364150033993106 0.031734400034706275 0.0270745860318244 0.02324417305071123 0.020119368367425318 0.01760322651892414 0.015739453071381217 0.013594862258380096 0.011152178556699489 0.008736833227628221 0.006564200514275667 0.004655875614713664 0.003111749734896157 0.0019698675265675957 0.0011880714889288952 0.0006873757698184808 0.00038466543457747716 0.00021037479349134754
0.012301703526125548 0.014088734762874726 0.01650408643107402 0.01970437769225194 0.02389166496655746 0.029317781418516257 0.036285295540711054 0.04514031705434367 0.05624782023361865 0.06993049145453349 0.08633168323190449 0.10512293976359846 0.12492188288330172 0.14236482991135924 0.15170127045753648 0.14818515743564104 0.13386208887203663 0.11466218615909653 0.09559476257123253 0.07897046545753046 0.06521189514749291 0.05380840220343652 0.04448894879908385 0.03693814140379616 0.030849968501127114 0.02595738680899016 0.02203852285898429 0.01891383855607734 0.016440514364247868 0.014507219257047258 0.012548138520738163 0.010343529459233084 0.008172006218244593 0.006223543000538071 0.004510794978759565 0.0030945225394071675 0.0020211458376911524 0.0012652355503768942 0.0007651019134827061 0.00045115455036374654 0.00026122550202156643
0.012189193548889877 0.013893990032426876 0.016220290616182183 0.01932965243645085 0.023437769549048894 0.02882551657309601 0.0358510425509308 0.04496074235009233 0.05669393883906183 0.07166855221741443 0.09051485367395122 0.11366660955185136 0.14074376020595222 0.16877031543685772 0.1882379364246312 0.1846719272205641 0.1603094892300579 0.13138544688031148 0.10583198548665745 0.08488766329826611 0.06812587930216564 0.054893917322421756 0.04450041384889197 0.03634640942013873 0.02994767480746012 0.024924178172811246 0.020981846675203305 0.01789486655330443 0.015490903080779122 0.013639592582990526 0.011964006626912415 0.009971772797767467 0.007994590088994537 0.006204917329370324 0.004618581185572164 0.0032689800673744492 0.002214276236918583 0.0014459652698324463 0.0009180312015183047 0.0005693049205075034 0.0003475879346483553
0.01221442799456421 0.013834435485788587 0.01606505029748998 0.01906865344314367 0.02306574063776539 0.028351656511136938 0.03531671556977923 0.04447136267091434 0.05647636972061215 0.07217627790072455 0.0926282054379313 0.11909599920704797 0.15288376833324996 0.19432459779821207 0.23550237166663945 0.23158859039414517 0.18798507695552213 0.14663615498541627 0.11376486263816839 0.08867961620624687 0.06961812248683154 0.05511127032811052 0.044032276930262654 0.035537458208068216 0.02899964431216818 0.02395315568307877 0.02005188262788057 0.01703832684204356 0.014721090724162552 0.012958711569633631 0.011583498954569569 0.009953350884035915 0.008164464780078545 0.0064930026192784205 0.004983552975691252 0.003653886346318399 0.002576620623485892 0.0017589297778706414 0.001166689400008987 0.0007583615601368791 0.0004882516963934941
0.012243159285249506 0.013858935228059595 0.01603413343059752 0.018927234740803007 0.0227777595461708 0.027892115329312978 0.03466457434639104 0.04362089232823962 0.05545842711237486 0.07109809046617649 0.09175073820537206 0.11899965284125384 0.15489379515584287 0.20199419374055164 0.26221154822492937 0.256780175041338 0.19750468220880107 0.15125855557559845 0.11600767462087286 0.08931283127301119 0.06930521192361787 0.054327358609886925 0.0430481614864685 0.03450698534782143 0.02800751507756123 0.02304271721514798 0.019241884549522314 0.016333250985682116 0.01411760536835964 0.012449740572778112 0.011225583065513673 0.010039713450772349 0.008592101930557887 0.0071010270003370075 0.005647172795794887 0.004299719808902834 0.0031501461256368607 0.0022346592613175344 0.0015468020759535812 0.0010541382951616133 0.0007147001082181515
0.012177630876701286 0.013763177970468098 0.015895986251943495 0.018727893766201088 0.022466314190405796 0.027391202779685993 0.033876831509865556 0.04241838197933537 0.053661667393559515 0.06842961019580096 0.08772576616921371 0.11265287722057693 0.14402564527121484 0.1807312218223901 0.21263371174955514 0.21079109943862875 0.17757362995593462 0.1411431808362499 0.11031740472864467 0.0859036161217895 0.06703003901381839 0.05259440350540111 0.04161325741288852 0.03330405192870336 0.027003047326782097 0.02221036813352052 0.01855910127171804 0.01578031297569321 0.013677505383104346 0.01210832940030374 0.010971798999811875 0.010135743480767836 0.009092270621717559 0.007884664713569585 0.006567715199887108 0.0052121724196703 0.0039725614727392595 0.0029331047288030233 0.0021202216238135683 0.0015178723534275643 0.001086198691032795
0.012023059905991706 0.01353740781158209 0.015570903913902584 0.018261297539722016 0.02179443416945909 0.026416667670485127 0.032448964449775755 0.04030020592158477 0.05047313119338695 0.06354675415389426 0.08009571221315202 0.10044831544706136 0.1240415701139402 0.14788848418188882 0.16428610066717816 0.16346679306737924 0.14602793576777431 0.12198326269116594 0.0985961178521092 0.07856063852257282 0.062322319415022566 0.04951546115608421 0.039559036119213756 0.031878627806683976 0.025979200693525224 0.021459658129489235 0.018005851204380797 0.015377037185819587 0.013391855894792672 0.011916109013916992 0.010853030154501925 0.010136108949386925 0.009509233238857431 0.008638465818525278 0.007527376384016461 0.006257859708653536 0.005007728721740588 0.0039045399644137392 0.002989913895615462 0.002266544933695042 0.0017157106343115628
0.011791521750245398 0.013199371352444226 0.015085739966027164 0.017568671486027816 0.020804465693808987 0.0249946296371587 0.0303913588589063 0.03729720138340163 0.04604969635009945 0.05697212016778381 0.07025321060349371 0.08568930936658604 0.10220244911187035 0.1171778267176491 0.12634980214509597 0.12591478518823873 0.11607696035067663 0.1008257057718975 0.08432800208585702 0.06904782912121782 0.05596495093100958 0.04523513646619927 0.0366509170510419 0.02988452646854997 0.024600122432158197 0.02049909400029054 0.017333614210067995 0.014906224370900677 0.01306410724736902 0.011692123282651287 0.010706440975211853 0.01004954005109896 0.009680831405588198 0.009236041022045902 0.008429614443961439 0.007385782486985782 0.00626871823443167 0.005186857470646233 0.004212339819426512 0.0033821891939230454 0.0027058071424082976
0.011500513881268328 0.012774377003342446 0.014478154547045298 0.01670736126231841 0.019585487202544542 0.023266001746632146 0.02793078956691506 0.03378028589734394 0.041006768948118465 0.049736389878891084 0.05991863922283438 0.07114185855744995 0.08238806425158168 0.09187003461954517 0.09732406601412118 0.0970716210911419 0.09119707421311209 0.08148150611940892 0.07017915548545887 0.05901430733535684 0.048944793087134134 0.040342941132181974 0.03323844485236123 0.02749624077450277 0.02292169390159586 0.01931521064744087 0.01649707259644656 0.01431634145823828 0.012651980983859105 0.011410689852442377 0.010523827786120214 0.00994467907892813 0.009646745620643212 0.009578374240095583 0.009251092154385965 0.008605686151622648 0.007753501935348006 0.006805981166344223 0.00585687557241555 0.004973571164666547 0.0041963615388813545
0.011171074644758736 0.012292140794286576 0.01379129266033118 0.015741311170687673 0.01823376742058005 0.021377438369794104 0.02529243156202769 0.030096092495976116 0.03587472583487587 0.0426332876225473 0.05021611131169301 0.058202280108521916 0.06581171336935965 0.07191775417961231 0.07529982026883655 0.07514539361450946 0.0714938291818143 0.06521300989974477 0.057532553971973335 0.04955564000918639 0.04203028604977058 0.03535092305704544 0.02965594395081747 0.024930939194663073 0.02108542374374978 0.0180009777836534 0.015558051121144806 0.013649166710900563 0.012184309616510434 0.011092277255750637 0.010320295636952137 0.009833281373210202 0.009636086881350517 0.009749404980705 0.009927281217771531 0.009807510155409748 0.009379451003194116 0.008730442614184554 0.007953735704522766 0.007133446341886572 0.006335860861825337
0.010825860149900541 0.011783642898230131 0.01306867154671027 0.014732748042867375 0.016839238342863994 0.019459434883503803 0.02266496714221758 0.026513604177776463 0.031025202053564915 0.03614502492048897 0.04169518444005699 0.047324637392322955 0.052486025769216516 0.05648613944808602 0.05864775145854316 0.058549888971960826 0.0562124794247316 0.052087041171170835 0.04686094831055317 0.041219767144937185 0.035694939050116746 0.030621425897316413 0.026164739857324988 0.022371616983829966 0.019217792294897895 0.016643566559380422 0.014576904935372836 0.01294695923896083 0.011691234089163059 0.010758988802902655 0.010112717221829184 0.009751225690668996 0.009764303951721062 0.01002755120104528 0.01039774551779352 0.010826580771115531 0.010988077649069191 0.010839628820680786 0.01044551923713689 0.009882235297513607 0.009225505203435317
0.010487534402064905 0.01127857966952771 0.01235024894932558 0.013736242650502469 0.015476778455697423 0.017614158140631102 0.020185261880242836 0.02320947351680227 0.026670748538945296 0.030493791874652815 0.03451756780668669 0.038475346563919086 0.04199794380070114 0.04465963121892284 0.04607346512424962 0.0460098260039044 0.04447941849082818 0.04172920454848861 0.03815395490322897 0.034177690479520656 0.030162053340496195 0.026364562194321595 0.022938101671695663 0.01995196727400016 0.017418384282400574 0.015315896635640432 0.013606777863301554 0.012248664902034476 0.011201749456647838 0.010433016133482562 0.009930741833808883 0.009795017020478754 0.01002540668750965 0.010435559016709119 0.010967774813923761 0.011611171490962042 0.012346333072422406 0.012901173432849876 0.013139846284097275 0.01310018284755282 0.012838409112015614
0.010177706708779842 0.010803742665772446 0.011670120850329918 0.012795678811056857 0.014202689820077158 0.01591244645772508 0.017938762363970136 0.02027870456787646 0.022900353260734464 0.025728577786322388 0.028632004196756745 0.031417340912048015 0.03383959296405644 0.03563527885693376 0.036577218042953774 0.03653499553413874 0.035514625977382135 0.03365664892357395 0.031193704151535537 0.02838959080700524 0.025485894000615746 0.022670817291030765 0.020070637000443602 0.017756304195474363 0.01575677073856268 0.01407313139419187 0.012690629750661582 0.01158767502363563 0.010742135791896708 0.010136454277272396 0.0098618494515693 0.009973069077072553 0.010391671440405637 0.01096356889007211 0.011680542463624457 0.012535617572299491 0.013516697903461912 0.014603356296392615 0.01568576176083278 0.016467440659603337 0.01692700218915269
0.009916513761409793 0.010382396869104003 0.011055818700648238 0.011943799765558595 0.013055267821818822 0.014397058692712223 0.01596869870919789 0.017755739797314055 0.01972189841002652 0.021801110642951763 0.023891854449531014 0.025857354195119767 0.027535655660987465 0.02876170886320028 0.029398785734076494 0.02937031713193564 0.028679806317051394 0.02740988666689312 0.025700964403552774 0.023718951078311973 0.021624369372987975 0.019551260876397806 0.017600093157419405 0.015852046808593357 0.014327185443266992 0.01302492410923847 0.011939570011344948 0.01106382998529771 0.010391751685414478 0.009971625629005623 0.00993251191751955 0.01027474225995923 0.010849434403543136 0.011600408016263098 0.01252860175228553 0.013633082078391142 0.014906380240888362 0.016329837345750484 0.01786849886907593 0.019466443307823607 0.02096403451254136
