_RESULTS/CROSS_VALIDATION_POSTPROCESSED/Berg/GZ/7comp/3/Berg_GZ_z_90_kriged_reverse_7comp_spherical_3.asc
ncols 100
nrows 90
xllcorner  5.6208707817415728
yllcorner 50.959635321741573
cellsize 0.00013419651685393446
nodata_value 1.7014100000000001E+038
[rows 38 to 56 of 90, columns 0 to 42 of 100]
0.8640853648168323 0.892348262130856 0.9213275952041982 0.9500933722698834 0.9774614380339179 1.0019948564027428 1.0220788868162007 1.0361064624305243 1.0427724431461294 1.0413949608243929 1.031851175583726 1.013756153203093 0.9886897709982637 0.9586705702138792 0.9256079616017971 0.8911366895395751 0.8565740594374924 0.8229444164021417 0.7910302178778522 0.7614280224520411 0.7346002890324074 0.710920145625936 0.6907085698152806 0.6742635392932218 0.661954752075958 0.6551052000314639 0.6541454583457277 0.6575233832645373 0.6636035154628664 0.6721260474213322 0.6828282411008939 0.695376915071155 0.7093929988076211 0.7238430141617306 0.7376718285926658 0.7506691573847587 0.7626121312332981 0.773254019451467 0.7820484086499577 0.7879839761518108 0.7910350876822527 0.791327290348501 0.7891044297263023
0.8655915424786544 0.8942139838920523 0.9236404351856605 0.9529425199890397 0.9809170650885494 1.0060707496640535 1.0266814250076284 1.040995166361253 1.0475809385144224 1.045738548666197 1.0349269640799381 1.015289690960862 0.9887775433252098 0.9574778315951261 0.9233040483757199 0.8878639899922948 0.8524393212286213 0.8180203218775358 0.7853604708780689 0.7550333957818469 0.7274853838806493 0.7030817722871344 0.6821471804526796 0.6649988897995074 0.6523215399375207 0.6454880190117721 0.6448291466189715 0.648816001062153 0.6557683692534264 0.6654968376386811 0.6776815975168486 0.6919254516453587 0.7077978452527197 0.7248545673440736 0.7425946902512038 0.7598522184255886 0.7760046020739269 0.7896839236702862 0.800160179555861 0.8072769046511356 0.8109026368543182 0.8110259656470357 0.8078556552294489
0.8657058266003121 0.8945777816259869 0.9244402393177578 0.9544211582902781 0.9833577579140586 1.0097336589776238 1.0316629434688729 1.0470297337934553 1.0539431547061036 1.0514190605608558 1.038605051751987 1.0167423584496702 0.9882093453664463 0.9552699190995236 0.919837580789211 0.8834428015879793 0.8472746926341288 0.8122416838762737 0.7790325077435234 0.7481720809158248 0.7200716736813101 0.695074617966628 0.6734991856242901 0.6556789264704879 0.6427355246433284 0.6358099029660865 0.6351530392029177 0.6394828345221265 0.6472975726177457 0.6582976355032519 0.6720544856484222 0.6880688602067692 0.7058452562386343 0.724911716357366 0.7448045621564059 0.7648646675479142 0.7831380995385526 0.7985825841931441 0.8106386007697955 0.8189625250537581 0.8231706125127395 0.823016763851552 0.8186324425101726
0.8643152693875125 0.8932579904260662 0.9234513415153346 0.9541388070282983 0.9842841260542148 1.0124472348030693 1.0366126820392727 1.054080250954037 1.0619077006290258 1.0582308541509082 1.0425673963979092 1.0176492752180128 0.9865697650076317 0.951773168818172 0.9150853453566797 0.8778746750057242 0.8411758683816288 0.805773756061305 0.7722642836435873 0.7411037649728859 0.7126523771454216 0.6872159842523051 0.6650902011227833 0.646649824202704 0.6333613333212204 0.6261374979444148 0.6250262022123972 0.6294798592584283 0.6381919044563097 0.6505990184766709 0.6660590022685464 0.6839140537570018 0.7035970626115083 0.7246270323338532 0.7463154128882823 0.7665658688018404 0.7847633696003262 0.8005624491557519 0.8134749468646091 0.8227962892454979 0.8276235393950112 0.8271101694219187 0.8211470540402048
0.8613100018665422 0.8900428175027606 0.9203066148509385 0.9515066055045627 0.9828300776397194 1.0131015617620833 1.040453483957538 1.0616333791501649 1.0715161862844313 1.0658634178656752 1.0458589606636066 1.01694327266293 0.9830305812741817 0.946467317806007 0.908786263147832 0.8710880574111075 0.8342034834000849 0.7987703347287579 0.7652794916296268 0.7341102607060527 0.7055627887572501 0.6798920867210333 0.6573490639502956 0.6383700341541361 0.6245306384067988 0.6165390450134636 0.6144082468818697 0.618788369046106 0.6285486147519195 0.6426338526117811 0.6599775251548273 0.6797085932077259 0.7012161833767933 0.7238778242968575 0.7454898850725469 0.7653449696145749 0.7832596252472181 0.798989453785596 0.8121159453530464 0.8218587487785324 0.8268760834482219 0.8255200477262412 0.81719161295732
0.8566257424586988 0.8847558847194671 0.9146415080910073 0.9458509407854147 0.9778348537420557 1.0098512851539292 1.040723336884391 1.0678169042826373 1.082785093042698 1.072878514243974 1.0460442092199995 1.0127069623447091 0.9763954091687695 0.9386952653051048 0.9006358092456799 0.8630015428192319 0.8264188395983555 0.7913889386821887 0.7583081411370287 0.7274861476512035 0.6991657928935794 0.6735462773899081 0.6508142434495733 0.6314232929846088 0.6168589218676761 0.607200306613573 0.6033754711002797 0.6074319869968232 0.6187016728297573 0.6349591967218218 0.6543588255561452 0.6758802969758114 0.698948025596823 0.7214873432141001 0.7423362698814258 0.7614053170362816 0.7786346888501136 0.7939442011871634 0.8071270013789548 0.8175807306183234 0.8236456144482364 0.8218966212112908 0.8101628315123932
0.8502936159789877 0.8773417964309095 0.9062401738030684 0.9366564288043081 0.9682084883681616 1.0004656847110565 1.0329520549132312 1.065128612099265 1.094982891007548 1.071660998442087 1.0386002118250992 1.0039441148193986 0.9680454560195086 0.9312954086298857 0.8941614010667802 0.8571696866079731 0.820879692580006 0.785858951963856 0.7526624704287576 0.7218186697721045 0.6938215973092079 0.6686381367079597 0.6460952985161428 0.6266077818073916 0.6110887010347815 0.5992425111542372 0.592403824471093 0.5955622705844827 0.6097152025912153 0.6287430675560145 0.6500801439839196 0.6730146896095727 0.6962220447871169 0.7176656871123062 0.7372453147329606 0.7549611122839089 0.7708640387443834 0.7850427870852734 0.797586521250087 0.8084490683596605 0.8167673449491375 0.816660318520319 0.7988774879103705
0.8424807733384067 0.8679424861236974 0.8951844591500023 0.9238720066223325 0.953597877565677 0.9838323589587278 1.01374942252091 1.0417483022136929 1.0607019720872972 1.0520347078892025 1.0274418043363784 0.9978589091716934 0.9655869690044934 0.9314804271439053 0.896164137911517 0.8602474585326317 0.824359358794698 0.7891396020547666 0.7552190599985823 0.7232005568284229 0.6936451568098578 0.6670660142879855 0.6439302389228914 0.6245565884785992 0.6084359965350511 0.5952755883328091 0.5849036726099193 0.5853349528017999 0.6048737723361428 0.6258661379966393 0.6481648224073261 0.6714074063944246 0.693184110209718 0.712921407523271 0.7306046929383836 0.746271897959612 0.7600196030361073 0.7720074834568529 0.7824601440651165 0.7916636076390353 0.7999332281281357 0.8050245933620956 0.7772585062688954
0.8335045393067344 0.856927055567779 0.8819197527597241 0.908068732211564 0.9348124999633811 0.9615566953861213 0.9890330917885751 1.0141905232221784 1.03046477111731 1.0312350691023684 1.0179811643933538 0.996357175904613 0.9696054165144248 0.9393430373345567 0.9065923807245841 0.8721938394611759 0.8369423594568495 0.8016203268223249 0.7669921049346458 0.7337870090936518 0.702683328159855 0.6742999517623617 0.6490077025790133 0.6270026347432548 0.6098773174770837 0.597744609868116 0.5903386209149777 0.593263239733446 0.6081705883290862 0.6276344347903083 0.6491719178362996 0.6707492484259991 0.6902887666986378 0.7076552088769313 0.7227937654965515 0.7357100220765976 0.7464615474900378 0.7551399869410109 0.7618181554018839 0.7663683484062355 0.7676969235126684 0.7608871757382104 0.7406577342132267
0.823812735400056 0.8448570464394853 0.8671885783820076 0.8902993557713914 0.9148864621337661 0.9421306017176168 0.9698069855658384 0.9946002599694362 1.0123959481374731 1.0195643117722357 1.0151533018121706 1.0015320205215994 0.9810397780615497 0.9553589380219891 0.9257330227371711 0.8932124708681276 0.8587829886956222 0.8234092948423193 0.7880346305154502 0.7535627506810683 0.7208391288933923 0.6903793681120182 0.6624021771135731 0.6378019458508212 0.6184943667098205 0.6056013220661944 0.6008933602666832 0.6049739678247045 0.616503867459871 0.6330889214972294 0.6524616866010998 0.6710654299297814 0.6877199121014471 0.7021493005506294 0.7142032635090142 0.723807963936307 0.7309313764642642 0.7355349268755931 0.7374751673242302 0.7362810629194343 0.7307182931412756 0.718661325151118 0.6994086836578476
0.8139383861919564 0.8324052578499891 0.8518791372570337 0.8742921125964177 0.9006919145714417 0.9294401816498444 0.958370811733217 0.9847574998111672 1.0056986280842106 1.018601639524728 1.0215836345916343 1.0153427381811049 1.0011891487219082 0.9804343191209643 0.9542821444349163 0.9238800333478119 0.8903723856573148 0.8549162892606743 0.8186655702198007 0.7827261147474763 0.7476999360594571 0.7143274118528169 0.6835063087632978 0.6562255615781972 0.6345608248246208 0.6198073891013942 0.6133337385663211 0.6162548697602784 0.6260724994445527 0.64031185997055 0.6567769272621511 0.6720678081492995 0.6854732750958824 0.6966147625908043 0.705252526313208 0.711231055381268 0.7144330706834 0.714724530765637 0.7118746405671709 0.7054492691587357 0.6947643007636818 0.6792139465549663 0.6591770260724028
0.8044455013763196 0.8202761975547703 0.8398179153344 0.8645142372051042 0.893110107340111 0.9240330292322111 0.9553198247577934 0.9846746169531058 1.0097582968868182 1.0284424158947065 1.03835636073575 1.039157301633376 1.0313338755523132 1.0156992924117265 0.9932454018574727 0.9651011684355507 0.9325180430534541 0.8968412334929944 0.8592258877400154 0.8206870402926456 0.7824887627215896 0.7458212962186619 0.7117869869910244 0.6814422345489476 0.6568112547784457 0.6393346431185052 0.6299681360110594 0.6288425717468994 0.6355755111427547 0.648006054128652 0.6614055721937693 0.6734189627996016 0.6835012213979247 0.6912504112476365 0.6963806307084726 0.6986857655235249 0.6980014675947286 0.694164821348955 0.686975695541195 0.676183780844156 0.661566793590256 0.6431827832607728 0.6217235359353159
0.794859582869035 0.8113651122436661 0.8336594784244715 0.860909343815541 0.8921743008732379 0.9260150344884122 0.9606571861830322 0.9940736294246535 1.0241754753937202 1.0490331433251803 1.0660536840705697 1.0740051278927805 1.0727036649658122 1.062439528268051 1.043894325162056 1.0180805830310216 0.9860523411059214 0.9491522810298916 0.9089609372866108 0.8671075737162331 0.8251754065754812 0.7846322375169869 0.7467966697052595 0.7128399973410203 0.6844754547344383 0.6634578504846194 0.6504266478742147 0.644746726819753 0.6463660773463664 0.6553807514587635 0.6659555437633858 0.6749143797277791 0.6818097422541843 0.6862720342022545 0.6880154171066539 0.686823341872691 0.6825267720124224 0.6749836750584606 0.6640710799559887 0.6497098226682013 0.63194893772543 0.6111160409000989 0.5879715710434681
0.7863221319484514 0.8060869265575835 0.8317686741256975 0.862552080854577 0.8974355949331776 0.9351604655506086 0.9741783455649393 1.0126843867384594 1.0487340384653379 1.0804003024672244 1.10517663404735 1.120820780558518 1.1264657484169125 1.121769317140728 1.1069320280195312 1.0827011614278375 1.0503320441765764 1.011491178571019 0.9681090159363464 0.9222111302994065 0.8757633258053081 0.830558129400771 0.7881542138229521 0.7498645146269611 0.7170613518706426 0.6917445685900793 0.674224215362631 0.6635644084602964 0.6599764470808773 0.6632550310837386 0.6702979292663959 0.6765050136445794 0.6804783464508302 0.6819075816672724 0.6805400558028777 0.6761816962905208 0.6686898786882802 0.6579679688835539 0.6439719586263948 0.6267405289429968 0.6064559449875749 0.5835276912513285 0.5586674434826048
0.7808083205091867 0.8037917211380086 0.8329391622672285 0.8675375920187997 0.9066968290513041 0.9492789620559516 0.9938549959385378 1.0387057529976162 1.0818775131827927 1.121287575733437 1.154560002673552 1.1785463188224996 1.1915916056448812 1.192732003228871 1.1817025356763973 1.1590261514412907 1.1260039408013904 1.084586021569486 1.0371450391536596 0.9862095045097744 0.9342216500129585 0.8833647210054797 0.8354739277027123 0.7920199832474636 0.7541769253907413 0.7238362505443847 0.7009175487229045 0.6848587783801686 0.6758969079848278 0.673413096669655 0.6746989368753565 0.6782478444353564 0.6796347528128474 0.6783758589928489 0.674270314743124 0.6671674210046536 0.6569688593902256 0.6436315217882256 0.6271779605778736 0.6077195373011195 0.5854924143296578 0.5608987150033042 0.5345367536309242
0.7778562455380665 0.8040033942748431 0.8366784771426781 0.875293624978416 0.9190939269022267 0.9670804265464535 1.017948236192586 1.0700513773716787 1.1214048866557056 1.16973105702553 1.2125320364680614 1.2462273196317128 1.2679423971002886 1.2759315013587638 1.2693013381023477 1.2482442553058501 1.2141001586834594 1.1691963612147998 1.1165036500834062 1.059219116196663 1.0003959791774673 0.9426946972068247 0.8882693183759276 0.8387618573885637 0.7953635594297247 0.7590775394739191 0.729993171846825 0.7081388422438489 0.6936215757723292 0.6854604408670476 0.6809416131562015 0.6802488906630971 0.6794192747453832 0.6758645913165621 0.6694438633559625 0.6600603833085149 0.6476684717132182 0.632279563565624 0.6139715416209642 0.592902959381133 0.5693300670024823 0.5436206547690413 0.5162516580367017
0.7769966105830998 0.8062208888410787 0.8424354158594602 0.8851998584335842 0.9339214145112197 0.9877688489968975 1.045589156790615 1.1058338421679024 1.166504368905749 1.225130518038314 1.2788039736771528 1.323944650463549 1.356105202175815 1.3723940217078774 1.3710169346140983 1.351661927471211 1.3157087173608433 1.2660331779448712 1.2064669386811882 1.1411320387516792 1.0738791432224624 1.0079473122792624 0.9458432080300165 0.8893745159230568 0.8397500534429985 0.79664193323838 0.7608348558287786 0.7328425592986384 0.7126189595765359 0.6989395129896779 0.6890053842099748 0.6830647103210794 0.6799556802078578 0.6745145947288209 0.6662176496927833 0.6550258129976572 0.6409487300189641 0.6240513848584855 0.6044611790012484 0.5823756113642273 0.5580684035039872 0.5318899543559935 0.5042505705505602
0.7777647853199037 0.8099220006188259 0.8496070521444323 0.8965485008000487 0.9503454128218825 1.0103735339113384 1.0756816461065593 1.144879264743443 1.2160204243454174 1.2864968919591486 1.3529728693351408 1.411421131485647 1.4564588566556351 1.4831184509413153 1.4882377969961456 1.470690889497511 1.4319060373753785 1.3756222365259771 1.306980289099291 1.231419976910858 1.1538316936795499 1.0781286377281576 1.0071689733883817 0.9428799505132699 0.8858582672866223 0.8355759904054141 0.7927053800436367 0.7583282747112741 0.7323195309135283 0.713358757508914 0.6984363695071455 0.6877165594279118 0.6813321827262081 0.6744108123574671 0.664669748901979 0.6521270887493853 0.6368472723627542 0.6189473294493536 0.5986023479579682 0.5760501456911702 0.5515941310741206 0.5256031861554133 0.49850351030519346
0.7797067377322316 0.8145732701681505 0.8575514355761226 0.9085566355524093 0.9674091902917452 1.0337371809379274 1.106858376081982 1.1856348906837035 1.268295279448446 1.3522259713177558 1.4337571493790258 1.5080230138309245 1.568944389604181 1.6089603434112347 1.622428593965207 1.6068172627252988 1.563623897544859 1.4980550976244589 1.417345575466976 1.3288398794657201 1.2387419814348417 1.1516761514543636 1.0707711970054885 0.9976549216385726 0.9320203493521186 0.874304054079484 0.8247395869834763 0.7838772379528067 0.7521165890217439 0.7281826860434072 0.7087613545290955 0.6938333383035551 0.683665672963769 0.6755789361060631 0.6648038466023707 0.6513379100798165 0.6352976795560459 0.6168498270611342 0.5962159512037808 0.573676901358434 0.5495770665883473 0.5243304064163914 0.4984488213470838
