_RESULTS/CROSS_VALIDATION_POSTPROCESSED/MHZ/IZ/2comp/3/MHZ_IZ_z_63_kriged_reverse_2comp_spherical_3.asc
ncols 100
nrows 81
xllcorner 5.5967107548124995
yllcorner 50.982328804812504
cellsize 0.00017565037499993607
nodata_value 1.7014100000000001E+038
[rows 38 to 56 of 81, columns 0 to 41 of 100]
0.1540201227586399 0.1573280480578664 0.16248624679284987 0.16769773842965982 0.17270200396645558 0.1772038206590177 0.18057160293333638 0.1816786415895237 0.17999544004511867 0.17517561738036097 0.16714478156261148 0.15619786810092837 0.14289873282935953 0.1279514337997835 0.11239959505667657 0.09732767322784883 0.08365826356853116 0.07228388648329345 0.06440963520310511 0.060622991572694684 0.06008650497970546 0.06136720278806159 0.06365692630633721 0.06667027303888824 0.07036986695537256 0.07484376812222376 0.08026449777674169 0.08647537441684752 0.09288988886009575 0.09946833024254209 0.1061522828184554 0.11285008116653861 0.12016571804275678 0.12864716813368274 0.13818639245170627 0.14844503171030166 0.15946710920097623 0.17272260995112845 0.18823425882331735 0.2058100948096715 0.22510684910688172 0.24544895185795906
0.165662808263637 0.16954976220557352 0.17522255244824614 0.18059257055806827 0.18517582159733814 0.18854050301462674 0.1895706294548015 0.187812592284968 0.18306040364213988 0.1752996481504556 0.16477769718298005 0.15202584399776078 0.1378130691849441 0.12303997415042457 0.10850739501383581 0.09477380075061351 0.08262739736039397 0.07289208557816024 0.06590724632366642 0.061739788035852027 0.05999391318362957 0.05997359360903865 0.06112767327015093 0.06316378216205822 0.06598601396312755 0.06963042909710958 0.07417185661504028 0.07910107279817186 0.08426919562851938 0.08969489871772872 0.09541733193452999 0.10151484577867666 0.10813294127676268 0.11578978235416235 0.12458908233170864 0.13418330071029053 0.14481691365835273 0.15763981213163286 0.17254419671244434 0.18929614277176957 0.2075343552617767 0.22673359225460357
0.17828170725518075 0.18273961550114348 0.18893995274994413 0.19467489449926703 0.1990402266956545 0.20097397851093096 0.19981933862070114 0.19545573476214753 0.18793738571023846 0.1775381729750766 0.1647664022331711 0.1503350907253653 0.13508716290522949 0.11989325395652581 0.10555254320464781 0.09272047675864001 0.08190063609609645 0.07334133542189805 0.0668043198365497 0.06240759079740862 0.0599296860452177 0.05898378297236265 0.059211194202813476 0.06037539235257722 0.062370492514444945 0.06520360580937262 0.06860956064652575 0.0722459883891674 0.07619915332106719 0.08071475849822572 0.08583329089460404 0.09152846185957943 0.0977511933538688 0.10481522593203611 0.11294314579758086 0.12194137195940523 0.13236407256236393 0.1448917905996768 0.15934346055485146 0.1754442191638298 0.19279684694959495 0.21093275427215502
0.19178126700770268 0.19683818014313595 0.20349533235905237 0.2098586538719179 0.2139169118946144 0.21445267870712953 0.2112935996104888 0.2045109069325226 0.1944075883947683 0.1815200868654163 0.16658422644405593 0.15046572751880505 0.1340667326952934 0.11822875737266224 0.10365430018727977 0.09120009355429098 0.08145383878924713 0.07352648865936814 0.06725396277820411 0.06271574130312538 0.05977746654454747 0.05819555455202512 0.05772255211838602 0.058172494962988194 0.05944593003314781 0.0613864006884899 0.06356569496682117 0.06615700409589359 0.06930938876927732 0.07308493415748257 0.07756238434280152 0.08279061546291736 0.08872296136552431 0.09543418180559649 0.1030453947309841 0.11164812149645226 0.12205200376037481 0.13445997084557826 0.14864639061200283 0.16429399072494488 0.18097238647867636 0.19838440106480573
0.20601300227053765 0.21173354520623414 0.2187481619286798 0.22588801508516285 0.22953805347663453 0.22887900197683203 0.2238834661289801 0.21481293293448253 0.20221525402200355 0.18688033817688746 0.1697590037605634 0.151859065495788 0.134138443929111 0.11745225247524603 0.10293265800773567 0.09106077549429903 0.08144928526689 0.07353632302153836 0.06742578959291334 0.06281110398868953 0.059592551360307944 0.05759335358132236 0.05662212954548082 0.0565223656218926 0.05713097739309133 0.05803355860484236 0.059384196037825535 0.06122689466280222 0.06359859720837703 0.06660364681692665 0.0703923308290651 0.07510692215245772 0.08079226908784808 0.08733005503108869 0.09473393431951521 0.10327478307981094 0.11385898436875393 0.12635546592705632 0.14048615021040298 0.15588767491886413 0.17208335797993743 0.18895914003687064
0.22075725086918752 0.2272445047477439 0.23470643621909276 0.2421709346478534 0.2456689526345016 0.24405441752156273 0.2373894965777636 0.226124725541013 0.21105906389124568 0.19324311794948962 0.17384758080901808 0.1540285780545396 0.13517161396665126 0.11829182006834868 0.10386191616921098 0.09209120168487182 0.08212435405883901 0.07383422103706279 0.0674884001950974 0.06285268240771182 0.0594945981320394 0.057257506686849605 0.05596762607147049 0.05542582779655982 0.05522633501303187 0.05550127401022505 0.05621857421996935 0.05734233028750898 0.05892405411112131 0.0611135632865894 0.06415060624245539 0.06830480639683904 0.07374501064491776 0.08038142319429573 0.08788556197680131 0.09682146125677102 0.10783032633798492 0.12065342240581758 0.13495110725424317 0.1503091721368259 0.16618412771778068 0.18264786036975988
0.23570430221031935 0.24310243492408445 0.251158519960919 0.25829689928541877 0.26195754944493943 0.25967399320402706 0.2515174181517406 0.23812954851706528 0.22058009203452567 0.2002940294842288 0.17900137863851176 0.15806174068570686 0.13853021059800108 0.12113997473935383 0.10632757870188037 0.0941206905943551 0.08350740706610162 0.07466659325039642 0.0678258947186118 0.06299641120919378 0.059630047714149335 0.057322625833092784 0.05581271871780843 0.054679003634642676 0.05405382923103666 0.05387810764604242 0.05402904850609565 0.054461963254303906 0.0552325067821118 0.05653168947013795 0.058711531191018976 0.06223393692761937 0.06746208630841546 0.0743714521393556 0.0825962304981497 0.09239676146439792 0.10412386182680475 0.11753627666811313 0.132225831516289 0.14769522445451283 0.16339883080728115 0.17950434078876548
0.2502268553969704 0.25939284288597786 0.26802013048726936 0.2747263244703526 0.27818668823584136 0.27569400473770866 0.2665102518005804 0.2515508660822313 0.2322638076224499 0.21035446741897276 0.18750498107529925 0.1651615337076457 0.14442165111410052 0.126015556749978 0.11035514338076063 0.09723171713989484 0.08568567348193222 0.07609548846301087 0.06868638229520738 0.0634770383071971 0.06016356872586326 0.05781284992102668 0.055933408011010884 0.05456960901195668 0.05372667655513247 0.05320409066099943 0.052866113611710265 0.052647966879851585 0.052586282677632185 0.052885199941909974 0.05401885131931538 0.05676569649256987 0.061861133472474385 0.06933682409609525 0.07898439704184193 0.09029170035465041 0.10307444550181474 0.11734829982565755 0.13263739312382944 0.14832431594999956 0.1639377992623342 0.17966720460392802
0.2664421770902208 0.2780778507691756 0.288789413628211 0.29596022487868995 0.29869084432412857 0.2963146023768111 0.28656988752649365 0.2702192550935847 0.24899300997048515 0.2249039006747549 0.19988445997836743 0.17553793367874043 0.15302978156618818 0.13309479658749035 0.1161168486449674 0.10163699236247331 0.08882533238053543 0.07821848002891543 0.07012803059529715 0.06452942918787184 0.060928720807798556 0.05850089079166948 0.056578240154456845 0.05527213863607841 0.05434183899365641 0.05358885306950517 0.05286646336155368 0.052079542727093996 0.05121137088826195 0.05040379884260731 0.05017061583779776 0.051796467202553285 0.05694971314499547 0.06579717516513106 0.07746366780583147 0.0908412480260162 0.10527224614018485 0.12066178517342069 0.1366925206188142 0.15265472274364741 0.1681444251380085 0.18337581219022306
0.2845244236065128 0.2991765172376223 0.3129229255501983 0.32255940258396765 0.3264411321841716 0.3236665432320505 0.3134139252689293 0.29528002917882573 0.27147701913740163 0.24447338923868034 0.2165578916626759 0.18954572224935248 0.16468671563944343 0.14271342086972919 0.12396064782468584 0.1077264945687571 0.09324427850558796 0.08109366086195267 0.07181456570630608 0.06564148944037973 0.061908350475243935 0.05960717432021283 0.05804220801259103 0.05693447541664572 0.056044527693654804 0.055194472296447125 0.05423730216399485 0.05305047487527869 0.05154608662461457 0.049711125272760705 0.04777775800826728 0.04729265481739885 0.053234389164745835 0.06483094842371291 0.07906068279849128 0.09479280354227963 0.1112793142451372 0.12829578407504952 0.14516032864698625 0.1613401998581684 0.17651553154106736 0.19097687073021977
0.3042023938248485 0.32243944157985804 0.3404730598517069 0.3538864771698378 0.36003917845998024 0.3575226855807247 0.3463005405726108 0.32675884391256255 0.3000380643824487 0.26944049100674866 0.23788019035149346 0.20751012518116893 0.1796926900276156 0.15513491319830575 0.13407474964403374 0.11557734842349929 0.09876093617928369 0.08429934461672713 0.07318637365744324 0.06677989595679924 0.06351567950916413 0.06162301209607904 0.06056477272997708 0.05974694162933894 0.05900636453971827 0.05820542457743978 0.057214797559343965 0.05591114364920149 0.0541808913814771 0.051928263401296 0.04909141679214793 0.04586367633020807 0.05425306378777654 0.06875825059969273 0.08539957478741703 0.10346651053424534 0.12206449038418894 0.14083565713502325 0.15886820431686266 0.17525410593739255 0.18971027063506823 0.20291622209808968
0.32540205008344825 0.3473748701010583 0.37204957300709274 0.3909289559087563 0.400421327463554 0.3984445110967848 0.3848659597543684 0.361687162177641 0.33157128573944905 0.2969705922708854 0.2613984344164923 0.2273423197570843 0.19627822568605074 0.16890818321950501 0.14540759085211766 0.12475655711881063 0.10580228928067563 0.08900183651865162 0.07466039725772493 0.0689480734878174 0.06662034907941897 0.06510528299463976 0.06443784012651911 0.06390766095703879 0.06338795569296661 0.06278190912639907 0.061993270979389066 0.06093760600474784 0.05956691527859759 0.057937327702379714 0.056535742789771665 0.057564477225420616 0.06545312913514245 0.07994824091674099 0.09816954435022532 0.11836379553124413 0.13901873003488438 0.15939947917614997 0.17827634724662655 0.19467567728590876 0.20834184478494988 0.22000781187176557
0.3497712589831431 0.377794336003527 0.40918559166729157 0.4346883468139423 0.4488431138846287 0.44775900190628365 0.43080154653937786 0.40128965162088165 0.3644714616508129 0.32493693599878554 0.2850954368050342 0.247369183139735 0.2132351625590132 0.18332427858902384 0.15773471280118503 0.1355272546650716 0.11526034445805518 0.09754882830352399 0.08355068498012602 0.076042533642736 0.07242193258342539 0.07054047392824626 0.06988697680146484 0.06955099100653689 0.06928210997040223 0.06899956106297704 0.0686435918273879 0.06819427316271555 0.06771838690582259 0.06764195343796515 0.06896217167703758 0.07336714820157461 0.0830054614086817 0.09845925267297047 0.1184494001889989 0.14094668493829873 0.16371235684051283 0.18543399931139562 0.2046357799411319 0.22044204349271407 0.23263175701397895 0.24221598821391296
0.37595048180044605 0.41196575068678 0.45066448310540896 0.48469714702614336 0.5060316409807262 0.5066848846672674 0.48447389260064333 0.44570488348598286 0.3993386034631122 0.35191095681544726 0.3070307982248663 0.2660862267347848 0.22945063080509545 0.19758552907431887 0.17050047550625963 0.14747981291118634 0.12679256021662352 0.10911503143325899 0.0954030134877635 0.08622884527673332 0.08068544294884315 0.07787391198190756 0.07690605507516773 0.07665603580383808 0.07664448346102731 0.07678362154135579 0.07704403619509655 0.07751562192312174 0.07863017017235079 0.08091059431401329 0.08524443928015879 0.0929931793403471 0.10562352375570029 0.12382681472306643 0.14690036157158026 0.17263308419676673 0.1979806539953366 0.2209972681811284 0.23967904939846052 0.25349485959259416 0.26278887524319455 0.2689482328772025
0.39934608522018045 0.44285171992449684 0.4910308758629134 0.5372009254138223 0.5710757132693254 0.5759364994408555 0.5444974556499305 0.4918329998457295 0.43372050774548204 0.3777551542679559 0.3268952301623084 0.282086048129128 0.2433937969233628 0.2104378223150671 0.18261844407917371 0.15944716649149782 0.1389679420502027 0.1214450756182876 0.10746094490938322 0.09713330329207723 0.09027708942233888 0.08656974860262263 0.08519240088892391 0.08497901175329417 0.08522900056739482 0.08590460924489998 0.08717289260432344 0.08923268571042245 0.09244083193562798 0.097392442417654 0.10500242038848934 0.11649820914455794 0.13316788191629453 0.1558036858834923 0.18392512025917307 0.21497557758104183 0.24445991705120276 0.26821946325827417 0.2842499600396581 0.2937148606963439 0.2982585880346849 0.29946904232327515
0.41654272122578034 0.465811409368904 0.5225581348316328 0.582455228530327 0.6374430063951531 0.6547776144281741 0.6031671638390494 0.5316629228799749 0.4621298487690083 0.3991951179453321 0.3438939811031972 0.29616354837539277 0.2555281451024322 0.22136692410049938 0.1930459027670628 0.169980695230537 0.15020257171925294 0.1330507070974599 0.11891156496024916 0.10786482414083315 0.10022176750170535 0.09590590886409588 0.09428585664801084 0.0942955405183147 0.09514614965808046 0.0968331583044068 0.0994747209731814 0.10332804584130073 0.10882926202684645 0.11665051019578625 0.12775037720293758 0.1433627464739061 0.16484483912035372 0.1932983990226597 0.22898149099697013 0.2693267634810208 0.3059366490455028 0.32838520438804164 0.3373839902387703 0.3391934047925949 0.33703160396950366 0.3321764186622862
0.42488662523190723 0.4763499395988873 0.536342915615701 0.6025011871724048 0.6717050085892934 0.7148691944374725 0.6326394277210341 0.551614768109054 0.47788109399673867 0.4126067610046168 0.3558463244741412 0.3071574941761362 0.2658882299332786 0.2313248348310267 0.2027750914443926 0.17961743708726935 0.160579280168822 0.1438937439739511 0.1298306723484396 0.11851365447870842 0.11059512166475939 0.10614842038379521 0.10469042084367028 0.10519616174660314 0.10682279012632274 0.1096044671374028 0.11370370295398148 0.11943239170717683 0.12728772174348427 0.13799811490254796 0.1525638088037581 0.17226405806231104 0.1985959992920729 0.23329204569168924 0.2781548174960837 0.3328508773721013 0.3854381179523684 0.3983771804962592 0.3931629238656328 0.3849375268289471 0.3754199306348916 0.36456730392623643
0.42328196969746107 0.47260145192839514 0.5284074729860958 0.5872788011677904 0.6378638892095011 0.6520731689410328 0.6095496458318082 0.5441080912566595 0.47744768194182857 0.41592147733691903 0.361338103424833 0.3139908046637396 0.27358552300013 0.2395994775322745 0.21144382712486612 0.18854424066429035 0.17023422398685428 0.1543942961146415 0.1407883682800129 0.12959677407371611 0.1217205237303528 0.11742892632421367 0.1163695533669976 0.11747416591326161 0.11994424623904172 0.12385924192450136 0.12942277177213898 0.13698573497297453 0.14707724455626292 0.16043968741034784 0.17805758255650952 0.20116368682354638 0.23128960789715255 0.2706810838428373 0.32126679860226165 0.3849400061863642 0.45665385990177915 0.45300838332090465 0.43787772878053954 0.42327447535649737 0.40869431953363905 0.39347252296872565
0.41262905638970837 0.4565414943522717 0.5036823168461303 0.5497785273031054 0.5831980659255052 0.5897779424334466 0.5640637184957037 0.5173028113640848 0.4632092946894885 0.4096588719788172 0.3602088043316562 0.3162405511590357 0.2781011501362498 0.24565110511055402 0.21853401930687139 0.19631453346271305 0.17854901376601354 0.16402010471054992 0.15135525694646215 0.14073554931458557 0.13321862239885604 0.12936673107613442 0.12893501206101216 0.13071691201286514 0.13406104397505353 0.13908669414137861 0.14602531819379724 0.15524102505339218 0.16725225409651728 0.18274960475683047 0.20259812987652434 0.2278071855854407 0.2599632436933715 0.30043676135057945 0.34932804547183843 0.4044055939313647 0.4514572783113043 0.4669369470346483 0.46110806678201516 0.4483818963233389 0.4330562076481601 0.41603337608941865
