_RESULTS/CROSS_VALIDATION_POSTPROCESSED/MHZ/IZ/2comp/3/MHZ_IZ_z_125_kriged_reverse_2comp_spherical_3.asc
ncols 100
nrows 81
xllcorner 5.5967107548124995
yllcorner 50.982328804812504
cellsize 0.00017565037499993607
nodata_value 1.7014100000000001E+038
[rows 19 to 37 of 81, columns 0 to 42 of 100]
10.17406499863199 10.101763480666175 10.068986520414532 10.075998404415959 10.122906728377473 10.207444035349203 10.324988565421632 10.468951937038725 10.631425002262509 10.803914192465156 10.978017816242062 11.145946042134435 11.299193982847873 11.427925470459614 11.528035584657472 11.596654245334385 11.631675524685594 11.631470393566627 11.594885260783187 11.536784956344297 11.490059529416309 11.45857916949929 11.445528051234549 11.45369447891727 11.47846034801672 11.50427860882072 11.529034767715917 11.55094966735387 11.568647369757096 11.588821069139511 11.61281140910755 11.639111818996623 11.666153496813264 11.692342238903791 11.716096767058492 11.735852987333386 11.750092528143638 11.757535330527812 11.765830122193176 11.780129552243356 11.798381872472756 11.8313487242547 11.882164640718381
9.88695183969965 9.81372865516381 9.79071321298336 9.815210190226964 9.887128411883337 10.004047425377596 10.160248667881207 10.34730996943237 10.555098723128566 10.772851683664134 10.990111784674623 11.197414917817882 11.386700268481954 11.548515347164466 11.672395514015795 11.757289995235718 11.803247363549993 11.810658327115805 11.779912256571254 11.712856924942379 11.645444222817462 11.594290168139974 11.561570704043483 11.54868556676344 11.556332535058838 11.574378245931179 11.590001495659852 11.601936683584823 11.613904982937155 11.62811794839434 11.64502438281239 11.663808554443237 11.683045969492715 11.70127788792095 11.717048240185427 11.728910312240085 11.735850817986309 11.748158669005216 11.76895528818597 11.795653011422171 11.825719635821178 11.859514656905747 11.908015783255015
9.604214904277526 9.52589061259892 9.50459563046592 9.543972585913613 9.640995855584016 9.792407191300402 9.99092867275384 10.225531011981566 10.48305942674584 10.749840074792331 11.01294049430302 11.257021866683552 11.469538482279356 11.646134795019778 11.783718779892968 11.878488043204639 11.931032120809203 11.94274623818342 11.914932272857738 11.848476022324512 11.761061709492338 11.690467308682981 11.64001444389736 11.611015068273641 11.604002111364437 11.618422182120097 11.634060693970834 11.64238733891354 11.651244353005326 11.661547524249173 11.672538511199026 11.684144526796354 11.695901157015056 11.706472861463183 11.714519457226473 11.719519681404766 11.733405935288435 11.75857228311467 11.792338703982091 11.832007327608467 11.87487940382408 11.918287674249843 11.965125526770644
9.329441202589264 9.24109782558013 9.216235083318914 9.262721744664528 9.383746455293045 9.572677537297967 9.818665533916226 10.106776290863525 10.419675171740787 10.73797955250358 11.037040039162607 11.30484896560943 11.53406683352828 11.720567034152033 11.862937408743356 11.961639903129882 12.01620411983299 12.028032012355073 11.999541352592107 11.932455141117542 11.832412527734713 11.742769263914393 11.675422762548875 11.63149616397928 11.611262086775817 11.6146156640083 11.640544296095207 11.664537259791972 11.67939658348767 11.686353450456963 11.693175843402283 11.699326252548472 11.704085539969313 11.707279138190515 11.709175763201962 11.721619491040501 11.748344745069678 11.78667568113435 11.833871091280663 11.887117426673099 11.943534995869905 12.000203089960012 12.054210995234325
9.067874658319568 8.962920832664945 8.927969247340686 8.976703293949155 9.117006606098341 9.345657018890519 9.646504332291778 9.996068316450922 10.365469850051515 10.723834319966937 11.054472537236503 11.34506512036212 11.587863997606291 11.779513799979116 11.92023458392895 12.012586826523892 12.060184629788038 12.066507794918909 12.033112760210624 11.96210082105987 11.855091006560983 11.747262879630863 11.66437530246546 11.60722058536346 11.57701394000144 11.576632762783492 11.606051807007892 11.64751325797182 11.680091593320121 11.699583625537773 11.704435390244479 11.706137113035165 11.706320764530249 11.706320764530249 11.714014316484977 11.738875895915726 11.778519901666803 11.830265209942509 11.89132059016033 11.958762837815467 12.029527214962972 12.10041870994449 12.168155869197053
8.827643295257829 8.697528239527268 8.642484491560374 8.686366781021936 8.846224850464948 9.119053892887829 9.481439274926046 9.89342531879017 10.312776942365108 10.713666302864947 11.076588649811047 11.387631870822139 11.639039329266694 11.829012830029537 11.960408523511973 12.038770751637653 12.070442640992136 12.06120606271892 12.015510592920634 11.93615575032207 11.824071126498858 11.700287569550381 11.604395965823839 11.539985691900577 11.507602820788053 11.507002751545224 11.537546818697653 11.593240200990211 11.644203631287239 11.682051853811132 11.703142557049135 11.706320764530249 11.706320764530249 11.709630667555885 11.730465909082413 11.768544337232681 11.821545935501533 11.88700556853862 11.96228841006517 12.044517377867644 12.13046105117295 12.216643098906967 12.299372315898369
8.621672565637125 8.456578800797331 8.36603306913079 8.391513177214172 8.571857985412228 8.903673988072917 9.335552790328341 9.805998830761391 10.277673537270877 10.721891536712823 11.11590712200035 11.443039200124282 11.695534376435365 11.874258539975834 11.986193899123263 12.041121816716613 12.04884650310988 12.017585056938277 11.95330138748998 11.859670472307918 11.739122525847348 11.605324877364852 11.503196675176463 11.436511238178818 11.404666543272572 11.406659185456082 11.44132370652336 11.507120531524386 11.578649664930593 11.638000529316226 11.681026090591088 11.703741943186941 11.706513899140223 11.7201088472357 11.753642990445451 11.804968684541784 11.87182242717281 11.95177096995366 12.042153592936149 12.140016717772241 12.242049539364135 12.344532255026165 12.443318994697545
8.469822986750456 8.263033680186636 8.115801911625903 8.093507885734395 8.297158544466772 8.713846243548165 9.225057713090973 9.762242754340598 10.287643872275689 10.772441046806877 11.19135410290849 11.525316137479797 11.766595287723213 11.920169134483627 11.999348584064464 12.019715142702601 11.995205272935706 11.936643459417448 11.85155395548243 11.744411660764628 11.617026424575192 11.477689418105383 11.371935722292612 11.305713127779192 11.27746497340695 11.285372360490191 11.327612371501123 11.40251648998296 11.495036340937267 11.576217173559456 11.641095134309307 11.685516757846838 11.7098734537522 11.735640620068068 11.781151123264195 11.84511129193015 11.925349588505929 12.019509061206158 12.124980403192442 12.238814961829751 12.357626259012818 12.477488029219328 12.593850638149071
8.398251050018784 8.15853539899216 7.944928417849464 7.807328573903794 8.047337076402783 8.59594838920795 9.19212393806341 9.788660218513973 10.361131373609469 10.882829056282176 11.322913125683517 11.65446964973972 11.868550737436758 11.978426206444546 12.008406169762017 11.981878006505257 11.916837270750518 11.825856816809724 11.717003700765268 11.594596544974857 11.459792021028704 11.317780201125455 11.212607377540502 11.150984075272778 11.130207873411381 11.147534110760134 11.200438630740143 11.28675107970303 11.397993168327067 11.50091106131183 11.587344251390885 11.653008596814423 11.706237056191107 11.754111627658311 11.810666913708971 11.886410695822338 11.979294183833495 12.08708681281362 12.207297389101878 12.337070658853547 12.473054512020394 12.61123817545196 12.746772650387111
8.4296718075853 8.192882642885195 7.975153919134631 7.800942017740094 8.063200073698338 8.659360053824356 9.281679431590218 9.903622081144581 10.505473635694656 11.058410022499995 11.51881443527284 11.838617546337193 12.00330634082755 12.045133751432315 12.007461676793358 11.922037023841437 11.80907264091576 11.681357716653805 11.546618360032 11.408491003829049 11.267045278864305 11.125710648236778 11.026345934657812 10.97423474406699 10.965342122797217 10.995917550014072 11.062735712055476 11.16317290577092 11.292121808098326 11.416444482958289 11.523876016611103 11.611517221809017 11.69337952113995 11.769713290416853 11.839949372499985 11.926348638125377 12.030809067685675 12.151274292913794 12.285440109594324 12.430646797935054 12.583722008108323 12.740763773234805 12.896849134609914
8.566384238567135 8.374081498869147 8.236853526506446 8.225378052584482 8.460866278676137 8.927773118496544 9.495603284665792 10.099080735119541 10.706459491993419 11.28591102320325 11.778466411859263 12.081127188503903 12.159005577801585 12.101300043270033 11.979807907587258 11.82801868261347 11.663602585521865 11.497658743475611 11.33703751336341 11.184529164939267 11.03884396032611 10.902830172389084 10.815551935395277 10.778597747270613 10.786428869382853 10.834265340244933 10.918250884164179 11.035420982786375 11.182198139278386 11.327286131589638 11.454845168664853 11.5652332285574 11.673190994222308 11.775506368924786 11.866905280235823 11.962525754514845 12.077124593131279 12.208846192811334 12.355632197195943 12.51511431544898 12.684458069198346 12.860119940953247 13.037469674040587
8.786629133140588 8.655045835824296 8.602526797703163 8.672575903487918 8.900317543956108 9.286655256306432 9.781498640811732 10.336971200902926 10.921982704049169 11.513158202081007 12.070714218932375 12.373500992456183 12.286249429988297 12.10711295433637 11.901469401963546 11.686217318806431 11.472631174524018 11.270185828262017 11.085775255027503 10.92202019772412 10.776254654701571 10.652217590261463 10.584323521636755 10.56876724365345 10.598378611360035 10.667429759236919 10.77161195230915 10.90781661431617 11.073120788595862 11.237945310256645 11.384386602063119 11.516666982497098 11.647701727172963 11.772861218172515 11.886997456030072 11.99276548624369 12.115673764723187 12.256737424963019 12.414169715010761 12.585953457342832 12.769714756880928 12.962508858845897 13.160444739260738
9.059759789699703 8.984111925914611 8.993326053005031 9.100617297252105 9.319807880608206 9.65386338991295 10.080658563687825 10.570375304797635 11.097205537744168 11.640399860821097 12.174514645670358 12.44990313504082 12.25769613044165 12.012661044640902 11.75223156033053 11.488370695101603 11.232748429286737 10.997400905012226 10.792347975720844 10.621867288413666 10.482015461662657 10.379283105302171 10.338986238579098 10.351379576606329 10.407671286172505 10.501464387658162 10.628333838021604 10.785321608997254 10.969825991818025 11.152742289849698 11.315672791748803 11.467086658898374 11.617876145067704 11.762962502792957 11.896590918242046 12.01523003940636 12.14424417346676 12.29224776680897 12.457692561209264 12.6389042637811 12.833992537729086 13.040720774254904 13.256254618378563
9.35946983115321 9.328201279926143 9.376821070463691 9.499925580517223 9.705642353064867 9.995712659104218 10.357440973988098 10.769416574716049 11.206066355013434 11.634202579117856 11.99016149196531 12.141903012136543 12.041623322511288 11.81304375535728 11.534710754471899 11.23948145093467 10.948817432769866 10.682697764795455 10.459059846537375 10.287116443207445 10.161354595631543 10.092613079703487 10.088780378883225 10.135411586630353 10.222502606033942 10.343565777444892 10.490769091592593 10.66120321870053 10.854927935470759 11.044635854496088 11.216199122248403 11.380852524913921 11.547834515555438 11.712277888707536 11.868564729531482 12.010337589975501 12.152877336030162 12.311910685814741 12.48351768102979 12.670450995934551 12.872542435664919 13.088121066021483 13.315295006125572
9.666826890135921 9.668217582746358 9.739547860268726 9.866154926409463 10.053338260972032 10.300956449565039 10.59899459243222 10.929050215458284 11.265057425445454 11.570198776845636 11.790531738575687 11.86456683889137 11.774165794645954 11.56158675824108 11.277107600119148 10.95736544664991 10.631608075945461 10.329950744807313 10.08486022090994 9.91733993263207 9.820887217779624 9.801918587329812 9.844950398325238 9.931799004601451 10.044430004645392 10.177000045605785 10.330365454905044 10.506170744396131 10.70426424363723 10.896689624877004 11.07328316700186 11.246204322198269 11.424507166396062 11.6035939964024 11.777966991997328 11.941240312288945 12.100584429590363 12.278942320279059 12.472234269647958 12.6750392675017 12.882224028322142 13.10010044287909 13.33037412319501
9.96862298531709 9.992587065337334 10.075178253360122 10.197441031192046 10.362487048539535 10.568445875667324 10.805952667671589 11.05824357828941 11.301246160220762 11.503273467068558 11.626779675046329 11.638133187852889 11.524826327511729 11.304542637042907 11.007363297536084 10.662479077389767 10.297796166329293 9.948578414366073 9.669643356191159 9.51383578586883 9.472286633671436 9.517920116959964 9.609938713696438 9.721762643852049 9.848860561706168 9.991021076433757 10.149636663081983 10.328041283883737 10.52626657091177 10.716852901313468 10.894273977627943 11.070025942547488 11.254456229041391 11.443214359057976 11.630878015289772 11.810969809478959 11.985753983421178 12.180825097687505 12.393410467765007 12.617639075644435 12.847070664945681 13.074731875321019 13.299465199558567
10.256281598661332 10.294599849407101 10.380968290622054 10.494147441455178 10.635395646766344 10.801641525278956 10.983973759833612 11.167560337829611 11.332034894277129 11.452469531935076 11.499731440889978 11.453309316082947 11.307139244566056 11.069580962244494 10.757833988908612 10.39132957144676 9.98960814607969 9.578420326793365 9.227223290559607 9.099690542160321 9.15467347169345 9.261431479190772 9.379983164982258 9.506376823505722 9.642005677631788 9.789750976052702 9.9529503381072 10.135007525874583 10.328704519999638 10.512310410058436 10.685977880376672 10.859042509363286 11.044290960796005 11.237711213598208 11.433888225665017 11.626162804067341 11.81406511581002 12.023446760629335 12.25242723414054 12.494497832183171 12.742437033095383 12.98826404283294 13.223061425982738
10.524077988198487 10.570232810923674 10.655847203848696 10.757604514405783 10.875297882800377 11.005266444842277 11.13934522414022 11.264934480159408 11.364444026527693 11.414984917689509 11.399319685953039 11.305291798197933 11.128781586427731 10.874500536439518 10.553102737324007 10.17765523431551 9.760928833665375 9.314146471973606 8.846983789602774 8.792291544788792 8.926551314063467 9.053510859565113 9.178098977912656 9.305078585049618 9.439064486853638 9.584569246716178 9.74601342684838 9.927651764903748 10.113898030007345 10.28907023274306 10.454270101283473 10.619590833072209 10.80045864328378 10.99373232240875 11.193915068148556 11.394055693144923 11.592462246423663 11.814195926723894 12.057199408742791 12.31421017304943 12.577124147453908 12.836891964896354 13.083261190437268
10.768143636751342 10.817074439909586 10.89943142230687 10.989518950070686 11.085877671809262 11.184218473015038 11.277243903273218 11.352809994884405 11.393844810688899 11.387432941322583 11.32223610619974 11.190591585343727 10.990226536383515 10.724744557244925 10.402809782886429 10.036230622716436 9.639980206625895 9.238130032407975 8.899316809664713 8.782488456613725 8.829248950145036 8.918138438898579 9.019684203909389 9.129881006119774 9.250504212390688 9.38509240713274 9.537874774609937 9.710565539938298 9.881797094162536 10.046321991730427 10.20367101727206 10.357445308265232 10.52907059289617 10.717826407059604 10.918024120296527 11.122285822990785 11.328950790417945 11.561696307154554 11.817067259384302 12.087006462472607 12.362560964046706 12.633774328971478 12.88946112080572
