_RESULTS/CROSS_VALIDATION_POSTPROCESSED_80-20/MHZ/GZ/3comp/4/MHZ_GZ_z_63_kriged_reverse_3comp_spherical_4.asc
ncols 100
nrows 74
xllcorner 5.5967023332191781
yllcorner 50.982320383219182
cellsize 0.00019249356164376555
nodata_value 1.7014100000000001E+038
[rows 19 to 37 of 74, columns 42 to 83 of 100]
0.03023223067316756 0.057155721638387794 0.10102852288773169 0.164012185302124 0.2387496875301641 0.299277226156713 0.31968895235198463 0.2897549780564881 0.23750430777763404 0.18347523415787284 0.1348059515824549 0.09556363384517072 0.06735301839467475 0.04856397695198653 0.036032943768537634 0.027915342911616403 0.02296055775646337 0.02041222856884367 0.019926982251082043 0.021486101142173388 0.02520247223403381 0.030755324036347707 0.0375668726324248 0.04508366804135933 0.05232754070399923 0.05804742488659686 0.0613680280230421 0.061935530884212955 0.059980692884302717 0.0561062387764841 0.05113172503056015 0.04585841410130378 0.04090270301811822 0.0366257034225322 0.033594098124291205 0.03246518872976818 0.033142864149534594 0.035403164951217155 0.038226767384200826 0.04145265355498235 0.044983110366323464 0.048703825493992575
0.04312810839226902 0.07494421985880598 0.12205032052011026 0.1830403159808417 0.24490072597360152 0.2826408993600427 0.27931001001887934 0.2376921942368964 0.1873884546411838 0.1397070577423764 0.0994199628563166 0.06870209666322363 0.04856551248432971 0.03588059826370175 0.027485953168782492 0.02197293598719967 0.018664837159754314 0.017239589007112106 0.01777677673871694 0.020657600580233332 0.025959763043303143 0.03348562244581929 0.04295088890148638 0.05346447510256654 0.06352936302340313 0.07113506318481266 0.07488228314558436 0.07438187864046132 0.07025651185027294 0.0637708150560087 0.05632873373318373 0.049047509642964865 0.04253756483687272 0.0370966602041044 0.03295714787227253 0.03088320534670518 0.030679953326033748 0.03231780700644612 0.035203171047138986 0.03852110792901974 0.0421510224517132 0.045966978801903986
0.06705901622542525 0.10689951915301252 0.15990662046865456 0.22064765633827305 0.270315833114994 0.28674526265088757 0.26172954933389225 0.2116790314443489 0.16099858641487436 0.11602621133745974 0.07997760264415325 0.05476509236016439 0.038799188261069026 0.028824392015257196 0.0226575146615883 0.018604534317580926 0.01620812892465134 0.01545224941807656 0.01678288480655555 0.020853881045037954 0.02814180168462552 0.03902757208947041 0.05311096081365137 0.0688824911789143 0.08373967030572059 0.09432239537611427 0.09830825783567622 0.0954362719802829 0.08722999524845426 0.07608660705813837 0.06431221280406917 0.05356195198957753 0.04468851353215043 0.037758260580745 0.0325951088762099 0.02984025280489293 0.029159956755463207 0.030300613525816505 0.03321946259788978 0.03678845900991116 0.04061824733103489 0.04456604097123216
0.11210057809050084 0.16388816408442974 0.22453384223148015 0.28367106112943774 0.31760785088314253 0.3093208231613273 0.26189504925888607 0.20465635018275175 0.15091200961345186 0.10544204538697863 0.07089947664714726 0.04846715481187716 0.03443230055049681 0.025739856061362112 0.020486530895129952 0.017375073913232602 0.015547703328495354 0.01502983585421078 0.016456295801536992 0.021751217863993623 0.03258924158465795 0.04948774610494373 0.07193215746260415 0.09727917147773575 0.12057184172901642 0.13576125883130646 0.13895266694499475 0.13064612485078916 0.11450834618125975 0.09513207200663364 0.07626053591316623 0.06013088773088136 0.0475444123166603 0.03866475292643318 0.0328455793337851 0.029792702881269145 0.028911564787748836 0.029795757901876538 0.03248008968567632 0.03640305686583829 0.040524729866162394 0.04467822420519033
0.19672665837979295 0.26278971007114366 0.3283323839344548 0.37802773771723963 0.38595988857766333 0.3445966533645812 0.27682513040354967 0.21092692094862517 0.1527416807003717 0.10452803109135125 0.06949673588955543 0.04744563096455482 0.033912164989268495 0.025684506962229053 0.02093193944289668 0.018464452587404458 0.017080513503359377 0.016215083505900788 0.016396215797889278 0.024270433901435 0.04205561673027311 0.07000258480895608 0.10816977787832442 0.1517546984368558 0.1904460049246136 0.21231384338808232 0.21102822188462067 0.19005071900300852 0.15817765445077533 0.12411516547470901 0.0936024973368981 0.06926553085148072 0.05189133783594419 0.040633116284405614 0.0339469626567198 0.03078075899039144 0.02989337223996396 0.03069699983255226 0.033192349177971224 0.03740139975052383 0.041913136267427285 0.046341442835567605
0.34338996217771384 0.430907307951573 0.4925284643603705 0.5150568286939704 0.47817226514731526 0.39395613982612915 0.30585750698299297 0.22787737604725616 0.16390679567180835 0.1110422192790836 0.07338072437231932 0.05062178243106483 0.03687672098115366 0.028801776589382738 0.024370383279306854 0.022240276093346372 0.021487280387042555 0.021407206254007702 0.022951256409951163 0.035445704480519084 0.06431908218680732 0.11249255677211444 0.18155958710488468 0.2619465267049947 0.3299284780610518 0.3595213688956521 0.34199069588673237 0.29120053488000824 0.22797461582980028 0.16794667270712868 0.11901666597553566 0.08316909003316461 0.05849855890902963 0.04353913009409971 0.03625942853838306 0.033122864321365866 0.032338594044792654 0.03316086478005047 0.03560430733462366 0.03998162913226467 0.044984983100458314 0.04974518867382941
0.5671592909073877 0.680416862963437 0.7285322859620169 0.7007747833155145 0.5957817331436436 0.46778985699007714 0.350422421334814 0.25399980888242835 0.17969966098992673 0.12130940959681484 0.08115121671553639 0.05722421540186115 0.04311436238497452 0.03497197130578081 0.030570190337041833 0.029077593782641686 0.03022634612014589 0.03381775703055118 0.042828574128030775 0.06543794993764827 0.11387713122459339 0.20128481103659368 0.3350598328653991 0.49577042062911303 0.6225274111804063 0.652306388687722 0.5824989735722668 0.4621348833554363 0.3377252105101735 0.2339265575240927 0.1581657587111052 0.10538563531898991 0.06972675875964736 0.0469998158128017 0.04114423200573869 0.03794521983638425 0.03683622047511031 0.03759954528164377 0.04003839548992501 0.0445267813677414 0.05012515972452592 0.05525107414650495
0.8768293677947151 1.0074382554990036 1.0116452563958787 0.8935874455413042 0.7224996380055201 0.5485079225541715 0.3986697576653523 0.28099155120621 0.19280836900982917 0.12937447194939972 0.08918770071882871 0.06479883551649215 0.05071303620073654 0.042981678400259224 0.03959218489234438 0.039863194355181174 0.044683385208749454 0.05540318531044137 0.07712766113820557 0.12149869659099802 0.21056342819895474 0.3773725317840132 0.6529343930704942 1.0060300074886848 1.2609485351245324 1.240267934246024 1.012500088342055 0.7376326521162972 0.5021338885892795 0.3321690542110038 0.217059611595863 0.1412542812431983 0.09289977191261536 0.0650107402816212 0.05247205530969694 0.046751389405932625 0.04438624627046225 0.04460909696558689 0.047036340180268414 0.05169771899427527 0.057950741404314284 0.06343695389236854
1.25646098169768 1.386853564735196 1.296509990342759 1.0803030981656778 0.8364410512311786 0.6119628861747884 0.4318272459868296 0.2973239017458278 0.2006765448977179 0.1352222170287442 0.09548509183183054 0.07209349176183892 0.05892890508748691 0.052444202881622 0.051093347182233434 0.05488850898396056 0.0657701978084498 0.08795031792850962 0.13034541992861465 0.21250296208448172 0.3743727211292813 0.6880380839350045 1.2570257188095488 2.104556538281654 2.6891418049305837 2.3606697563537162 1.7054647842227593 1.1350897226196799 0.7308806006165655 0.46758243474683336 0.29967133792768563 0.1941782640180068 0.12953053848426727 0.09171089713967223 0.07091714507756743 0.06059409927871238 0.05592441765652059 0.05503601402997827 0.0573397624906121 0.062349412511536494 0.06936258735316897 0.07517401838377148
1.6494498775228035 1.7741298662822245 1.5730500811282566 1.2324592265953942 0.9071467481281188 0.6422443793753772 0.4446368317856897 0.3034019279177437 0.20477760689153723 0.1397145646893391 0.10126395277826386 0.07930863488497154 0.0675174887844002 0.06284575218453736 0.06438895690125176 0.07322076739217456 0.09314595092676316 0.13158088716383884 0.20349393704089555 0.34065690715055846 0.6077828884427522 1.1314589614549686 2.140303282662109 3.9863089579869353 5.712049154369043 3.965691118106513 2.567760659495037 1.6124709481566608 1.0086601501818573 0.634548298610367 0.40374894101838105 0.2624000860797955 0.1767463394644803 0.1252250002706244 0.09548561913343756 0.07981346965941814 0.07221003293539127 0.06992941612741413 0.0719695042923357 0.0776606671138044 0.0856512375372601 0.09169365307385857
1.974699291138627 2.2051833392903775 1.7762623560348005 1.2856076307354476 0.9095999132020786 0.6338826219076193 0.4376634150880075 0.30053337734468916 0.20566597094963737 0.14306202050218297 0.10691686643093887 0.08680524042915896 0.07680725313978061 0.07441012224712391 0.07939293023444524 0.09397731374484447 0.12459017513585194 0.18358575335540478 0.29090804295718775 0.4922648654830092 0.8730818947616416 1.5902265259510902 2.8829523446392598 4.896172320296199 6.200468734938889 4.8530937437846955 3.219088458983536 2.0405246564716197 1.2826427972633547 0.8103634565283432 0.5187541415191503 0.339929756713213 0.23064321740811178 0.1637838045021645 0.12537059905615974 0.10435465459545001 0.09379846479820877 0.0902718365972377 0.09231240856740622 0.09931952567575913 0.108750750179287 0.11485935378254102
1.966080449174388 2.436369077935229 1.6845031001556106 1.1719142069163877 0.8224375907037522 0.5795866016329518 0.40752966166544713 0.286594857957814 0.20176920031499454 0.1443608463145231 0.1115899113321485 0.09387791625996651 0.08611128795820278 0.08641991038725748 0.09540053938796056 0.11669790232260262 0.1589570140428945 0.23861433296957854 0.37972493894066783 0.6388750695870289 1.1065639039663997 1.91873620871257 3.1852723856400234 4.6874506319109575 5.441136366693676 4.751492720781852 3.434865646681281 2.2932144675130055 1.4868151665115574 0.9597050342249674 0.6250028541296948 0.4155633007701435 0.2850431287089563 0.20471173863773326 0.15882679326599988 0.13350119531350635 0.12083374944738191 0.11695714746898316 0.12009866894859142 0.12965786946035965 0.14143104012668636 0.14755325348161927
1.2985435448394231 1.455553262058225 1.2086775756765245 0.9018994567236335 0.6599487656681551 0.48466881531465433 0.35660334125292426 0.26201028499547085 0.19245864062982168 0.14307673949531227 0.11466825327566689 0.09990325571689722 0.09471055056056875 0.09802900385660078 0.11144007549338444 0.13962077503457798 0.19330185485892848 0.29155088158122744 0.4597908742380705 0.7522775459568855 1.2585845439948886 2.069856182338957 3.189022796202866 4.321806882051227 4.824113748876211 4.353492271702053 3.3366743474335263 2.343963518527282 1.5788770634810676 1.049786739534502 0.7003763920143011 0.4749720213901217 0.3309190503752148 0.24368809406205347 0.1932509117170137 0.16547325507760702 0.15263231628426288 0.15044877798240708 0.15711011436412625 0.1719760898005699 0.18777127187935008 0.1937544502028686
0.744535832881783 0.8084829319939727 0.7395207760323097 0.6076341677345496 0.47854387458855463 0.37336518907793503 0.29398574160491986 0.23035469794056182 0.17917541767480222 0.13966692438026967 0.1160749295175455 0.10454370889633739 0.10213658290024548 0.10870663677524296 0.12637983074384018 0.1608251708113946 0.2242886114852902 0.3360112787785652 0.5199131872032762 0.8216037917230797 1.3139559873493512 2.064892867628604 3.038521074589353 3.956788823475627 4.31652130547191 3.8984628712503833 3.0667034707961918 2.229622984149684 1.5533833026606414 1.0645671134127002 0.7293104801014678 0.5058257786606376 0.36193913210683476 0.2754649564261192 0.2249093639513231 0.19778906768800003 0.18743131382527395 0.19042388215865053 0.20504230809630145 0.2305030361912271 0.2530563681248011 0.2581517383741762
0.420347289074889 0.45093071300722243 0.4340085398635526 0.3856083285566861 0.3286873651654694 0.2762221668654433 0.2350066377677418 0.199585712397682 0.16655111512469206 0.13782209949916863 0.11842301734832959 0.10932987806051711 0.10906546585706524 0.11812659134362825 0.1393610852030566 0.17879174887541752 0.2493007957504533 0.3671503473892098 0.5529582764967509 0.8412756692770751 1.2854116593619755 1.9332810180169968 2.7754792086464435 3.594365372085445 3.8762304394788165 3.410226737020235 2.6853488110648533 1.9912993273953448 1.4255017525307565 1.0047363539147949 0.7069580546689115 0.5034321214773273 0.3746095447115886 0.29572467449110756 0.24972969832247816 0.2268208023383699 0.22212917511217645 0.23429324940902613 0.26353866193787956 0.30837332241006715 0.34384428396711203 0.34552274029995944
0.24376235485368314 0.26127110375998036 0.25931755596434963 0.2431060471586824 0.2218502682348755 0.2015127743005663 0.18547575505056987 0.17156773065090009 0.15545293317669412 0.1378348049107399 0.12301580651884962 0.11618878665634826 0.11769247537755786 0.12831394867359805 0.15109836338322757 0.19282388652141302 0.26658524135865574 0.3825391060244928 0.5571203107686374 0.8134916922196046 1.1826822209931134 1.70456100399295 2.3717344605899036 3.1124386306919685 3.381629565404513 2.8166981493180954 2.2129199901186536 1.6687584112581235 1.223879939675711 0.8852672774092715 0.6397105762405617 0.47426507296622256 0.3677082801346496 0.3015246594270115 0.26383448639071694 0.2479751998574409 0.25148908149249755 0.2758246679035976 0.3263709743491632 0.4025860635969023 0.4674844833157713 0.4569225716693377
0.14940181957983648 0.16000733176323395 0.1613414063996785 0.15607034979483686 0.15021262474357028 0.14727820231220617 0.14730467269282302 0.14697029294487618 0.14403449226375722 0.13728545915122578 0.12851389681827252 0.12398184395262932 0.1267867082805664 0.13846426310504656 0.16218811177795284 0.20442453453996542 0.27561998290657597 0.38229266588897237 0.5353082927955981 0.747011793994675 1.030190292213817 1.4066274102863758 1.8551911360561941 2.2861392913247878 2.407883734896388 2.1060851813544064 1.6975920144709067 1.3113955778697086 0.9860026375597134 0.7315324729167947 0.5498817856465751 0.42567943427053656 0.34366917595118884 0.29260653691540406 0.2651225596275507 0.25747988475354655 0.26954477708648744 0.305531406816756 0.37582752469370445 0.4825270632751028 0.622289584466323 0.5631953103805093
0.09810365352614019 0.1053223026496429 0.10703266691033313 0.10374880693799991 0.10187277011189085 0.10888971627634998 0.11994842443153877 0.12944469673390663 0.13504402032894816 0.13670206732963744 0.13541478478360058 0.13331584997356621 0.13663102692500587 0.14804929787905566 0.17090091407510744 0.2111761071861694 0.27439094585956414 0.3642425361296101 0.4900288576865183 0.653720867754847 0.8547914389044198 1.0979576300163674 1.3601323034029278 1.5708284720461336 1.6234314165645174 1.4699941010663593 1.2251251611643441 0.9728992714780347 0.7512809521834727 0.5795936943216442 0.45449704802994656 0.3666316592673127 0.30765305545496907 0.27150140121647554 0.2541837891715183 0.25415617265621376 0.27281659997655794 0.3156239745475068 0.3895686982947385 0.48949292734653227 0.5830748727681685 0.5585830928307222
0.06968929808596443 0.07576266372936104 0.07763085151131624 0.07466650127614231 0.069483206614985 0.0865905718972684 0.10452840861493481 0.12053050391363564 0.13254135386728305 0.1395264042700527 0.14323671093474977 0.14426546700635526 0.14656826499996672 0.15567918971429998 0.1755089265148625 0.21055526434075594 0.2608299059208536 0.3297549292082958 0.4222873748508746 0.5406513547214992 0.6744331689352776 0.8204342198191281 0.9625256818203372 1.065049776323387 1.0850862488891257 0.9964543181270576 0.8490265021670348 0.6939723261084682 0.5574694664754823 0.44769665796849467 0.3648596721961773 0.3056654338399721 0.265863737565854 0.24262620018258152 0.2341391531283456 0.2401591713965725 0.2633972894857116 0.3090541374177185 0.3721762174429787 0.4454982450195721 0.49875836895594083 0.4935418723593779
