_RESULTS/CROSS_VALIDATION_POSTPROCESSED/Berg/TZ/1comp/2/Berg_TZ_z_710_kriged_reverse_1comp_spherical_2.asc
ncols 100
nrows 90
xllcorner  5.6208707817415728
yllcorner 50.959635321741573
cellsize 0.00013419651685393446
nodata_value 1.7014100000000001E+038
[rows 0 to 18 of 90, columns 0 to 40 of 100]
0.025819990973162912 0.025819990973162912 0.025819990973162912 0.025819990973162912 0.025819990973162912 0.025819990973162912 0.025819990973162912 0.025819990973162912 0.025819990973162912 0.025819990973162912 0.025819990973162912 0.025819990973162912 0.025819990973162912 0.025819990973162912 0.025819990973162912 0.025819990973162912 0.025819990973162912 0.025819990973162912 0.025819990973162912 0.025819990973162912 0.025819990973162912 0.025819990973162912 0.025819990973162912 0.025819990973162912 0.025819990973162912 0.025819990973162912 0.025819990973162912 0.025866519867379294 0.02618440803947546 0.026794962582218126 0.027694913406098608 0.02888677675128337 0.03037710532928345 0.0321744938293857 0.034287016404868365 0.03671868490969337 0.03946439430079122 0.04250269141124526 0.04578566155662547 0.049225546172244485 0.052679022998387545
0.025819990973162912 0.025819990973162912 0.025819990973162912 0.025819990973162912 0.025819990973162912 0.025819990973162912 0.025819990973162912 0.025819990973162912 0.025819990973162912 0.025819990973162912 0.025819990973162912 0.025819990973162912 0.025819990973162912 0.025819990973162912 0.025819990973162912 0.025819990973162912 0.025819990973162912 0.025819990973162912 0.025819990973162912 0.025819990973162912 0.025819990973162912 0.025819990973162912 0.025819990973162912 0.025819990973162912 0.025819990973162912 0.025819990973162912 0.025819990973162912 0.025928937801896357 0.026343594327017276 0.027062138063037523 0.02808612521786414 0.029423759353696143 0.031088457167597738 0.03309720597417759 0.03546837313578544 0.03821849537013619 0.041357355602389595 0.04488031700862479 0.048756425073381106 0.05291035462843018 0.05719655176056915
0.025819990973162912 0.025819990973162912 0.025819990973162912 0.025819990973162912 0.025819990973162912 0.025819990973162912 0.025819990973162912 0.025819990973162912 0.025819990973162912 0.025819990973162912 0.025819990973162912 0.025819990973162912 0.025819990973162912 0.025819990973162912 0.025819990973162912 0.025819990973162912 0.025819990973162912 0.025819990973162912 0.025819990973162912 0.025819990973162912 0.025819990973162912 0.025819990973162912 0.025819990973162912 0.025819990973162912 0.025819990973162912 0.025819990973162912 0.02582039011279342 0.02599867586093599 0.02649422951275522 0.027304230225659365 0.0284346441886072 0.029899036192843297 0.031717515380514746 0.03391557421765843 0.03652251058645026 0.03956897905199819 0.04308294888325084 0.04708285865953141 0.05156588320728125 0.05648772493434187 0.06172811028621497
0.025819990973162912 0.025819990973162912 0.025819990973162912 0.025819990973162912 0.025819990973162912 0.025819990973162912 0.025819990973162912 0.025819990973162912 0.025819990973162912 0.025819990973162912 0.025819990973162912 0.025819990973162912 0.025819990973162912 0.025819990973162912 0.025819990973162912 0.025819990973162912 0.025819990973162912 0.025819990973162912 0.025819990973162912 0.025819990973162912 0.025819990973162912 0.025819990973162912 0.025819990973162912 0.025819990973162912 0.025819990973162912 0.025819990973162912 0.025827612732567267 0.02606301796694066 0.02662156836392098 0.027503524224180738 0.028718544750438314 0.030284794713427342 0.03222827953710496 0.034582217492740125 0.03738621084508651 0.040684866298175255 0.04452528670918372 0.048952393411831815 0.054000072727752944 0.05967404078548241 0.06591762168274165
0.025819990973162912 0.025819990973162912 0.025819990973162912 0.025819990973162912 0.025819990973162912 0.025819990973162912 0.025819990973162912 0.025819990973162912 0.025819990973162912 0.025819990973162912 0.025819990973162912 0.025819990973162912 0.025819990973162912 0.025819990973162912 0.025819990973162912 0.025819990973162912 0.025819990973162912 0.025819990973162912 0.025819990973162912 0.025819990973162912 0.025819990973162912 0.025819990973162912 0.025819990973162912 0.025819990973162912 0.025819990973162912 0.025819990973162912 0.02583756557929886 0.026111934474189673 0.026713777043497068 0.02764555089881331 0.028919593348934108 0.030557463644690842 0.032589602419439805 0.03505517019023153 0.0380019133646084 0.04148585483807924 0.045570488163691934 0.05032489683878061 0.05581963347719827 0.06211773965945319 0.06925428520621629
0.025819990973162912 0.025819990973162912 0.025819990973162912 0.025819990973162912 0.025819990973162912 0.025819990973162912 0.025819990973162912 0.025819990973162912 0.025819990973162912 0.025819990973162912 0.025819990973162912 0.025819990973162912 0.025819990973162912 0.025819990973162912 0.025819990973162912 0.025819990973162912 0.025819990973162912 0.025819990973162912 0.025819990973162912 0.025819990973162912 0.025819990973162912 0.025819990973162912 0.025819990973162912 0.025819990973162912 0.025819990973162912 0.025819990973162912 0.025844171593917317 0.026138459537898194 0.026762533808468755 0.027720006694708227 0.02902463710464869 0.030699805259349948 0.032778358962881976 0.0353027281178774 0.03832521567302981 0.04190837006439919 0.046125323885590985 0.0509383853683981 0.05624754779044028 0.06223372047904398 0.06911008481788486
0.025819990973162912 0.025819990973162912 0.025819990973162912 0.025819990973162912 0.025819990973162912 0.025819990973162912 0.025819990973162912 0.025819990973162912 0.025819990973162912 0.025819990973162912 0.025819990973162912 0.025819990973162912 0.025819990973162912 0.025819990973162912 0.025819990973162912 0.025819990973162912 0.025819990973162912 0.025819990973162912 0.025819990973162912 0.025819990973162912 0.025819990973162912 0.025819990973162912 0.025819990973162912 0.025819990973162912 0.025819990973162912 0.025819990973162912 0.025844311552600842 0.02613899107163778 0.026763503056053864 0.027721482711641803 0.029026717258195 0.03070262331351425 0.03278209698842045 0.03530763410459469 0.03832779928953093 0.04157083791698652 0.044927828234333396 0.04854706881603409 0.05260705574585198 0.0573152489077505 0.06290754743556815
0.025819990973162912 0.025819990973162912 0.025819990973162912 0.025819990973162912 0.025819990973162912 0.025819990973162912 0.025819990973162912 0.025819990973162912 0.025819990973162912 0.025819990973162912 0.025819990973162912 0.025819990973162912 0.025819990973162912 0.025819990973162912 0.025819990973162912 0.025819990973162912 0.025819990973162912 0.025819990973162912 0.025819990973162912 0.025819990973162912 0.025819990973162912 0.025819990973162912 0.025819990973162912 0.025819990973162912 0.025819990973162912 0.025819990973162912 0.025837924046321133 0.026113457979421897 0.02671659899299013 0.02764987164053995 0.02892569538268226 0.030565734346200784 0.03260056728255372 0.03483439333507791 0.0368778905890537 0.03882738093728936 0.04081697980843914 0.04299961125821962 0.04554217837413193 0.0486214825327223 0.05241572896744985
0.025819990973162912 0.025819990973162912 0.025819990973162912 0.025819990973162912 0.025819990973162912 0.025819990973162912 0.025819990973162912 0.025819990973162912 0.025819990973162912 0.025819990973162912 0.025819990973162912 0.025820226864960383 0.025829848314985335 0.02584503828655734 0.02585682932221789 0.025860018948129632 0.02585334025378558 0.02583950588267096 0.025825115014530577 0.025819990973162912 0.025819990973162912 0.025819990973162912 0.025819990973162912 0.025819990973162912 0.025819990973162912 0.025819990973162912 0.02582800751203964 0.026065323539366317 0.02662599096769552 0.027510376004051318 0.02872826609859449 0.030283294379465208 0.03166914353022808 0.03268989026378594 0.033457360234369946 0.03410297995423363 0.03476628139382583 0.03558718753625429 0.0367012341055089 0.03823483131198949 0.0402942451396994
0.025819990973162912 0.025819990973162912 0.025819990973162912 0.025819990973162912 0.025819990973162912 0.025819990973162912 0.025819990973162912 0.025819990973162912 0.025823390667410507 0.02586804618622724 0.025947094782597085 0.02604034630395467 0.026130386738955368 0.026203074866763067 0.02624807797577687 0.026259337549165755 0.026235371153471704 0.026179349528450212 0.02609893324144241 0.026005902007328465 0.025915651439921014 0.02584665867881852 0.025819990973162912 0.025819990973162912 0.025819990973162912 0.025819990973162912 0.025820523889688862 0.02600142430672746 0.026499849485322077 0.02731311612674094 0.028394668884130767 0.029100500799358133 0.0293143927394084 0.02916326652588783 0.02878970398269155 0.028335808859699767 0.02793280496910259 0.027695989171226995 0.027723187357388324 0.02809365350632162 0.028952474094617434
0.025819990973162912 0.025819990973162912 0.025819990973162912 0.025819990973162912 0.025819990973162912 0.025819990973162912 0.025827074747312283 0.025908195276164312 0.026058075772500158 0.026250454647272943 0.026460575062792827 0.026665574544726556 0.02684516917079083 0.026982515658246473 0.027065104186055414 0.027085522512235827 0.027041948442171414 0.026938275360124605 0.026783846145561056 0.026592847597355935 0.026383481327916184 0.026177063782292297 0.02599721325689033 0.025869261375219603 0.0258199927837693 0.025819990973162912 0.025819990973162912 0.025931674526261866 0.02634987914087183 0.027020612168511662 0.0272296664344865 0.026841420703213423 0.026006316525445116 0.024889280532885256 0.02364801836665853 0.022419316931689894 0.02131317398743753 0.02041288729940884 0.019910883131862567 0.02001871360538033 0.02068083497874334
0.025819990973162912 0.025819990973162912 0.025819990973162912 0.025819990973162912 0.025819990973162912 0.025880530884465045 0.02605868547673214 0.026325065389707997 0.026650591099856517 0.027006481888855693 0.027364490492972633 0.027697616832883836 0.027981220180532992 0.028194382975411273 0.02832131739025891 0.028352572180788203 0.028285813165824382 0.028126022557141916 0.027885076637731755 0.027580787137371703 0.027235593342934315 0.02687514390417886 0.026527003398260814 0.026219671916956306 0.025982039642697727 0.02584333604674537 0.025819990973162912 0.025868690583084483 0.026175467075270725 0.026061856096316758 0.025249363147868326 0.023916482628716172 0.022258670604275287 0.020459433886441798 0.018672018192708553 0.017011825103606684 0.015598228795682281 0.014736112449258473 0.014391643964702808 0.014500933911343081 0.015029866879375986
0.025819990973162912 0.025819990973162912 0.025819990973162912 0.025824635352907452 0.025948415314724423 0.026217641190063336 0.026602070890925353 0.02707126571148321 0.02759380645914067 0.02813709358808893 0.028667785072615814 0.029152886689078727 0.029561425845904044 0.02986652405104248 0.030047564869831178 0.03009207815851064 0.02999696982476804 0.029768837258575858 0.02942330167441924 0.028983501905915622 0.028478061278229386 0.027938913079580085 0.027399343992477527 0.026892517944677407 0.026450620773955772 0.026104659372323206 0.02588488114270666 0.025827404310438607 0.025553140488371182 0.024472629662019744 0.02278632868863251 0.020725940717211348 0.018509683253866163 0.016317150452035502 0.014278500916416073 0.012592598794434388 0.011489977043800373 0.010853597220434797 0.010605298430359 0.010704894470889998 0.011137853282289188
0.025819990973162912 0.025819990973162912 0.02583045428980574 0.025996028383659026 0.026339522715943572 0.02683155933194409 0.02744225948367507 0.028139778018859647 0.02888938513022304 0.029653229061279224 0.030390927000415985 0.03106108228605868 0.03162369966521242 0.03204327496668672 0.032292116339061795 0.032353291730561035 0.032222579397177 0.03190897137919848 0.03143360932202427 0.030827405494595457 0.030127884017122342 0.029375880143365597 0.02861265621128859 0.02787779902599465 0.027208045131907003 0.026637007089097532 0.02619567625063243 0.025720834160990906 0.024434461789909285 0.022516179144878495 0.020148626603949615 0.017593218956624475 0.01506671328681805 0.012724529604579862 0.010814121186122017 0.009513165710282486 0.008665825045767007 0.008173746578431059 0.007981950116781074 0.008066474227075748 0.00842667296236156
0.025819990973162912 0.025827349085367966 0.02600378303520616 0.02639370222169043 0.026969788921813113 0.027704684120524476 0.02856879881220862 0.029528514260063293 0.03054492577011502 0.03157337772824744 0.03256408522258072 0.0334640955290584 0.034220668067889155 0.03478583361842501 0.03512149234112035 0.035204069940252845 0.03502765674284479 0.03460482482395611 0.0339649041190483 0.03315017516547289 0.03221092526421327 0.031200447639889214 0.030170859213660046 0.029170229116330642 0.028241126720295107 0.027420429794082886 0.02673350565909324 0.02539223401327828 0.023109821033399373 0.020430932017770707 0.017579022024246608 0.014737239909476636 0.012099705052463272 0.009925337985453054 0.008416472309166197 0.007385147461935871 0.00670676899055523 0.00630700509732603 0.0061464286233843994 0.006212113343577406 0.006513260021469626
0.02582034516693737 0.025968708398909603 0.026367303721144972 0.026991371401662002 0.027817499660927298 0.02882083401708305 0.029972455309122105 0.031237005485194445 0.032570795431388015 0.033920791427861606 0.03522500304148385 0.03641480551405666 0.037419522369491046 0.03817310008109375 0.03862198070139141 0.03873256918928486 0.03849639102172393 0.0379314494776593 0.03707936912919895 0.03599918572030645 0.03475951321544357 0.033430954666625094 0.0320801273155157 0.030765916075136172 0.02953791015867621 0.02843659043329581 0.0272333444002717 0.02492795517296171 0.021825489662336474 0.01845102417681698 0.015241426005566295 0.012276283548127959 0.009758750693765667 0.007986650373844216 0.006756163381314371 0.00590703486756366 0.005340536254971323 0.00499850433406504 0.004851886821762197 0.004895189019643043 0.005144735853184506
0.02590469726480274 0.026266553713119523 0.02689238934368493 0.02776310436978372 0.02886007664119167 0.030161996322125753 0.0316416197304013 0.033262523028933344 0.03497615244163405 0.036719740068464866 0.03841593521645342 0.03997516499579602 0.04130157573394014 0.04230269935214136 0.04290170133689874 0.043049587687785565 0.042733905415077586 0.041981064780044965 0.04085146733555413 0.03942912833310291 0.037809073291761294 0.03608580066523074 0.03434491799533769 0.03265857220958473 0.03108420000989583 0.029665634695873865 0.02761933625086423 0.02441838530148284 0.020625989385032784 0.016751969409507246 0.013239089722984957 0.010278492715812756 0.008135634130128364 0.006650107418044218 0.005609986168565879 0.004883676367986962 0.004390036208465252 0.004081692087839765 0.003936328247927009 0.003953287099965215 0.0041541480515865205
0.026116116581305825 0.02669090709754718 0.027549984857176198 0.02868090769862184 0.030071232921650894 0.03170490061490266 0.03355818900138887 0.035595261304556675 0.03776360138860142 0.03999005752030131 0.04217875972427644 0.0442126915010167 0.045960809316576576 0.04729175930465507 0.0480930507539342 0.0482914634285007 0.04786820772724775 0.04686304703769278 0.04536568499024195 0.04349790621253601 0.041392942535380034 0.03917796542950663 0.036962784763076635 0.03483494299442108 0.03285970229070696 0.030979296943408653 0.027960440403524647 0.023941191179626984 0.019564333171784073 0.01535063675679993 0.011645298794482357 0.00888086499206109 0.007034561272527982 0.005745620084217664 0.004834612182927738 0.004189580289444437 0.0037411938558261824 0.003449021669750213 0.0032947601965830397 0.003280525116232278 0.003431669517039213
0.02642468107485307 0.027211419737882468 0.028308883352345226 0.02971261796816197 0.03141824915262958 0.033417415959715736 0.03569282623368911 0.03821228899804658 0.040921884552469465 0.04373900935049008 0.04654696231566594 0.04919393235705628 0.05150017960561487 0.05327669851546165 0.054355264103806734 0.05462341221499304 0.05405191709875712 0.052702452553120185 0.050711674724250394 0.04825938915374995 0.04553417078838539 0.042707095578332875 0.03991750087862837 0.03726924436377074 0.03483372545583107 0.032266986734410044 0.028318403579737323 0.02355944650255202 0.018687677786514787 0.014215565814161578 0.01050629852464735 0.007982032258513159 0.00632249211269048 0.005165855287100524 0.004340102490147234 0.003746477402742784 0.003323252693025227 0.003034004870687828 0.0028621673133155828 0.002810646376731814 0.0029069339824508125
