_RESULTS/CROSS_VALIDATION_POSTPROCESSED/Berg/TZ/1comp/2/Berg_TZ_z_500_kriged_reverse_1comp_spherical_2.asc
ncols 100
nrows 90
xllcorner  5.6208707817415728
yllcorner 50.959635321741573
cellsize 0.00013419651685393446
nodata_value 1.7014100000000001E+038
[rows 19 to 37 of 90, columns 43 to 85 of 100]
0.19099035288056856 0.20710379008122445 0.2263595665424391 0.24674592115608915 0.2650715539660714 0.27783510987057514 0.2841070319434456 0.2839962728108667 0.27835373060507085 0.2683989417796135 0.25540996907678803 0.24052876918206906 0.22467337908542684 0.20852461821503177 0.19255452854953461 0.17695348426852534 0.1617854933268754 0.14721955651958385 0.13351331755174495 0.12229064257212277 0.114256875016629 0.10995136328307398 0.10948632649783085 0.1133242007627742 0.12037975929048474 0.12945004746443067 0.13989451535893999 0.15137357455862374 0.16366513137245808 0.1765806783492461 0.18992787594238025 0.20349318483847822 0.21703411028518507 0.23027707480716364 0.2429194089421449 0.25463486145581504 0.2650822911768753 0.2739171723097694 0.2808053964450116 0.2854386925166263 0.287140563893958 0.287140563893958 0.287140563893958
0.183335214129882 0.20187958476904408 0.2246263153894657 0.2479881963270601 0.2674693391185345 0.2797057313396382 0.28403177290889114 0.28113754409231456 0.2724926199119922 0.2597886318045567 0.24457125376485053 0.2280703979011242 0.21116772038410786 0.19443619384609276 0.17807787060021038 0.1621713858437112 0.1467968698443731 0.13198088233958022 0.11776341316931667 0.10531411436482463 0.09542144184132337 0.08952330362198929 0.09053805546583751 0.0976476362146103 0.10721668945141492 0.11810534538801319 0.1298857234119534 0.14240129411605204 0.1555473418836784 0.16920957602382308 0.18324384962259 0.1974686529035406 0.21166283072471936 0.22556651280588605 0.23888484847482916 0.2512945595969472 0.2624533257795976 0.27201184021408964 0.2796281347993382 0.28498354856640706 0.28714054424975827 0.287140563893958 0.287140563893958
0.17485680577039572 0.19826999408857404 0.22646055645893937 0.25368893353587396 0.2742570725093363 0.2851028414528745 0.28626356277063597 0.27944009002295556 0.2669741123166697 0.25109194960703113 0.23355316519847072 0.2155823980085003 0.19792068932110654 0.18083222719175684 0.16446025547022763 0.14883422189181797 0.13390332780251157 0.11958405178056786 0.10579742798515829 0.0933086623345222 0.08257908567247607 0.073604314679553 0.07601970891375906 0.08739988506309533 0.09901040080450521 0.11083761234678906 0.12328723227855774 0.1363434341568442 0.14996375817519353 0.16406793554872995 0.17853320294162445 0.19319243509956352 0.20783418829813344 0.22220468504270605 0.23601205982839804 0.2489331882102503 0.2606232695702554 0.27072809046310803 0.2788986143795143 0.28478915769415186 0.2871362874732113 0.287140563893958 0.287140563893958
0.16756417757943018 0.20060221868326475 0.2357854511338684 0.2670668564606792 0.2877690695521555 0.2953391721972614 0.29127277095949594 0.27889314038130003 0.2616312060174224 0.2421763336897479 0.2223277674613728 0.20305244158045055 0.1848114322437447 0.1677825645413041 0.15194156065045628 0.13716178071427274 0.12328229733047805 0.11015473468435229 0.09768057349892091 0.08652697529891365 0.07740825146957019 0.07125875871388458 0.07396471147220104 0.08413835566208692 0.09592196863774625 0.10784939131169727 0.1202192504742733 0.13329773800547887 0.14700682366008652 0.16124836738005824 0.17589055968589992 0.190761677925707 0.2056477238488577 0.22029299976295502 0.23440349515894457 0.24765318716504664 0.25969331857878014 0.2701645283071894 0.27871145009938436 0.2848481660344219 0.287138389753015 0.287140563893958 0.287140563893958
0.17906376672826885 0.2173552138595988 0.2576304386660588 0.2917348890348338 0.3103667608022661 0.3111862861369112 0.298736276660798 0.27877771158673337 0.25578702169438744 0.23248596305323982 0.21035314005391278 0.19005144958015766 0.1717410087764263 0.15530526276170475 0.14049913468437938 0.1270439128653595 0.11468796042750751 0.10324855934371918 0.09263900340259813 0.08363006306545914 0.07727559909176011 0.07471471272414722 0.07790762394097703 0.08598987051291569 0.09674848324174118 0.10853930472833648 0.1204598217681726 0.13314463806630447 0.14661875940792357 0.1607325004175867 0.17532385803710684 0.19020254578914397 0.20514254312791994 0.2198798093365349 0.23411397276501414 0.24751359217559757 0.25972479734152043 0.27038304697705456 0.2791275410981974 0.2851453336432728 0.287140563893958 0.287140563893958 0.287140563893958
0.21487836330394808 0.251378690478403 0.2947989431685395 0.3308660733724745 0.34375876024856655 0.3318796339771033 0.3067567157845396 0.27718707121641556 0.24785556698154024 0.2208862032532693 0.197043043412452 0.17638286376423873 0.1586115244338202 0.14328910470699366 0.12995018824369575 0.11811434247339782 0.10746438843320914 0.09784016937397157 0.08921444808437484 0.08244562369665784 0.07849708003344134 0.07806279727692528 0.0820170516775478 0.0895738729930108 0.0996646007448088 0.11123006004287218 0.12322283840094685 0.13544198147087372 0.14858997514661051 0.16241586949909717 0.17677042907978127 0.19148092295772887 0.20630457344285527 0.22096534884559782 0.23515397993023393 0.24853213235925573 0.26074033681307507 0.2714092872103657 0.2801342643368502 0.2856294125858439 0.287140563893958 0.287140563893958 0.287140563893958
0.25424145046908864 0.29355469546939195 0.34369327200829974 0.38598627741681607 0.3863307943723216 0.3521596755089933 0.31051985130167725 0.2709735299783992 0.2361734181639956 0.20664697586214195 0.18210371059340183 0.16191067271251777 0.14531774485958923 0.13147444947847375 0.11972140020355554 0.10960430974012259 0.10078841127025369 0.09307405548225893 0.08641761330276891 0.08173466468482657 0.07974676319232972 0.0808889667731383 0.08571962891002426 0.09349802892789306 0.10346968115361216 0.11499001655428209 0.12721319465922648 0.13928795502714408 0.1520556872391294 0.16569151451712127 0.17990269929403724 0.19436319561038237 0.2089415276418541 0.22341946472865032 0.2374610911642105 0.250687911661808 0.26272579768861515 0.27323381344993586 0.2814944567258661 0.2862088506056573 0.287140563893958 0.287140563893958 0.287140563893958
0.28781031851728855 0.32912007474678656 0.38639970064650486 0.4537943038610055 0.4224184177147575 0.35923272222652114 0.30372190237932056 0.25746945366224194 0.21973356645128977 0.18945899480072909 0.16548415156660196 0.14658360667697534 0.1315048535674357 0.11937978731270023 0.10949445602476149 0.10129471990573206 0.0943928878163372 0.08856019377551078 0.08376535390097158 0.08097114381190923 0.08066138889128797 0.0831705609517281 0.08896264914163102 0.09731593877999889 0.10753406142753939 0.11915857454094664 0.13152937422418995 0.1437965025535857 0.15600639644515962 0.1692463042999468 0.18325063226593827 0.19768659313643744 0.21216049484708688 0.2263505211866902 0.24018772694192245 0.25330962991109607 0.26529980704028094 0.27565411273071094 0.28304626259822996 0.2867539529243686 0.287140563893958 0.287140563893958 0.287140563893958
0.3084688898026541 0.3437270484852016 0.3883003381643644 0.4259753492116913 0.39861342960457213 0.33875113283261404 0.28264771167779423 0.23595794134187673 0.19870134225742775 0.16967866442164203 0.14735860904513445 0.13024268424894964 0.11718651117706919 0.10717161003009373 0.09937156819743068 0.09317392603876042 0.08816743887943608 0.08411326895984246 0.08106818844907489 0.07999258891304188 0.08119014194510821 0.08497774066964593 0.09175370725542017 0.10069925931845182 0.1112181406197269 0.12301623575472864 0.13555775500328157 0.14808968233504458 0.1600073842312583 0.1727463815163131 0.18640559607046284 0.20066519593772264 0.21514089300979808 0.22937590824458173 0.24291857207763562 0.25576152578033695 0.2675698049009403 0.27736760318741177 0.2840258569109252 0.28694436110343396 0.287140563893958 0.287140563893958 0.287140563893958
0.3143879067345398 0.33671844819680546 0.35791523480744336 0.36434505710199144 0.3416442712546004 0.2983114524190131 0.25100211541327266 0.2088201420507682 0.17465441859646874 0.14814705164043054 0.12813434150699818 0.11344941332319608 0.10283996883757611 0.09517361993136825 0.08955378935858453 0.08533816094920663 0.082099527487643 0.07963799090247183 0.07823348299467604 0.07873052395323177 0.08133057342881457 0.08626234226289929 0.0939127844688075 0.103419289899531 0.11430961384596829 0.12635108226492098 0.13908706585262304 0.1518411385693664 0.16377387209258956 0.17595701933047006 0.1891817988934128 0.20314740005419285 0.21748481273929898 0.2317479421000258 0.24541211143145253 0.25795496290888303 0.26915708027154184 0.277959638113236 0.28369337830973 0.28586680539046205 0.2866473270754798 0.28708431606150153 0.287140563893958
0.30920087127147466 0.31818365534265886 0.3218091706584539 0.3134538278217759 0.2896528431343087 0.25497945881398376 0.21622374178611473 0.18008809799298156 0.1497472374785099 0.12613096176998853 0.10889231681240454 0.09696419124378054 0.08896239151372876 0.08356005441541843 0.07987028886424367 0.07731365882394466 0.07555589320453027 0.07443869593974062 0.07456605044797997 0.07643459337418251 0.08017254909199423 0.08615143023272144 0.0947521160373837 0.10502187853391962 0.11655367397583825 0.12904888920319327 0.14199699390402787 0.15491696557569543 0.16702541387982045 0.17866043234565757 0.19139854046015056 0.20498986768553862 0.21908453039799722 0.2332515193983478 0.24697551026587006 0.259496423849428 0.2696190956695899 0.27726051603485724 0.28191541453676333 0.2837690548344028 0.28518838297105636 0.28629686264163523 0.2869784662545752
0.2979565436235762 0.29634292183532107 0.2887909214768191 0.2726043642040854 0.2475074829748375 0.21673288886060782 0.18403781651542772 0.15288109868245628 0.1260646279376341 0.10519466744179247 0.09054414964548717 0.0810938037320592 0.0754288431915708 0.07213984955742477 0.07024375794785273 0.06918628959168878 0.06869819792855394 0.06880027968066987 0.07019816727355034 0.07307032599513763 0.07771447747297482 0.08455250626526173 0.09386429188067998 0.10469332962856702 0.1168175584583112 0.12998115255404133 0.14368510783955085 0.15715947745708264 0.1694424440978766 0.18067253805891284 0.19289812641713394 0.20606383926408098 0.21984099300126195 0.23381651893027766 0.24733924776303645 0.25926122574274335 0.2687033498499155 0.2751036900523969 0.2785938082535069 0.2808168401744103 0.2828843053077263 0.2846725049691986 0.28605683355993333
0.2845424931782561 0.27538215366038715 0.2609760172294189 0.24052018053967583 0.21473479690144529 0.1859725331320515 0.1570796283471375 0.12933389656454128 0.10515398260102574 0.0861095605843945 0.07323017898461726 0.06617334971178135 0.06297539234824036 0.06173138175676803 0.061403747547815676 0.061552389706694535 0.06202435402400283 0.06316979361799036 0.06542529320575673 0.06903531832916271 0.07434809968179328 0.08182585929155974 0.09153254244842168 0.10265940523208467 0.11513310720720599 0.12873532243880192 0.14301472468936602 0.15725036129022818 0.17044942198763782 0.18184644006839307 0.19355793622883666 0.20626764583132948 0.21967582991620963 0.23318879289124708 0.24590378042696515 0.2570522291154269 0.2658077582216435 0.27134109786782384 0.2743067334255272 0.2771453384847876 0.2798661114884886 0.2823368838458112 0.28442491800430636
0.27135370503209766 0.2571331369137366 0.23866007285293575 0.2160131657106092 0.1901825023557031 0.16294957457045037 0.13607936758879943 0.1107262256674833 0.0878017326589988 0.06939722680896908 0.05765428637432476 0.05323799652731028 0.05261042914953921 0.0531143216078733 0.05393045148420005 0.054867337611739946 0.05600223432210516 0.057832824939168005 0.060637644814262634 0.06471590336319272 0.07045058611182652 0.07833430346294358 0.08806994183516954 0.0992270774502533 0.11179079541693929 0.12557682061322403 0.14017661413707685 0.15491603159889628 0.16884376948448523 0.18105219436255912 0.19319580359873148 0.20551505910798162 0.21819654519963566 0.23075226098232507 0.24253987032036134 0.2528198513961048 0.26079212983989974 0.2658265142461207 0.2694377608882113 0.2728971777009828 0.27627252072714653 0.2794234919332851 0.2822098319671862
0.2596866012607492 0.2422628791537867 0.2215433971868293 0.19800870462802156 0.172668213691997 0.14683192021485184 0.12128625089105612 0.0971307959827871 0.07547057147164014 0.05714867631452759 0.044244187883149134 0.043673295307748966 0.04534590969425457 0.04684938775570918 0.04816154766122176 0.04938826843128977 0.05090723731416525 0.05306488888393754 0.05612753173112122 0.06041743745828265 0.06634056593066472 0.07429782123443296 0.08377945872537194 0.09471985303331437 0.10712730241741891 0.12084709620772578 0.1355077201417359 0.15047851101224763 0.16485299450122698 0.17768769300071155 0.19041518417898642 0.2030245065907285 0.21487857833663604 0.22642149699556635 0.23722475939982737 0.24657597896743677 0.2537175510814186 0.2593817837111249 0.26413160174224776 0.2682205770178453 0.2722478768075401 0.27607139690355054 0.2795442018742222
0.25013477249168825 0.23085452189946223 0.20909719888119915 0.1855177520501142 0.16106821886768696 0.13631910896197472 0.11166630085297787 0.08885575131176687 0.06907409525606632 0.05277135356934723 0.041862090338804635 0.04047823092224772 0.04169079969008014 0.04295471022290134 0.0440790586068305 0.045259108684670056 0.046821092961918255 0.04900240216057268 0.05206964269461558 0.05634867894820274 0.06225754505458433 0.06990675794138006 0.07892830032290774 0.08944660198894307 0.1014893048911387 0.1149236148342461 0.12940619612794366 0.14431933688354084 0.1587165768886159 0.17162983491145875 0.18451428544274115 0.19742047094405174 0.20954077080349068 0.22021249108158952 0.23000512946113935 0.23840012579716602 0.24566864766931196 0.252434542506061 0.2583637004547487 0.26326794270460585 0.26794039157504357 0.27242318477377775 0.2765638801620946
0.24285928401518408 0.22268809938353185 0.20070075919536057 0.1776184945110526 0.15412309025631066 0.12985415077614343 0.1063267504551356 0.08512203338043173 0.06732128342147628 0.05373591026951691 0.04512910132855179 0.041530069477757836 0.04071200115362739 0.04082750101037178 0.04132242241935784 0.042228530911539275 0.043599843024564 0.04561278339389718 0.048510455592025895 0.05261429548887578 0.05829568025252559 0.06531864312824837 0.07372288683307934 0.08365636756216088 0.09514738138639597 0.10805149239281407 0.12200630934203108 0.13639868096309835 0.15035277791826515 0.16303123340773817 0.17589449456952128 0.18890422918723715 0.20130624073782638 0.2121549685886767 0.22099921576011292 0.22927711804215017 0.237475946545888 0.24526432186406372 0.2522890532926241 0.258194889548104 0.2635006514118614 0.26862306244109224 0.27340575757006064
0.23775798546770305 0.2173850062184453 0.19570583429307392 0.17342629620780609 0.15021797171804666 0.12654304116486845 0.10413169218973536 0.08434778627986717 0.06807784868419699 0.05582335358061456 0.047713062854091534 0.04311696405687573 0.040782972873567705 0.0397419640217376 0.039600469323982646 0.040039679416826464 0.041050064777889854 0.0427466592810567 0.04533457071433853 0.04911743375394924 0.05418182458438501 0.060415679242413166 0.06806454314159176 0.07726945665752152 0.08804378516355632 0.1002218718470112 0.11342783931727737 0.12705954617393017 0.14028739692577757 0.15249966476410987 0.16514153925004854 0.17804169739045497 0.1905133011565041 0.2016731356370236 0.21130612078916464 0.22034459528237405 0.22940546860499067 0.23813767670741812 0.24616944911773608 0.2531222138084465 0.2590802400715883 0.26481499227085437 0.2702055797769166
0.23467921124545751 0.2144870727702909 0.19347200777962859 0.17164262712435127 0.14861362097548825 0.12554065173934187 0.10403789259277069 0.0852611750872321 0.06987614814175952 0.05810689845525431 0.04979781585890288 0.04441174265876782 0.04120701547520521 0.039513073571526856 0.038774708042450215 0.038714804849187746 0.03929776174139106 0.0405991238147173 0.04279022808775091 0.04604696392961759 0.050217131434533574 0.05552405112942406 0.06224423134118854 0.07056068002095026 0.08049526368362529 0.09186449402958412 0.10419274038844817 0.11687360902782691 0.12912789295761384 0.14069453184973363 0.1528976729655352 0.16546437741389125 0.1779390715719226 0.19024218659999262 0.20173913980681854 0.2118453181132929 0.22170851038370692 0.23130785884863825 0.24025407209750743 0.24815392265932906 0.25483021542082784 0.2611406587909222 0.26709563054942936
