_RESULTS/CROSS_VALIDATION_POSTPROCESSED/Berg/TZ/1comp/2/Berg_TZ_z_180_kriged_reverse_1comp_spherical_2.asc
ncols 100
nrows 90
xllcorner  5.6208707817415728
yllcorner 50.959635321741573
cellsize 0.00013419651685393446
nodata_value 1.7014100000000001E+038
[rows 38 to 56 of 90, columns 0 to 43 of 100]
53.31588136727353 53.18810713534259 53.04466689733671 52.88721435857522 52.72027987234853 52.55183786360394 52.382670711641524 52.21998368621583 52.07958062460156 51.9757207726107 51.911868527322426 51.86337251376092 51.82168470871842 51.78021213933184 51.73225134501781 51.67164022236865 51.59271295922968 51.489932871277645 51.35744431767662 51.188656422156775 50.975912743946864 50.71031124060428 50.38192149811276 49.98529336268497 50.075421676939605 50.55098894487615 50.94670122282031 51.317819585560564 51.66916092490311 51.99060909591741 52.28027321115689 52.542990096685486 52.775849830056686 52.95996287132615 53.10260533486858 53.21018564179436 53.31363970038978 53.43825510114076 53.57709419694554 53.72502008637198 53.87848210105308 54.03508616329784 54.193135738394496 54.35430193012879
53.224983967208495 53.076093490508356 52.91102422041307 52.726029951070515 52.52472015920912 52.31633450071753 52.10503622254004 51.90442845211013 51.74127028675761 51.63880568762609 51.58988344815016 51.56540976902966 51.55307429465862 51.54020008082831 51.516234164133344 51.472995506725624 51.403876925177215 51.30289744535885 51.16397423306944 50.980615517069936 50.74648816506504 50.4591045047358 50.13468942360627 49.861842532317915 49.897142028136685 50.22256748583781 50.59483406141295 50.97415505719466 51.360779503113505 51.73024362173637 52.07449188466049 52.38321272635791 52.653677924187534 52.88528996007115 53.05903653684489 53.19012522388156 53.30144314498758 53.430625626834086 53.57337261920841 53.72439670340334 53.87997540903785 54.03748619841817 54.19494026851547 54.35415381765792
53.138663359297944 52.96600988659921 52.77129425870669 52.55236814279921 52.30595032549195 52.04060275449357 51.76540041514704 51.50406119848652 51.30543230821911 51.2099428636491 51.1925636074057 51.217882311031225 51.258734905294325 51.29336468337874 51.30764861351154 51.292873540631014 51.24312431262279 51.15348801263687 51.019178814344535 50.83570586719042 50.60200257085843 50.32774604574012 50.044589317472266 49.83514938303032 49.81336040906726 49.99361868042816 50.28569204115488 50.63629906048378 51.0472189596068 51.47487521799018 51.87783744248592 52.23541564798111 52.54308830799764 52.80467650066666 53.024597584408674 53.190623978990814 53.31427180582321 53.44260315274252 53.584064822882716 53.733329906305784 53.886541660992 54.040865094085014 54.194060529834275 54.348275595228024
53.06188940932599 52.86568754442823 52.637988204883 52.37403709598284 52.07053344298465 51.72652711978613 51.35364981497473 50.98984193968232 50.73095797429611 50.654858913059776 50.711820766986705 50.83192236082077 50.95942079916907 51.06316613659425 51.12936944092182 51.152481437019745 51.12987853906608 51.059427282224426 50.93874594461337 50.767050202233335 50.548796642601076 50.29443317560898 50.033351805519054 49.822016449370125 49.72778662173574 49.78530489047422 49.98073272742442 50.29519021163487 50.74173078208965 51.234332559320336 51.70123801280712 52.10935590123237 52.45318266214395 52.73964590109779 52.97867268233897 53.178800665851 53.3339597663881 53.4681570177617 53.609066442282426 53.75410485908976 53.90113203843123 54.04850321797363 54.1942890644138 54.34112595587146
53.00022187923842 52.78324418666921 52.5249035177587 52.21437482521497 51.83964486963431 51.393337782716884 50.87689628533929 50.33257576739003 49.95588447399986 49.93966470418373 50.16341078891976 50.44640353585086 50.69573481928727 50.88425484331933 51.00912221037339 51.07364683661021 51.08124955555861 51.033824543280126 50.93259190568043 50.78125917060666 50.58214808303762 50.34303348860295 50.082964569354345 49.836094853505685 49.648628133992034 49.57120519384803 49.662640713400044 49.952281279079266 50.44904691411078 51.02288604642813 51.5603867413279 52.017683599121355 52.39294178103479 52.699028587253046 52.950397090132384 53.15884373373149 53.33293251345989 53.47863485728684 53.62127177621616 53.76528583513662 53.908777152724475 54.050018972726974 54.18784196634455 54.32569707358894
52.95904877917472 52.72718458473194 52.44596679001855 52.09862104401019 51.66187787200285 51.10667313238544 50.40491865183084 49.55339503485259 48.88832123423479 49.074643553249324 49.64230690935076 50.1490557157878 50.52931381474017 50.797133623529355 50.973196939512 51.07330231670861 51.107717404635366 51.08256169880444 51.00431339758757 50.87499860055458 50.69542156865431 50.468370448316605 50.200994227025234 49.90731414754423 49.61974822945081 49.39591185533372 49.34238911151373 49.59644342070315 50.18471373700765 50.86853646941575 51.478698973946514 51.97584379443209 52.37176954255671 52.68847509180933 52.945299796118825 53.1565021666228 53.331882956288545 53.477959558064924 53.61366919667141 53.75436105039838 53.892455842887124 54.026320138325545 54.155841644913394 54.28431701170256
52.94248727758857 52.7043911103878 52.41336128190714 52.04966429592718 51.58385479071054 50.97267513851242 50.15403416336327 49.00798748097693 47.44769961080814 48.43376104263838 49.40407684016407 50.06712139685734 50.52237164214062 50.83255820703169 51.03627245933554 51.157154092088184 51.209390670755226 51.20356864356813 51.14617331058153 51.03817698058487 50.87891628380468 50.66766772878226 50.40651747759368 50.09650909248202 49.74065298236503 49.3565266937986 49.049247708125755 49.22501890817143 50.010357082953085 50.826162204343774 51.4869802174736 51.99920454374842 52.39725387294333 52.71184628846872 52.965429364793096 53.17329335779783 53.34553695802118 53.48873081980945 53.608131711186005 53.72808209155229 53.853195415792165 53.97770655625048 54.0987274456891 54.21757326430533
52.952320734390476 52.7179421343083 52.43278237814851 52.0789088363727 51.63067876231449 51.053760898006196 50.3111566266955 49.39682140023262 48.645467409936735 48.98594162061241 49.6965505302988 50.27505221669198 50.696717827061754 50.993364201521295 51.193382036577674 51.3165447990079 51.376425453381735 51.384661599602566 51.345713530364876 51.26124916562378 51.1311987822012 50.953843919861676 50.72538786295576 50.438721328700595 50.08111495366664 49.6307852638637 49.05357613970561 48.99516458988371 50.11979352516096 50.97090430430149 51.61015815890786 52.09567389458362 52.47172229704231 52.76964250341499 53.0106905873459 53.20893347121528 53.37355738997579 53.510513455175655 53.62361977760472 53.71899674371806 53.817804772836986 53.91905945895736 54.023375238876035 54.128362433796106
52.987481184408914 52.76598726695341 52.50078885844175 52.17941188721459 51.786884968771105 51.3106819740745 50.759152449875685 50.214684150097554 49.89222054381381 49.99188798219111 50.34117648453201 50.71725186196592 51.03189053818177 51.27077465165747 51.440226336752225 51.54951343686117 51.60902679958489 51.626125757947584 51.60370788408344 51.54318795481462 51.44461092303545 51.306620511562265 51.12625797321505 50.89877757009873 50.61859936553398 50.287402442423634 49.969145501858414 50.04169835258993 50.66953824980565 51.31381902445348 51.84030453702457 52.25740472003224 52.58959935669941 52.85811062819102 53.07851923596204 53.26159635962273 53.41457729863522 53.54223442647048 53.647653426333896 53.73275794539533 53.80389075389499 53.87975902428107 53.96192975942565 54.04672447152521
53.04436331385949 52.8424341465633 52.60643465391269 52.33016619548162 52.00918426898593 51.64730120602391 51.27106565236848 50.95172350774789 50.79571781704985 50.8401103322383 51.01365793618573 51.23382506022666 51.44240250833462 51.614690540826444 51.74432587532808 51.83250143650782 51.88528812607738 51.90549914096724 51.89479246986054 51.85425960507568 51.78439684530024 51.68521554171933 51.556634230338716 51.39974719243748 51.220817136786145 51.04314992154679 50.93426956958188 51.015829428633474 51.33813728534028 51.74626862732071 52.13083308922274 52.46138045817494 52.73835767638616 52.96987350388007 53.164244544801484 53.32811509483479 53.4663121157262 53.58215665179269 53.67782542606854 53.75464753217564 53.81367727928854 53.86473267862888 53.922610581568875 53.982764799276154
53.117793743877186 52.93897752208092 52.735805172251645 52.506995493162734 52.25471413147841 51.98930042600989 51.73624720203212 51.54076542829817 51.45661987229556 51.488867608285325 51.58690886531584 51.717699758643995 51.851437516445145 51.969540347442255 52.06324069230386 52.13084659404258 52.1745496794361 52.194618933950935 52.191720304167156 52.16666080141009 52.12032796309879 52.05389400903169 51.96943193504572 51.871361630062786 51.76950722802749 51.68428022536321 51.64991677810241 51.71286225333655 51.90212908601168 52.16036108554124 52.42996268906598 52.68083087096998 52.90302578453001 53.09590956615767 53.26202859443333 53.40445515555372 53.52581149815736 53.62802118635356 53.71234100516396 53.77947032174705 53.8324722979859 53.875176470264016 53.909657697362256 53.94053128445799
53.20216686364616 53.047252809627246 52.876201817914435 52.690676788886 52.495677677117726 52.302085629542006 52.129051190211484 52.003312755953345 51.95151770099973 51.98037768925573 52.04660291224481 52.13116672862101 52.219712223873984 52.30096998202601 52.36794998995563 52.41922485185593 52.45454406916341 52.47320354788458 52.47529037985862 52.461392904795325 52.43255002230115 52.39043359250929 52.337830416488394 52.279541642010294 52.22370571107705 52.18284913348409 52.172208268802656 52.22058708216045 52.343999175398906 52.516198128228595 52.707257972424074 52.89586095107921 53.070780455364485 53.227691131325535 53.36592229587966 53.48626369188848 53.589762445251054 53.67722617040573 53.749101792234754 53.80664558171413 53.8542522230297 53.89227981455649 53.920269421563326 53.925631967955525
53.29231298231591 53.1602113683769 53.01814995513768 52.869133897973676 52.71871195893638 52.57606770523301 52.45444477846768 52.36962383243438 52.335564253998534 52.35762705893438 52.41051691044893 52.47237223509703 52.5357775672823 52.59446432601437 52.643949499366535 52.68369142340199 52.71258332459833 52.72970261914438 52.73489115820601 52.728577855444634 52.71174406521253 52.68603344320238 52.6540116147954 52.61954694826013 52.58813952389762 52.56669827487684 52.562909904704945 52.60237589327714 52.68992894836254 52.81213902495161 52.95225619170709 53.0957940682504 53.232907707222445 53.35841864952715 53.470580546608005 53.56928564819577 53.65474643646688 53.72699681841957 53.786293370365776 53.836366119274714 53.877904575287076 53.91061518164312 53.932403935644004 53.92818325463313
53.383937399224244 53.272572154679075 53.15549968021245 53.03607801076882 52.91937751985181 52.812524233224636 52.72448033513377 52.66479056919149 52.64122376634474 52.65716581330078 52.70000498697911 52.7512554160438 52.801595132669654 52.847482006271704 52.886487398565784 52.91881725875286 52.94335360292257 52.95927650448667 52.9663773688085 52.96497154100197 52.9558758935972 52.94045342823254 52.92070825606232 52.899375004264485 52.8798694326096 52.865871789488416 52.865207581416044 52.89851774009041 52.96501081374652 53.05702890948131 53.16430701011391 53.276378055228555 53.38440814580673 53.48316681979854 53.57144418251302 53.649532992307044 53.71739605603479 53.77479191102073 53.82452911931007 53.86716303440191 53.90220758792289 53.92916272940397 53.943734291791536 53.93062145623277
53.47370131341451 53.38066853390059 53.28464602597018 53.18884517349992 53.0975436087878 53.016105638373624 52.9506348525518 52.90711467609944 52.890128149680834 52.90160666005278 52.93689601769308 52.97927196625805 53.023286578824056 53.062603482643745 53.095895860097365 53.12391190055939 53.14581318196804 53.16099120324951 53.16927541834049 53.170901045777484 53.166494624209726 53.157078385515234 53.14407626359435 53.12927947844061 53.11469939521506 53.102237443245315 53.10498525346926 53.133801301736796 53.18689051310093 53.259633788552996 53.34545140067585 53.43633267775879 53.52274829050155 53.59823756046387 53.66439928204587 53.72322677871758 53.77481346888688 53.821240234498646 53.86239874961248 53.89752429863748 53.92590303250544 53.94685695694562 53.954011498251155 53.932792374666064
53.5590994560972 53.48205804247213 53.40362935065174 53.326678999942764 53.25469681901539 53.19170370678972 53.14194092711505 53.10931333828639 53.096678298503754 53.10521012754531 53.13389506194935 53.17044944329838 53.20769045456129 53.24358112149482 53.274284820394 53.30016691741095 53.32072286444583 53.3355630526292 53.34458356410355 53.347962813900374 53.346152188442666 53.33986116589605 53.33002525145054 53.31773243443245 53.30407478875052 53.292620572958086 53.29819150879147 53.32334185064461 53.36691446010467 53.426080193567614 53.49681126949465 53.57401409226824 53.64672434666235 53.69937850155206 53.74504355072459 53.787489355977904 53.82787371872156 53.865138847212144 53.898175800194736 53.92600866238099 53.94776451591103 53.96263604225475 53.962783132396616 53.9343899808805
53.63826619249543 53.57512430479093 53.5114318291747 53.44966553503138 53.39264315775476 53.343406739310225 53.30498291643288 53.280026787322676 53.270414339473206 53.276901954978584 53.29897702831974 53.33206054598053 53.36486186815682 53.39563618552062 53.423827009725045 53.449052402442746 53.46919120995918 53.484015666387975 53.4934896720047 53.49775057899719 53.497103098988084 53.49199764164736 53.48298653785308 53.470645945118534 53.45556892380071 53.44786080435389 53.45471020023336 53.476482052319454 53.512354883054414 53.56041914736295 53.61795287321014 53.681612800564885 53.74256763171007 53.77785991067034 53.810704883148354 53.84367522779372 53.87545318412479 53.90473968411774 53.93037461878761 53.95132471720634 53.966652269630764 53.975480886180705 53.969414343170996 53.93488481923935
53.70978588071743 53.65876207062076 53.60751592819546 53.5581618578094 53.51298010641796 53.4743100574306 53.444375288103615 53.425054322712576 53.41763886159864 53.42264205497722 53.43971660202056 53.467678698139395 53.4983750707169 53.526069792043074 53.55058171894965 53.572787295351944 53.59202556148725 53.60706301665951 53.616802683648146 53.62133702507992 53.62085261150569 53.615593256148195 53.60581579239636 53.591718390578016 53.57770412568672 53.573658897973495 53.58078550539048 53.59923037855173 53.628274703400145 53.666324460268285 53.710856602069015 53.757867532458334 53.80111041116287 53.83521767480255 53.864167014051844 53.8911316041634 53.91625985111885 53.938802913444064 53.957823834231675 53.97237657919265 53.98154484005113 53.98443819988316 53.973103299976735 53.93509333993958
53.77253720928445 53.7321568575427 53.69155107311826 53.65252298976184 53.616935391370845 53.58662327960451 53.56326885329958 53.54825174357902 53.54250060231921 53.54638010813976 53.55964370357441 53.58146572785248 53.609746184089026 53.635978073334854 53.658277913613986 53.67776238851953 53.694095709536036 53.706736691950105 53.71521753899058 53.71915667589131 53.71810681824418 53.71173067486811 53.70004819203801 53.68484690617069 53.6753450777804 53.673683934538275 53.680447677259444 53.69561462515906 53.71848905460398 53.74806059305443 53.78247154391931 53.81868554924593 53.852841698768664 53.88238115514461 53.907724062122206 53.93008784983168 53.94982432637844 53.966575134215844 53.97965682343408 53.98826242804946 53.99154174057451 53.98862453535771 53.973136877930315 53.93643671719771
