_RESULTS/CROSS_VALIDATION_POSTPROCESSED/Berg/TZ/2comp/3/Berg_TZ_z_90_kriged_reverse_2comp_spherical_3.asc
ncols 100
nrows 90
xllcorner  5.6208707817415728
yllcorner 50.959635321741573
cellsize 0.00013419651685393446
nodata_value 1.7014100000000001E+038
[rows 57 to 75 of 90, columns 0 to 42 of 100]
1.4446722266981051 1.4468919688934534 1.4491022881480484 1.451195394497022 1.4530716293438901 1.454642764567761 1.455835317937345 1.4565936008317955 1.4568822000785666 1.4566876320168594 1.4560189875105785 1.4549074961574324 1.4534050582288134 1.4515819059306776 1.449109369490445 1.4417061919856438 1.4285887025220825 1.4101546878230504 1.3867112977551952 1.3584615644093985 1.3254873548463741 1.2877317078215809 1.2449490102703138 1.1966034931746816 1.1425237384658928 1.0828035955299815 1.0179730423863311 0.949345333045149 0.8794739136098487 0.8124374281534607 0.7531766455990295 0.7098131729648427 0.6907308583417301 0.6996288587083624 0.7329707164603917 0.7831918003001099 0.8429757884018396 0.9068792679830948 0.9712563322572637 1.0337892157026523 1.0930593601407979 1.1482262178295672 1.198719068579164
1.4415595095322913 1.4432143841701253 1.4449060498321984 1.4465365171669458 1.4480158678923782 1.449265028210612 1.4502185076353293 1.450826887721106 1.4510588348447289 1.4509024369849806 1.4503657242870351 1.4494763173905882 1.4482802414503695 1.4468400311221021 1.4451594129024603 1.4396400662079967 1.4285769974776976 1.4123717339327881 1.391346506703743 1.3657353790870337 1.3356728983744486 1.301135800838526 1.2617802979820962 1.2175684570831398 1.1686190257030946 1.1152827864985666 1.0583471925608217 0.9993140546662109 0.9407200912328748 0.8863265306482835 0.8399835341401818 0.8069589635430068 0.7922493331207056 0.7980366979425141 0.8226803030384696 0.8618538008838048 0.9105460576599347 0.964385254751522 1.0200602936240855 1.075253704419637 1.1284188480939876 1.17855164011484 1.2249823915616047
1.4392349994934843 1.4403414679249735 1.4415319534219435 1.4427173143192298 1.4438162988518544 1.444757888415015 1.4454835687240013 1.4459493657371254 1.446127476991771 1.4460073488382321 1.4455960947545783 1.4449182128190958 1.4440146307280828 1.4429411720271972 1.4417665861582705 1.4383458455739033 1.4295930599687174 1.4158838000961822 1.3975617079812128 1.374897406987952 1.3479849209908805 1.3166727710192747 1.2810806662566674 1.241394467546248 1.1979208999067992 1.151201206204979 1.102170087509355 1.0523494204127226 1.0040342532950144 0.9603755589715322 0.924377981036065 0.8992206375757443 0.8880208270317165 0.8921723633199534 0.9108630036970399 0.941526022873896 0.9808150209657847 1.0254584772141442 1.0727117949775704 1.1204712913421515 1.1672079323103877 1.2118388787226753 1.253597477153673
1.4378095589883744 1.438385383436383 1.4390929358817839 1.4398510719405277 1.4405862539091474 1.4412345460136244 1.4417435109829844 1.442073885612099 1.4422009095087542 1.4421151966627903 1.4418230727496877 1.4413463473855392 1.4407215421748978 1.4399986434088128 1.4392394845768435 1.4376701242281757 1.4314509579548995 1.4204617438125515 1.405066385739702 1.3853468069524932 1.3614207392320095 1.333519024380918 1.3018952153997045 1.2668664535043255 1.228875661510434 1.188579509351596 1.146964545341181 1.1054564249982353 1.0660037122362027 1.0310882061022377 1.0031808742971209 0.984072655769378 0.9757194805030074 0.9790349717169131 0.9935924705100377 1.0178165727249964 1.0494760326581933 1.0861984101028 1.1258209284729366 1.1665470968957556 1.206964308649132 1.2459899943321795 1.2827946883720658
1.4373798617024598 1.4374490348832658 1.4376922690358893 1.4380410237517107 1.4384286594907223 1.438797492572819 1.4391003962498043 1.439302193642588 1.4393807502470168 1.4393276854046815 1.4391486466352124 1.4388631244691972 1.4385038229184328 1.4381156356716756 1.437754304761667 1.4374158532837653 1.4339261129975136 1.4257090992316312 1.4129934994330717 1.396089339425411 1.3752974312076636 1.350927099866376 1.3233982824776584 1.2931816903580455 1.260703553129711 1.2265953452820122 1.1917702644401997 1.1574868404123262 1.1253716146362382 1.0973590477177841 1.0754433315474483 1.0607757886696103 1.0545061537100406 1.057262650513811 1.0688381324044143 1.0882048966013704 1.1138028918713931 1.1439254587339502 1.176908130560149 1.2112691761282122 1.2457593586642128 1.2793527822082447 1.3112092780880436
1.4373798617024598 1.4373798617024598 1.4373798617024598 1.437381120290609 1.4374370861973815 1.4375398055604844 1.4376468296924174 1.4377265530403394 1.437759124030228 1.4377370336795 1.4376653416639438 1.4375615237815633 1.4374549516822934 1.437386040850058 1.4373798617024598 1.4373798617024598 1.4361884186060827 1.4305228613897447 1.4205320206551408 1.4065770692587132 1.3892646292446438 1.3690106951451293 1.3460638762304635 1.3207572373883794 1.2935514128641972 1.265081947868443 1.2362037126413579 1.2080184935497675 1.1818650921292233 1.1592488231481486 1.141695733691783 1.130217893757624 1.1253255614638646 1.1274463474152165 1.1364616576335203 1.1517563954299328 1.1723675913759461 1.1970632431805657 1.224392626189878 1.2531444204726396 1.28224138579757 1.3107452259886314 1.3378444740215325
1.4373798617024598 1.4373798617024598 1.4373798617024598 1.4373798617024598 1.4373798617024598 1.4373798617024598 1.4373798617024598 1.4373798617024598 1.4373798617024598 1.4373798617024598 1.4373798617024598 1.4373798617024598 1.4373798617024598 1.4373798617024598 1.4373798617024598 1.4373798617024598 1.4373210083302552 1.434356121411038 1.42741423623626 1.4172424096096994 1.4040659811791665 1.3881119269866165 1.369654312602992 1.3490453010831225 1.3267482051423019 1.3033694721126894 1.279683045036549 1.2566367563544933 1.235327889685016 1.2169365025079062 1.2026134223913203 1.1932876355814555 1.1892201648912921 1.1906255830518488 1.1974374558361949 1.209247158716619 1.225391046450943 1.2450626899998576 1.267414740724617 1.2912849932361712 1.3155561887380327 1.3393881750062913 1.3620212940847298
1.4373798617024598 1.4373798617024598 1.4373798617024598 1.4373798617024598 1.4373798617024598 1.4373798617024598 1.4373798617024598 1.4373798617024598 1.4373798617024598 1.4373798617024598 1.4373798617024598 1.4373798617024598 1.4373798617024598 1.4373798617024598 1.4373798617024598 1.4373798617024598 1.4373887384989148 1.4373234509173372 1.4343644254789674 1.4282739603893453 1.4192734373100278 1.4076002216910923 1.393533669002843 1.3774214551354045 1.3597050818093246 1.340941376722475 1.3218145644236698 1.30313165715711 1.2857936592943442 1.2707378250177235 1.2588528849082457 1.2508789627614958 1.247183641151421 1.247749417089833 1.2525425870807727 1.2612924479368537 1.273538726436353 1.2887018978522704 1.3061517600826296 1.3252609241384479 1.3452147214427987 1.3648000134647686 1.3832929954022162
1.4373798617024598 1.4373798617024598 1.4373798617024598 1.4373798617024598 1.4373798617024598 1.4373798617024598 1.4373798617024598 1.4373798617024598 1.4373798617024598 1.4373798617024598 1.4373798617024598 1.4373798617024598 1.4373798617024598 1.4373798617024598 1.4373798617024598 1.4374215546985605 1.4382203940856118 1.4398975039429167 1.4409808774410058 1.4390468860233083 1.4342577902465334 1.4268485570732856 1.4170879290763918 1.4053013842698399 1.3918916555225738 1.3773539289669092 1.3622814174495643 1.3473563244565192 1.333322015906435 1.3209351218515213 1.310901295998319 1.3038043499273937 1.3000404706970814 1.2996328341689078 1.3024897007181118 1.3084412897694238 1.3171733242325914 1.3282720844215854 1.3412699449735248 1.355683011082198 1.3710366885569603 1.3866911249309384 1.401362388270059
1.4373798617024598 1.4373798617024598 1.4373798617024598 1.4373798617024598 1.4373798617024598 1.4373798617024598 1.4373798617024598 1.4373798617024598 1.4373798617024598 1.4373798617024598 1.4373798617024598 1.4373798617024598 1.4373798617024598 1.4373798617024598 1.4374189804091977 1.4383209947735276 1.440279672695757 1.4431083867198222 1.446614257087431 1.4489093751652051 1.4483695306226747 1.445217611626513 1.4396997006162955 1.4321060252028566 1.4227888097706607 1.4121745543418085 1.4007673033609334 1.3891393535402352 1.3779070551978716 1.3676920503867933 1.3590720472063906 1.3525289652192516 1.348404503347762 1.3468624958759963 1.3478078160547295 1.3511170280643563 1.3565884667949855 1.3639356231772921 1.37281771917853 1.3828662466905381 1.393704390088598 1.404958506175963 1.4160143128831464
1.4373798617024598 1.4373798617024598 1.4373798617024598 1.4373798617024598 1.4373798617024598 1.4373798617024598 1.4373798617024598 1.4373798617024598 1.4373798617024598 1.4373798617024598 1.4373798617024598 1.4373798617024598 1.4373798617024598 1.4373854986074297 1.438196769796678 1.440257231793112 1.4433824128492074 1.4473795353921257 1.4520468180895758 1.4571701473975283 1.4609234017200141 1.4620362212115576 1.4607233211004629 1.4572301138106538 1.4518498707496967 1.4449357792807074 1.4369050025094545 1.42823189991317 1.4194288435595341 1.4110155058160059 1.4034804829104548 1.3972416297455066 1.3926124979138452 1.389781241401966 1.3887971575827658 1.3895557643451124 1.3919349754290942 1.3957518507046724 1.4007685814589608 1.4067114468023805 1.4132856393312325 1.4201849388697074 1.42709617769936
1.4373798617024598 1.4373798617024598 1.4373798617024598 1.4373798617024598 1.4373798617024598 1.4373798617024598 1.4373798617024598 1.4373798617024598 1.4373798617024598 1.4373798617024598 1.4373798617024598 1.4373798617024598 1.4373798617024598 1.4378965035618663 1.4398353338925747 1.4430443971587685 1.4473363205812515 1.4525130416200411 1.458364409745573 1.4646674486644191 1.4711867509270689 1.4765806831794352 1.4794600238574847 1.4800128204878906 1.4784669182423518 1.4750983675745477 1.470238726687559 1.4642728723530458 1.4576257398059047 1.4507387259081421 1.4440391567360913 1.4379081785977224 1.4326529226107314 1.4284876967828257 1.4255267125088378 1.4237857529097144 1.4231908097336294 1.4236406851594794 1.4249849058306034 1.4270295685988243 1.4295490669632918 1.4322943802547061 1.4349974130006944
1.4373798617024598 1.4373798617024598 1.4373798617024598 1.4373798617024598 1.4373798617024598 1.4373798617024598 1.4373798617024598 1.4373798617024598 1.4373798617024598 1.4373798617024598 1.4373798617024598 1.4373798617024598 1.4375539649336762 1.4391138325159938 1.4421521439691298 1.4464906530759236 1.451940377442036 1.4582991647287802 1.4653494282217703 1.4728564684644552 1.4805679657735857 1.4882154100677467 1.4951320249306654 1.4997081766744065 1.501938105007033 1.502016957000904 1.500190469228023 1.4967591874709747 1.4920719368542132 1.4865087002599424 1.4804558347247432 1.474278355700732 1.4682942835341672 1.4627550762788204 1.4578345182896526 1.4536265246245763 1.450150541003984 1.4473674067169422 1.4451998388047105 1.4435228762840078 1.4421696511439681 1.440938975175727 1.4395996037693877
1.4373798617024598 1.4373798617024598 1.4373798617024598 1.4373798617024598 1.4373798617024598 1.4373798617024598 1.4373798617024598 1.4373798617024598 1.4373798617024598 1.4373798617024598 1.4373798617024598 1.4373798695852713 1.438280474981871 1.440863614620346 1.444961950364659 1.450398752351948 1.4569849286816852 1.4645157511493652 1.4727675470367652 1.4814947959409444 1.4904283324849619 1.4992756813830852 1.507724840574497 1.515452872142691 1.5214317944310867 1.5249018288073926 1.5260216763596997 1.5250104991521238 1.5221486721188389 1.5177665476111517 1.5122240353245628 1.5058854278958476 1.4990936869551854 1.4921477478284466 1.4852857470596998 1.4786759207333195 1.4724151941685482 1.4665338459390906 1.4610072046677574 1.4557735776865837 1.4507169703505196 1.44568902750997 1.441482311619033
1.4373798617024598 1.4373798617024598 1.4373798617024598 1.4373798617024598 1.4373798617024598 1.4373798617024598 1.4373798617024598 1.4373798617024598 1.4373798617024598 1.4373798617024598 1.4373798617024598 1.437599006840823 1.4394254342903026 1.442973116721661 1.4480784019205653 1.4545674946956586 1.4622528161974502 1.4709288162115408 1.4803674442733785 1.4903137031972353 1.500482084377923 1.5105552207673096 1.5201866881559678 1.5290102194995887 1.536657075442536 1.542781304265458 1.5467820001671884 1.5481185237971908 1.5469990350551759 1.5437121053710188 1.5385995083757738 1.5320339932256681 1.524393431224606 1.516033318691073 1.5072619290206761 1.4983227012810516 1.4893859420845734 1.4805488329572372 1.4718409075414263 1.4632650448769342 1.455450993018966 1.448822485705042 1.4435659902488212
1.4373798617024598 1.4373798617024598 1.4373798617024598 1.4373798617024598 1.4373798617024598 1.4373798617024598 1.4373798617024598 1.4373798617024598 1.4373798617024598 1.4373798617024598 1.4373798617024598 1.4381566980450828 1.4408335258688494 1.4452731285035143 1.4513165843621076 1.4587943436009854 1.4675219374593897 1.4772948300770155 1.487882504484034 1.4990221244906503 1.5104126125191635 1.5217108110980884 1.5325325156688254 1.5424621727514791 1.551074813382039 1.557970563783813 1.5628150962715346 1.565372686937883 1.5655213743243361 1.563244810707321 1.5585585419200707 1.5517749535592162 1.5433088841415963 1.533578928066017 1.5229700191803026 1.511803567930018 1.5004081701475027 1.489220888964817 1.4785508904045377 1.4686653916931878 1.4597985199862658 1.452157657984068 1.4459294354267356
1.4373798617024598 1.4373798617024598 1.4373798617024598 1.4373798617024598 1.4373798617024598 1.4373798617024598 1.4373798617024598 1.4373798617024598 1.4373798617024598 1.4373798617024598 1.437431022708365 1.4389184024384967 1.4423572382625138 1.4476011134727178 1.454496590562388 1.4628794048385159 1.4725695696527576 1.4833652535461095 1.4950353408376758 1.5073108292848065 1.519875812054604 1.5323599670992694 1.5443364266690744 1.555331363083133 1.5648529077379052 1.5724427613571041 1.577738735773316 1.580515729072892 1.5806766637373053 1.5782165615149617 1.5732194382286284 1.565893218204021 1.5565846658108564 1.5457436250951653 1.5338610458029038 1.5214149742165926 1.508838853322774 1.4965099718953945 1.4847505505485143 1.473834849737526 1.4639981381157476 1.455445402921063 1.448358947646723
1.4373798617024598 1.4373798617024598 1.4373798617024598 1.4373798617024598 1.4373798617024598 1.4373798617024598 1.4373798617024598 1.4373798617024598 1.4373798617024598 1.4373798617024598 1.4376482130461292 1.4397608494740648 1.4438601279979357 1.4498050919055154 1.4574481228746359 1.4666308371884909 1.477178655437224 1.488893728844029 1.5015458764468406 1.514861347626999 1.5285098114850342 1.5420914328650714 1.5551289006959115 1.5670743871151958 1.5773473889790883 1.5854184561208222 1.5909260568221593 1.5937463623436774 1.5939079200021178 1.5914153421256567 1.5862343506968797 1.5784619524573977 1.5684320585989109 1.5566599930031828 1.5437254942861767 1.530183234123575 1.5165199699642082 1.5031447650376508 1.4903957941641184 1.4785530051041582 1.4678512610913237 1.458491835468985 1.4506517369577008
1.4373798617024598 1.4373798617024598 1.4373798617024598 1.4373798617024598 1.4373798617024598 1.4373798617024598 1.4373798617024598 1.4373798617024598 1.4373798617024598 1.4373798617024598 1.437947553286347 1.4405750074992003 1.445220454608986 1.451748103343854 1.4600159701509792 1.4698715575578776 1.4811459745733997 1.493645981381772 1.507143283480685 1.521360375115664 1.5359526090508417 1.5504875784044123 1.5644266514128036 1.5771219409643937 1.587857646044902 1.5959827091444643 1.6011601647630749 1.6035815351469105 1.6037131334027535 1.6015948909730973 1.5967755591802861 1.589002353111478 1.5785545263741505 1.5660600451294113 1.5522362948757045 1.5377430233202647 1.5231326003135068 1.5088495702042535 1.495248181720272 1.4826131163203802 1.4711778515011207 1.4611392765018274 1.452668784768267
