_RESULTS/CROSS_VALIDATION_POSTPROCESSED/Berg/TZ/2comp/3/Berg_TZ_z_0_kriged_reverse_2comp_spherical_3.asc
ncols 100
nrows 90
xllcorner  5.6208707817415728
yllcorner 50.959635321741573
cellsize 0.00013419651685393446
nodata_value 1.7014100000000001E+038
[rows 72 to 89 of 90, columns 0 to 40 of 100]
0.006441912406194104 0.006441912406194104 0.006441912406194104 0.006441912406194104 0.006441912406194104 0.006441912406194104 0.006441912406194104 0.006441912406194104 0.006441912406194104 0.006441912406194104 0.006441912406194104 0.006523736452751315 0.0068136824862753105 0.0073231171439304965 0.008078197254634777 0.009121237907110807 0.01051124416822273 0.01232414080234539 0.014651214177963145 0.01759338325537352 0.021247654715107676 0.02568085143401526 0.030885629771660386 0.03671767661356797 0.04282526479683967 0.048606015842493015 0.05325144536395182 0.05593228864378491 0.056093453442783624 0.05369866366189361 0.04923986798136068 0.04354164063498003 0.03743614225618308 0.031554401227971776 0.026271538448422272 0.021747096270610243 0.018000307186204188 0.014975960203055149 0.01257916840266869 0.010708559236902884 0.009271243854944454
0.006441912406194104 0.006441912406194104 0.006441912406194104 0.006441912406194104 0.006441912406194104 0.006441912406194104 0.006441912406194104 0.006441912406194104 0.006441912406194104 0.006441912406194104 0.00644726967310217 0.006604969582193106 0.0069844166297247925 0.007605249507887449 0.008506291030557108 0.0097471484420353 0.011410998167229637 0.013607688480949306 0.016475598331054702 0.020179299689416567 0.024897707989922004 0.030793988567978832 0.037954912992388685 0.0462874081531588 0.055373595174281 0.06432944269161164 0.07179208496576196 0.07621237644793113 0.07648085239565978 0.07252532256083374 0.0653535778095586 0.056499156732108556 0.04737108280223266 0.03891576323711459 0.03160153622214687 0.025552804307319522 0.020698291475594332 0.01688016015431278 0.013919320554294274 0.011648542093577996 0.009925987927110956
0.006441912406194104 0.006441912406194104 0.006441912406194104 0.006441912406194104 0.006441912406194104 0.006441912406194104 0.006441912406194104 0.006441912406194104 0.006441912406194104 0.006441912406194104 0.006470061847619534 0.006695985443323883 0.007156990721161855 0.007882349061884128 0.008923957214452442 0.010360028504700452 0.012300821097172232 0.014895898239375045 0.01834168551014347 0.02288639078512003 0.028825950448218608 0.036478510088217814 0.04611520882178814 0.05781360436122768 0.07119955277016687 0.08509444152943059 0.09726322865630668 0.10475088974115365 0.10521281672181088 0.09849026054145726 0.08673118281168146 0.07290613827740898 0.05937468674629527 0.047437202330795306 0.037546384333635795 0.02966360818628478 0.023531572747387333 0.018832972335881052 0.015267163504887996 0.012579602278226713 0.010567692193129766
0.006441912406194104 0.006441912406194104 0.006441912406194104 0.006441912406194104 0.006441912406194104 0.006441912406194104 0.006441912406194104 0.006441912406194104 0.006441912406194104 0.006441912406194104 0.006501606202057882 0.006785130215746368 0.00731685582383838 0.00813499852942692 0.009304052476624006 0.010920762674039429 0.013123282316797186 0.016103651405193004 0.020123237464132037 0.02552924818391455 0.03276673826469448 0.042372487539596666 0.054920811081428864 0.07086141508149298 0.090145934271014 0.1115249750961616 0.13161565411601567 0.1447404683478777 0.14557167672783128 0.13372338845079956 0.11414691418718016 0.09269230772717747 0.07305056242127808 0.05668241832257441 0.043738000334537654 0.0338028390398064 0.026306075022208695 0.020701981045258985 0.01653336209132255 0.01344149803136701 0.011155392975359269
0.006441912406194104 0.006441912406194104 0.006441912406194104 0.006441912406194104 0.006441912406194104 0.006441912406194104 0.006441912406194104 0.006441912406194104 0.006441912406194104 0.006441912406194104 0.006533291091667 0.006862060975831458 0.007450483127427827 0.008344358260177816 0.009619163540412735 0.011388218760918434 0.01381530334843433 0.01713269671621586 0.021665629656792956 0.027863386760456 0.03633466765048431 0.04787766144096091 0.06347748075625759 0.08420098623527686 0.11082079899921522 0.14279909023136972 0.17605673177767614 0.20014134699914682 0.20174696308414988 0.17977846773609615 0.14693891904666934 0.11448048270975934 0.08713242905116089 0.06571623188012896 0.0495463183272878 0.03756333076483011 0.02876322763264425 0.022323670920623987 0.017614109039392714 0.014167686285946581 0.011645794453604804
0.006441912406194104 0.006441912406194104 0.006441912406194104 0.006441912406194104 0.006441912406194104 0.006441912406194104 0.006441912406194104 0.006441912406194104 0.006441912406194104 0.006441912406194104 0.006558305495108724 0.006918282369382312 0.00754637484001319 0.008493916072387656 0.00984454957152708 0.011724146070030273 0.014316273811139452 0.017885004617274363 0.022807469281757066 0.029618960862746714 0.03907285593783062 0.05221438307982185 0.07045651127721379 0.09561442980532649 0.12976000915411384 0.17444855672337337 0.22776753431185703 0.2746447329430243 0.2781913841478414 0.234405569599282 0.18062311559353825 0.13464513072369166 0.09926643396727965 0.07312163180917088 0.05413889071825917 0.04045748552040604 0.030615409178772986 0.023526312041187603 0.01840530597622531 0.014693952463613089 0.011998480177414986
0.006441912406194104 0.006441912406194104 0.006441912406194104 0.006441912406194104 0.006441912406194104 0.006441912406194104 0.006441912406194104 0.006441912406194104 0.006441912406194104 0.0064420901755474855 0.006571912080777395 0.006947729271449101 0.007596129952251679 0.008571352205120007 0.009961376328514224 0.011898811727320553 0.01457797906437682 0.01828047041890843 0.023412524356046446 0.03055877908473999 0.040558186398461926 0.05460847550415309 0.07440390975889863 0.10230290398381221 0.14149510477924218 0.1960452620536265 0.27023853237748163 0.3617001270941446 0.37208273921439533 0.28077280917627345 0.20398972792087947 0.14725252749327067 0.10641614273160831 0.07732533962536405 0.056680680788123064 0.04203037026980255 0.03160836733239421 0.024164298640682272 0.01882157995902958 0.014969058733683914 0.012181949605298677
0.006441912406194104 0.006441912406194104 0.006441912406194104 0.006441912406194104 0.006441912406194104 0.006441912406194104 0.006441912406194104 0.006441912406194104 0.006441912406194104 0.006442082493738555 0.006571690928148719 0.006947256011314309 0.007595332580982866 0.008570111968756114 0.009959504421521718 0.011896010104280213 0.01457377468501036 0.018274103762982576 0.023402757157192068 0.030543555280144682 0.04053401703896624 0.05456928085733439 0.07433872714005199 0.10219101223147217 0.14129447379289903 0.19566012847568354 0.2693989832648219 0.35929551826268147 0.36929567862668655 0.2798356947327013 0.20356973958837915 0.14703618948806063 0.10629628851394299 0.07725583432972412 0.056639031031952815 0.042004759667114776 0.031592274874660126 0.024153995943828537 0.018814876327344847 0.014964638053251576 0.012179006280788874
0.006441912406194104 0.006441912406194104 0.006441912406194104 0.006441912406194104 0.006441912406194104 0.006441912406194104 0.006441912406194104 0.006441912406194104 0.006441912406194104 0.006441912406194104 0.006557680639400952 0.006916913014589006 0.007544053818281098 0.008490301300708429 0.009839098349594932 0.011716005176194498 0.014304096652019673 0.017866644748289626 0.022779459800911245 0.029575614771712822 0.03900467899692783 0.052105203255407136 0.07027812909122425 0.09531629371734865 0.12924860701026242 0.17354652814898522 0.22615480198922266 0.2720317882231645 0.2754808507558226 0.23267788777246567 0.1796546573887018 0.13409778520456325 0.09894842523302766 0.07293192804204308 0.0540230849942395 0.04038533952499497 0.030569636017904255 0.023496789988752032 0.01838598616019312 0.01468115486729688 0.011989930464569122
0.006441912406194104 0.006441912406194104 0.006441912406194104 0.006441912406194104 0.006441912406194104 0.006441912406194104 0.006441912406194104 0.006441912406194104 0.006441912406194104 0.006441912406194104 0.006532376001474567 0.006859942248210504 0.007446843467376955 0.008338671977549037 0.009610599815556424 0.011375481445125521 0.013796368779297715 0.017104383986989023 0.02162289192576895 0.027798134114585114 0.036233800614360975 0.0477197824381917 0.06322745472514196 0.08380132379394666 0.11017988428482409 0.1417839455018078 0.17453048377569486 0.1981448736067256 0.1997155476247333 0.17818569159489062 0.14586757796250846 0.11380170783436372 0.08670899684263284 0.06545155667751687 0.049379408604748355 0.03745685356616075 0.02869445138043066 0.022278691870935938 0.017584350643146986 0.014147804874153869 0.011632426174617858
0.006441912406194104 0.006441912406194104 0.006441912406194104 0.006441912406194104 0.006441912406194104 0.006441912406194104 0.006441912406194104 0.006441912406194104 0.006441912406194104 0.006441912406194104 0.006500582869037203 0.006782492605916274 0.007312213731455037 0.008127700411687812 0.00929307306974827 0.010904519272049964 0.013099341000173164 0.01606826081428374 0.020070592184820962 0.025450333666586597 0.03264754932144223 0.042191378031716534 0.0546448584970831 0.0704424002648324 0.08951900711511486 0.11061948552093537 0.13039688675665018 0.14328666148582936 0.1441021068671699 0.13246858068670017 0.11320351235390366 0.09203494682838773 0.07260990014406433 0.05639190152695063 0.04354732947837001 0.03367742753074751 0.02622311119523742 0.020646687326490158 0.016496224369825917 0.013416390795460812 0.011138359969356542
0.006441912406194104 0.006441912406194104 0.006441912406194104 0.006441912406194104 0.006441912406194104 0.006441912406194104 0.006441912406194104 0.006441912406194104 0.006441912406194104 0.006441912406194104 0.006469172294206489 0.0066931257955526935 0.0071517419153934595 0.007873999655592476 0.008911391008405272 0.010341543158748754 0.012273846191601219 0.014856565711176533 0.018284187312838568 0.022802044366625807 0.028701903393676086 0.03629610858519217 0.0458483672758264 0.05742831709789093 0.07065732347616291 0.08436449481180917 0.09634713227325027 0.10370962395085169 0.10416355436470122 0.09755421969114486 0.08597740671913678 0.07234223464841544 0.05897227921004131 0.047157846989144186 0.037355219007553675 0.029533560934100568 0.02344316088920957 0.018772726653429318 0.015225968651148572 0.012551355557988107 0.010548327848123581
0.006441912406194104 0.006441912406194104 0.006441912406194104 0.006441912406194104 0.006441912406194104 0.006441912406194104 0.006441912406194104 0.006441912406194104 0.006441912406194104 0.006441912406194104 0.006446807958416587 0.006602232987642189 0.006979002917604965 0.007596452115866369 0.008492999657079645 0.009727689638232092 0.01138289504217322 0.013567311706184386 0.0164176780066757 0.02009627905297663 0.024778967566778616 0.030625097129918084 0.037717340841871394 0.045959635032838814 0.05493515177453975 0.06376941079072905 0.07112116273196116 0.07547160180522061 0.07573573399703099 0.07184302947600521 0.06477884639839822 0.05604611542363642 0.04703078165651272 0.03866834729249889 0.031425318610296744 0.025428787933788496 0.020611542519467185 0.01681962953381565 0.013877120275850138 0.011619160445394018 0.009905624232443828
0.006441912406194104 0.006441912406194104 0.006441912406194104 0.006441912406194104 0.006441912406194104 0.006441912406194104 0.006441912406194104 0.006441912406194104 0.006441912406194104 0.006441912406194104 0.006441912406194104 0.0065215017766298705 0.006808563515202869 0.007314469061900574 0.008064994714520466 0.009101948967110599 0.010483645568426457 0.012285063626314182 0.014596215426405509 0.017516360858747436 0.021140475775634653 0.025533166926302198 0.030685219461463183 0.03645187505059071 0.042484091819637096 0.048187159079491254 0.0527657390029369 0.05540621622805344 0.05556491264291602 0.05320736977954435 0.04882465570823183 0.04321374661361786 0.03718492686243559 0.03136230180718767 0.026123842929169618 0.021635714656741214 0.017920077258601178 0.014918633089358065 0.012538412058168694 0.010679749113217767 0.009251074281580203
0.006441912406194104 0.006441912406194104 0.006441912406194104 0.006441912406194104 0.006441912406194104 0.006441912406194104 0.006441912406194104 0.006441912406194104 0.006441912406194104 0.006441912406194104 0.006441912406194104 0.006463563853187651 0.006655234906431214 0.007046690447795983 0.007652022493829491 0.008497916754276209 0.009622572936493295 0.011074168331779658 0.01290765609750473 0.015178257934170852 0.01792956481508159 0.021174106114458423 0.024865429806677934 0.02886446938288807 0.03291037681540688 0.036615769889553146 0.03951118771830372 0.041150141757312096 0.041247941937058635 0.039786857297777686 0.037023059343291996 0.03339077059443909 0.02936340555622425 0.025341988251890227 0.02160334675475149 0.018300139328772922 0.015488295518270315 0.013160837806093235 0.01127676092681945 0.009781494492556405 0.008619616130944982
0.006441912406194104 0.006441912406194104 0.006441912406194104 0.006441912406194104 0.006441912406194104 0.006441912406194104 0.006441912406194104 0.006441912406194104 0.006441912406194104 0.006441912406194104 0.006441912406194104 0.006441912406194104 0.0065337136680581635 0.006810293053513005 0.007275213735410706 0.007942366935945458 0.008833891322966502 0.00997776439126147 0.011404165747028558 0.013139579985339378 0.015197595498838657 0.017565743510475566 0.020188952565121352 0.022952710415844627 0.025672742171857405 0.02810135472769345 0.029959831424733248 0.030997163626751163 0.031058735633128363 0.030135039624612718 0.028364819323384104 0.02599088955706129 0.02329215860767791 0.0205224352313618 0.01787454289959913 0.015471201703928331 0.013373899121233983 0.011599378013238865 0.010136449669888034 0.008959636638312589 0.008038837735820821
0.006441912406194104 0.006441912406194104 0.006441912406194104 0.006441912406194104 0.006441912406194104 0.006441912406194104 0.006441912406194104 0.006441912406194104 0.006441912406194104 0.006441912406194104 0.006441912406194104 0.006441912406194104 0.006458676171061202 0.006620939859741605 0.006952101220362789 0.007455388137940151 0.008140463455448737 0.009020639062527407 0.010109380948880087 0.011415484499728925 0.01293647276689606 0.014650221173038004 0.016505723164147064 0.018415342504551232 0.020252517008315044 0.021859670210097406 0.023069464185083346 0.023737435774095116 0.02377692296188682 0.02318264799596078 0.02203221331813628 0.020464793933059684 0.01864684173896846 0.016738542063741424 0.014870926524365103 0.013136429178314084 0.011590186579146634 0.010257360959324299 0.009142351959118188 0.008237350188249634 0.007529169346637289
0.006441912406194104 0.006441912406194104 0.006441912406194104 0.006441912406194104 0.006441912406194104 0.006441912406194104 0.006441912406194104 0.006441912406194104 0.006441912406194104 0.006441912406194104 0.006441912406194104 0.006441912406194104 0.006441912406194104 0.006493321079051161 0.006697329855079642 0.007051613584787805 0.00755618323007642 0.00821388868654824 0.009027258458031004 0.009994724732941971 0.011106065964678174 0.012337272994624433 0.01364562447891159 0.01496648715300492 0.016213965296702198 0.017287484021474328 0.018085110628413906 0.01852177576088056 0.018547507490566235 0.018159285670917603 0.01740178396166428 0.01635669037559256 0.01512491039973659 0.0138080284510626 0.012494224745182667 0.011250869543151593 0.010123247850933062 0.009137410299546934 0.008304983127009134 0.00762833245148596 0.007105212871525095
