_RESULTS/CROSS_VALIDATION_POSTPROCESSED/Berg/TZ/2comp/3/Berg_TZ_z_500_kriged_reverse_2comp_spherical_3.asc
ncols 100
nrows 90
xllcorner  5.6208707817415728
yllcorner 50.959635321741573
cellsize 0.00013419651685393446
nodata_value 1.7014100000000001E+038
[rows 57 to 75 of 90, columns 0 to 42 of 100]
0.41947758203850366 0.4261061667233674 0.43284103591560674 0.43934704589223483 0.445288914886662 0.45034724395874287 0.4542384944980678 0.4567365043681106 0.4576921607082638 0.45704757572790805 0.45484184626546026 0.4512071481651074 0.4463560162391622 0.440562466018612 0.4349649817388104 0.4386009755174043 0.4538741263929379 0.4814921862223223 0.5230127531002775 0.5809174085144546 0.6587400455268386 0.7612229845862876 0.8940120868615203 1.0603166771423236 1.2645369758482512 1.510294022488211 1.798088711880575 2.1227407007319425 2.470269678400655 2.817289567712964 3.140285841133438 3.3920889762936697 3.523661505024068 3.512935481268204 3.378246222899586 3.1608763719986688 2.90172247024661 2.631639593945181 2.3709684089366485 2.131650259661413 1.9195398917388533 1.7363459955883886 1.5838635487702872
0.4104011207071306 0.4151954451503818 0.4201695950156083 0.4250357502365053 0.42951362444225893 0.4333423461526112 0.43629475531377326 0.43819235604431583 0.43891867912056753 0.4384287584386193 0.43675294865162995 0.43399433835934537 0.43032026599840717 0.42594954409666297 0.42127981245257284 0.4237709272239419 0.4374576420289631 0.4628839450453081 0.5013847769402615 0.5551299092705427 0.6272117618653237 0.7213976257884833 0.8399226859223538 0.9862416438326986 1.1636942257388052 1.3741502833127144 1.6164716522554918 1.884488465105141 2.164797145928307 2.4359810800317896 2.680865921883609 2.86996624233746 2.973141224912529 2.976410331769022 2.887729559802303 2.7306493701834107 2.5329750654566614 2.318928178214546 2.106301099727322 1.90653970975995 1.725936458759657 1.567005043996136 1.4308450548048322
0.40378300948305645 0.406916550500398 0.4103218773937734 0.4137480278803155 0.4169567198613208 0.4197309345211757 0.4218850324215823 0.4232751296274911 0.42380822181457045 0.42344858049184936 0.42222031367785023 0.4202056317775622 0.4175391306366385 0.41439909114493834 0.4109972254778881 0.41183169350642296 0.4233962233107387 0.44610377087595193 0.4810294917778907 0.529993376236509 0.5951033684131847 0.677719813557203 0.7803925326681411 0.9056910074721872 1.0555755624268683 1.2305409588875456 1.4284229638685157 1.6429665930662485 1.862492229958768 2.0693523241221623 2.2501577774542043 2.389359941493467 2.4679050656532504 2.476452645210774 2.418354119934419 2.3071454749877796 2.1608933082171453 1.9970901778254877 1.8298226150303774 1.6689601985204015 1.5205003576714609 1.3873609669981872 1.2703929832430896
0.39978998363284735 0.40139712933191996 0.40338285122623874 0.40552403103618456 0.40761386410457323 0.4094678366325417 0.4109307460956184 0.411883838163951 0.4122510245854331 0.41200321048714794 0.4111600196997803 0.40978862678163447 0.4079998934269459 0.40594244896580867 0.4037956508526271 0.40336431834949865 0.41238283502507705 0.43200655283063505 0.46301667216754416 0.5059689297535302 0.5618708831733482 0.6323717115179729 0.7192215031741974 0.8239747431904695 0.9475256269686738 1.0894399740000877 1.247125048264007 1.4148656316060149 1.5830529888978868 1.7383288511805737 1.8687568882693357 1.9686321740775024 2.0261970565377805 2.0351752378215426 1.9968299699622316 1.918940536194887 1.8129295669311536 1.690788337952213 1.5629357537960673 1.437244582986233 1.3189370150305377 1.2109466557910848 1.114443768431249
0.3985958358448243 0.3987877751624262 0.3994635942114966 0.4004350561964124 0.40151823538780534 0.40255222846665845 0.4034038530454238 0.40397244991401215 0.4041940639835432 0.4040443476000273 0.4035397162436818 0.40273656629031634 0.40172868385701793 0.4006432660835606 0.39963618374507187 0.399017093757447 0.40513432235010793 0.4210212886776806 0.44653418944631756 0.4822232804584689 0.5289396428918599 0.5877124211963809 0.6597502852112185 0.7460867398739098 0.8467872412742766 0.9607479175919701 1.0851195585532862 1.214775661454945 1.3420475822664615 1.4570177204422516 1.5494341071390254 1.617682523293396 1.6565419563941446 1.6622804041521875 1.6357666639159358 1.5812346843765823 1.505252907080732 1.4157667240195837 1.320130231547857 1.224278742664017 1.1324626717468602 1.0473536399794485 0.9703359091890212
0.3985958358448243 0.3985958358448243 0.3985958358448243 0.3985993271186298 0.39875461226624626 0.3990398145583271 0.39933723555263734 0.3995589643848795 0.39964959526243865 0.3995881246825892 0.3993887080956279 0.39910014768105784 0.3988041981535627 0.3986129769161895 0.3985958358448243 0.3985958358448243 0.4008421696758217 0.41165754642350416 0.4312718368975578 0.4598507375597009 0.4981995126575153 0.5470765845267432 0.6069152896481276 0.6778635438329399 0.7594745840820843 0.8503433752816668 0.9477363833509309 1.047312775451862 1.1430843751095723 1.2277777883164434 1.2937007893435608 1.338238102427685 1.3620227280961639 1.3627680864218443 1.341034045705943 1.2999730043079956 1.244467652868788 1.1795125452561859 1.1090423158787266 1.0373107787366238 0.9676104107697895 0.9022089739249579 0.8424891489303221
0.3985958358448243 0.3985958358448243 0.3985958358448243 0.3985958358448243 0.3985958358448243 0.3985958358448243 0.3985958358448243 0.3985958358448243 0.3985958358448243 0.3985958358448243 0.3985958358448243 0.3985958358448243 0.3985958358448243 0.3985958358448243 0.3985958358448243 0.3985958358448243 0.3987065688688364 0.4043157810836938 0.4183466091272773 0.44113829014342865 0.47268972842078305 0.5130902058910352 0.5623635680154169 0.6202628995672866 0.6860340102285254 0.7581643390073717 0.8341601901260833 0.9104244256357366 0.9823267839797789 1.0445502396093147 1.091739717226874 1.1200640799627768 1.132388476472373 1.1286728542820927 1.1093650142054514 1.0765713512290336 1.0335541712923269 0.9840882495406769 0.9318660947861287 0.8789433233423923 0.8270026906902763 0.7778772780967742 0.7328234888049571
0.3985958358448243 0.3985958358448243 0.3985958358448243 0.3985958358448243 0.3985958358448243 0.3985958358448243 0.3985958358448243 0.3985958358448243 0.3985958358448243 0.3985958358448243 0.3985958358448243 0.3985958358448243 0.3985958358448243 0.3985958358448243 0.3985958358448243 0.3985958358448243 0.39860646875765593 0.4004118883282266 0.4099906337819111 0.42764864764903077 0.4530702086650568 0.4860386798840319 0.5262745315016506 0.5732640190306509 0.6260803885116719 0.6832146906524474 0.7424506620814687 0.8008331925624232 0.8547841655562454 0.9004025233101368 0.9339408389385591 0.9523846686803064 0.9561335629348202 0.9486326066924776 0.9303877346601205 0.9028824817678055 0.8683653904692402 0.8294549970744602 0.7887700848023472 0.7486611315061602 0.7105215427694447 0.6744363081580597 0.6414185829328143
0.3985958358448243 0.3985958358448243 0.3985958358448243 0.3985958358448243 0.3985958358448243 0.3985958358448243 0.3985958358448243 0.3985958358448243 0.3985958358448243 0.3985958358448243 0.3985958358448243 0.3985958358448243 0.3985958358448243 0.3985958358448243 0.3985958358448243 0.39864577934137996 0.39960382016591856 0.40162212640404815 0.40694287741917295 0.41976934101406893 0.4396480538831745 0.46611422709439454 0.4986606168027177 0.5365928342341579 0.5788933560156855 0.6241090645868671 0.6702880447104996 0.7149977209647858 0.755453005985439 0.7887653803235775 0.8122915668433022 0.8240214359132954 0.8229673442575972 0.8122673100192607 0.7942656712993783 0.7700617926299808 0.7412604592766324 0.7097213469161501 0.6773241975873804 0.6457945374948206 0.6166087706268619 0.5906131508138994 0.5672757987869451
0.3985958358448243 0.3985958358448243 0.3985958358448243 0.3985958358448243 0.3985958358448243 0.3985958358448243 0.3985958358448243 0.3985958358448243 0.3985958358448243 0.3985958358448243 0.3985958358448243 0.3985958358448243 0.3985958358448243 0.3985958358448243 0.3986426954657151 0.39972462101968587 0.40208337054805515 0.40551280265331324 0.40980132573470424 0.4179905016758443 0.4327923508532369 0.45353024696214095 0.479517255621573 0.5099299947091788 0.5437022968486164 0.5794503187807877 0.6154472947698356 0.6496674074659861 0.6799114224402426 0.704010736756955 0.7200839521505181 0.7267980214916292 0.7235741084489027 0.7109394656950827 0.6926258680209044 0.670354734824681 0.6453119669754084 0.6188530057774395 0.5923523061689469 0.5670926735030257 0.5442060258089869 0.5246645608715597 0.5089179858101406
0.3985958358448243 0.3985958358448243 0.3985958358448243 0.3985958358448243 0.3985958358448243 0.3985958358448243 0.3985958358448243 0.3985958358448243 0.3985958358448243 0.3985958358448243 0.3985958358448243 0.3985958358448243 0.3985958358448243 0.39860258788077163 0.3995754571412027 0.4020562727040264 0.4058464741366862 0.41074312466799756 0.4165317160658295 0.4229867049670245 0.43302502738869736 0.44862881690124135 0.46895559837737305 0.49307736628270554 0.5198929044860792 0.5480765493851846 0.5760756912081674 0.6021676167560959 0.6245779462309867 0.6416490121698264 0.6520310590007452 0.65485800183987 0.649868055235952 0.6374400605243736 0.6188473083552898 0.5975026121732177 0.5748025565219497 0.5517596338187307 0.5293982750988685 0.5086871417852212 0.4905066397053112 0.4756511589680156 0.4648617981266181
0.3985958358448243 0.3985958358448243 0.3985958358448243 0.3985958358448243 0.3985958358448243 0.3985958358448243 0.3985958358448243 0.3985958358448243 0.3985958358448243 0.3985958358448243 0.3985958358448243 0.3985958358448243 0.3985958358448243 0.3992151240446111 0.40154713926787095 0.4054349220372665 0.4106898872306751 0.4171142171361318 0.42449219338549876 0.4325824938118544 0.44111221571876363 0.45199072348548536 0.4673248236231558 0.4860958534450192 0.5071603299349662 0.5292236472407325 0.5508512208668048 0.5705326942713113 0.5867941247259877 0.5983405616049802 0.6042009985115202 0.6038443311966256 0.5972407316679085 0.5848558557794975 0.5675810897833259 0.5467994363900449 0.5253612993924157 0.5044911951113601 0.48496466148061435 0.4675244560056359 0.4528681576040727 0.4416607152958962 0.4345700932826743
0.3985958358448243 0.3985958358448243 0.3985958358448243 0.3985958358448243 0.3985958358448243 0.3985958358448243 0.3985958358448243 0.3985958358448243 0.3985958358448243 0.3985958358448243 0.3985958358448243 0.3985958358448243 0.3988044303015751 0.40067784512662363 0.4043504364457457 0.40964940298199515 0.41639883839322334 0.42440923108348955 0.4334669618129121 0.44332414521762004 0.4536896481183854 0.4642227816037981 0.47533677351918896 0.48943308561954146 0.5056375189022162 0.5226471182009182 0.5390852618513546 0.5535725238349608 0.5648373036387466 0.5718424196514715 0.5738971138038532 0.5707276009973862 0.5624919270964668 0.5497401890216501 0.5333330540487556 0.514337508252796 0.49394035131845837 0.4742668792412293 0.45658102542842055 0.441458600148749 0.4294638756751779 0.42117153925605694 0.41720723119630776
0.3985958358448243 0.3985958358448243 0.3985958358448243 0.3985958358448243 0.3985958358448243 0.3985958358448243 0.3985958358448243 0.3985958358448243 0.3985958358448243 0.3985958358448243 0.3985958358448243 0.3985958452869929 0.39967596095813174 0.40278909164644566 0.40777485732685265 0.41447886508255444 0.4227414804456435 0.4323860002736696 0.44320606227199216 0.4549524569735397 0.46732007681350735 0.47993664457334106 0.4923561570848539 0.5040615057560768 0.5160263473332 0.5287403716122726 0.5408179992226371 0.5509318980659159 0.5579308611163398 0.5609612090163816 0.5595547682503818 0.5536591151282286 0.5436079891582943 0.5300479552170915 0.5138440091381443 0.4959840125458674 0.47749559053565926 0.4593834275304682 0.44282158755506035 0.42929559330605993 0.4193467722124487 0.4134655294805287 0.41035401033373464
0.3985958358448243 0.3985958358448243 0.3985958358448243 0.3985958358448243 0.3985958358448243 0.3985958358448243 0.3985958358448243 0.3985958358448243 0.3985958358448243 0.3985958358448243 0.3985958358448243 0.39885841184089754 0.4010530604274695 0.4053481843489167 0.4116049862867828 0.41969041251119266 0.42946533805836623 0.44077152791922997 0.4534169259185289 0.4671590782857113 0.481687050167055 0.4966032578080984 0.5114084728983266 0.5254959819569238 0.5381640385703705 0.5486574884681474 0.5569441372943166 0.5631849993168656 0.5662956820787554 0.5655538766960853 0.5606921107590424 0.5518821512590824 0.5396511917419481 0.5247682692748133 0.5081350853047493 0.4906992742788203 0.47339473479300437 0.457107322353314 0.4426628287718271 0.430769344466651 0.42096739899781155 0.41332205933110644 0.40776568875295166
0.3985958358448243 0.3985958358448243 0.3985958358448243 0.3985958358448243 0.3985958358448243 0.3985958358448243 0.3985958358448243 0.3985958358448243 0.3985958358448243 0.3985958358448243 0.3985958358448243 0.3995273517730875 0.40275269974800654 0.40815577635512823 0.41562092889577895 0.4250392724681888 0.4362966025895525 0.4492594962316496 0.46375878891592776 0.479569693399059 0.49638818472591784 0.5138042471043807 0.5312747090667141 0.5481024000977709 0.5634346239108576 0.5763009213794281 0.5857114488005178 0.5908208876898466 0.5911211712666622 0.5866031141766039 0.5779351219823609 0.5657169641256752 0.5507216997035158 0.53388143869811 0.516164073016995 0.4985021909361805 0.4815795918619271 0.46562727868930504 0.45095416172488423 0.43779337699650794 0.4263197506868587 0.4166701289125425 0.40896027553690595
0.3985958358448243 0.3985958358448243 0.3985958358448243 0.3985958358448243 0.3985958358448243 0.3985958358448243 0.3985958358448243 0.3985958358448243 0.3985958358448243 0.3985958358448243 0.3986571217549941 0.4004426846624643 0.4045994765077253 0.41101619526709265 0.41960124656053144 0.4302720805838145 0.44294327465119676 0.4575123650968381 0.4738422348065072 0.4917386697254612 0.5109216537107107 0.5309894311472287 0.5513761069514582 0.5713080641995737 0.5897740219613753 0.6055396024151646 0.6172539862952502 0.6236879227149006 0.6240677795678339 0.6183454599019848 0.6072167308630199 0.5918737456074783 0.5736679648205014 0.5538561365018492 0.533478959259476 0.5133380347175593 0.4940224051290235 0.4759515244317469 0.45941822031903645 0.4446255199401081 0.43171620598279875 0.4207959515866771 0.41195144603997985
0.3985958358448243 0.3985958358448243 0.3985958358448243 0.3985958358448243 0.3985958358448243 0.3985958358448243 0.3985958358448243 0.3985958358448243 0.3985958358448243 0.3985958358448243 0.3989173919254319 0.401457316189442 0.406428787118999 0.41374176870678375 0.42332853799216025 0.4351337313729403 0.44910309125135517 0.4651697753598547 0.48323673401946055 0.5031531675325734 0.5246824871459588 0.5474587284272384 0.5709286766781523 0.5942798821291111 0.616364633860256 0.6356552685929825 0.6503145161787662 0.6585080562079437 0.6589953153602249 0.6516968498557327 0.6377353834120084 0.618908427597788 0.5970758095489243 0.5738104343133112 0.5503053624875974 0.5274101138524196 0.5057055048549227 0.48557698812832506 0.46727437001725675 0.45095702049927944 0.4367271553031543 0.4246542672848278 0.4147933551804175
0.3985958358448243 0.3985958358448243 0.3985958358448243 0.3985958358448243 0.3985958358448243 0.3985958358448243 0.3985958358448243 0.3985958358448243 0.3985958358448243 0.3985958358448243 0.3992763647440357 0.40244015209495887 0.40809127365499087 0.41615891164290136 0.42659753088838726 0.4393778660357273 0.45447674987366593 0.47186461529925927 0.49148904824812256 0.5132520541794866 0.5369776282782692 0.5623647134179524 0.5889187984030557 0.615854134417916 0.6419615819788694 0.6654580032476765 0.6839115218654517 0.6945262766674796 0.6951656503860416 0.6856853211086927 0.6680406110779535 0.6450180687497525 0.619121242243549 0.5922121405705747 0.5655621393602418 0.5400010012398191 0.5160529334797443 0.49403846821085495 0.47414602130851324 0.4564811471366048 0.44110045662329256 0.4280353275991806 0.4173089774783592
