_RESULTS/CROSS_VALIDATION_POSTPROCESSED_80-20/Berg/TZ/9comp/1/Berg_TZ_z_63_kriged_reverse_9comp_spherical_1.asc
ncols 100
nrows 90
xllcorner 5.6208707817415728
yllcorner 50.959635321741573
cellsize 0.00013419651685393446
nodata_value 1.7014100000000001E+038
[rows 0 to 18 of 90, columns 0 to 41 of 100]
0.2691489239882909 0.2691489239882909 0.2691489239882909 0.2691489239882909 0.2691489239882909 0.2691489239882909 0.2691489239882909 0.2691489239882909 0.2691489239882909 0.2691489239882909 0.2691489239882909 0.2691489239882909 0.2691489239882909 0.2691489239882909 0.2691489239882909 0.2691489239882909 0.2691489239882909 0.2691489239882909 0.2691489239882909 0.2691489239882909 0.2691489239882909 0.2691489239882909 0.2691489239882909 0.2691489239882909 0.2691489239882909 0.2691489239882909 0.2691489239882909 0.2698411447765356 0.2745834559541165 0.28387859712842883 0.29786537086802917 0.3166954638552037 0.3406302714708953 0.369992645849794 0.40498464230722303 0.4458639600600701 0.4927932477477773 0.5456396261588479 0.6037621981350445 0.6657245375320361 0.7289509689966002 0.7894202508538756
0.2691489239882909 0.2691489239882909 0.2691489239882909 0.2691489239882909 0.2691489239882909 0.2691489239882909 0.2691489239882909 0.2691489239882909 0.2691489239882909 0.2691489239882909 0.2691489239882909 0.2691489239882909 0.2691489239882909 0.2691489239882909 0.2691489239882909 0.2691489239882909 0.2691489239882909 0.2691489239882909 0.2691489239882909 0.2691489239882909 0.2691489239882909 0.2691489239882909 0.2691489239882909 0.2691489239882909 0.2691489239882909 0.2691489239882909 0.2691489239882909 0.2709016317484181 0.2775391224594681 0.2890635882014487 0.30559513413706946 0.3274140042797468 0.354846909488863 0.3882271030770896 0.428113712371468 0.47506748404343513 0.5295503154623922 0.5917696486698898 0.6614290104694928 0.7373423920096557 0.816877347686246 0.8952617776349935
0.2691489239882909 0.2691489239882909 0.2691489239882909 0.2691489239882909 0.2691489239882909 0.2691489239882909 0.2691489239882909 0.2691489239882909 0.2691489239882909 0.2691489239882909 0.2691489239882909 0.2691489239882909 0.2691489239882909 0.2691489239882909 0.2691489239882909 0.2691489239882909 0.2691489239882909 0.2691489239882909 0.2691489239882909 0.2691489239882909 0.2691489239882909 0.2691489239882909 0.2691489239882909 0.2691489239882909 0.2691489239882909 0.26917236013307827 0.26954698019741447 0.2729505321460858 0.28143851095134437 0.2950351460270565 0.3139673224559124 0.33847215819839077 0.36895679254320024 0.4060982154842247 0.45067557190445817 0.5035287383532189 0.5654824559082665 0.6372086648598619 0.7189805087347122 0.8102397301871912 0.9088540906188902 1.0099147989706225
0.2691489239882909 0.2691489239882909 0.2691489239882909 0.2691489239882909 0.2691489239882909 0.2691489239882909 0.2691489239882909 0.2691489239882909 0.2691489239882909 0.2691489239882909 0.2691489239882909 0.2691489239882909 0.2691489239882909 0.2691489239882909 0.2691489239882909 0.2691489239882909 0.2691489239882909 0.2691489239882909 0.2691489239882909 0.2691489239882909 0.2691489239882909 0.2691489239882909 0.2691489239882909 0.2691489239882909 0.2692275235474941 0.2697925504480237 0.27092683536013024 0.2758399276189995 0.28597435399059007 0.3014371987612558 0.3223461486298479 0.34905593990607675 0.3822317218540254 0.42269797188817526 0.47143104326131025 0.5295410761851649 0.5982300006005725 0.6787012585952747 0.7719750309341575 0.8785176758475066 0.9974964955153373 1.1252618500950213
0.2691489239882909 0.2691489239882909 0.2691489239882909 0.2691489239882909 0.2691489239882909 0.2691489239882909 0.2691489239882909 0.2691489239882909 0.2691489239882909 0.2691489239882909 0.2691489239882909 0.2691489239882909 0.2691489239882909 0.2691489239882909 0.2691489239882909 0.2691489239882909 0.2691489239882909 0.2691489239882909 0.2691489239882909 0.2691489239882909 0.2691489239882909 0.2691489239882909 0.2691489239882909 0.26925009629539876 0.26993592289081836 0.2711773622482895 0.2731276959673406 0.2793167215336015 0.29085961341349387 0.30774288225060337 0.33015196641517947 0.3586511153310707 0.39398359064485966 0.4370763250599851 0.4890477444027359 0.5512148536190311 0.6250916700299312 0.7123631147337556 0.8148032655212029 0.9340744211896734 1.0712598634472432 1.2257181193113995
0.2691489239882909 0.2691489239882909 0.2691489239882909 0.2691489239882909 0.2691489239882909 0.2691489239882909 0.2691489239882909 0.2691489239882909 0.2691489239882909 0.2691489239882909 0.2691489239882909 0.2691489239882909 0.2691489239882909 0.2691489239882909 0.2691489239882909 0.2691489239882909 0.2691489239882909 0.2691489239882909 0.2691489239882909 0.2691489239882909 0.2691489239882909 0.2691489239882909 0.269219573339532 0.26992280460190055 0.2712926625798761 0.27321718557476476 0.2759471980105368 0.28315687283311103 0.29570916023552735 0.3135338497941804 0.33702718770455964 0.36677507134179693 0.40354263923354194 0.44828382415219614 0.502160768505757 0.5665731121776829 0.6431932926872802 0.7336364754091604 0.8395849450517967 0.9637494382209594 1.109051116758166 1.2783503093941206
0.2691489239882909 0.2691489239882909 0.2691489239882909 0.2691489239882909 0.2691489239882909 0.2691489239882909 0.2691489239882909 0.2691489239882909 0.2691489239882909 0.2691489239882909 0.2691489239882909 0.2691489239882909 0.2691489239882909 0.2691489239882909 0.2691489239882909 0.2691489239882909 0.2691489239882909 0.2691489239882909 0.2691489239882909 0.2691489239882909 0.2691489239882909 0.2691643365580371 0.26975745621874503 0.27113453932682935 0.27318607741665124 0.27579634268636055 0.2792169008613764 0.2871233512979399 0.3001937965740283 0.31857441608742515 0.3426543449163982 0.372982683028345 0.41026373177417685 0.4553653459456814 0.5093364228774404 0.5725966460234341 0.6463242044503565 0.7326470292295987 0.8339995969880184 0.9530995754230354 1.092902132538079 1.2564344515300463
0.2691489239882909 0.2691489239882909 0.2691489239882909 0.2691489239882909 0.2691489239882909 0.2691489239882909 0.2691489239882909 0.2691489239882909 0.2691489239882909 0.2691489239882909 0.2691489239882909 0.2691489239882909 0.2691489239882909 0.2691489239882909 0.2691489239882909 0.2691489239882909 0.2691489239882909 0.2691489239882909 0.2691489239882909 0.2691489239882909 0.2691489239882909 0.2694964755050851 0.2707362707384046 0.2727745164753303 0.27549972984291926 0.27879262099383206 0.28280376424901443 0.29093897476703856 0.304170707545504 0.3226711896286273 0.34675544074441245 0.37685080040504293 0.4134754002303876 0.45666268095961793 0.5062611704639335 0.5636360303636974 0.6304155547472081 0.7083716027348013 0.7993296999523294 0.9050532186675037 1.0269534027117488 1.1651989410854482
0.2691489239882909 0.2691489239882909 0.2691489239882909 0.2691489239882909 0.2691489239882909 0.2691489239882909 0.2691489239882909 0.2691489239882909 0.2691489239882909 0.2691489239882909 0.2691489239882909 0.2691500517183915 0.2691960439638139 0.2692686344389602 0.2693249648168819 0.26934020033464057 0.269308297733624 0.26924219883065015 0.2691734191907171 0.2691489239882909 0.26924526462740106 0.2701862885949106 0.2720493179644688 0.27472913446779423 0.2781126867444847 0.28207719937776343 0.28653648193614584 0.294520351044956 0.30753827232936104 0.32566986904702483 0.34907421994153376 0.377886463297072 0.411052874187824 0.44865216695722293 0.4917392205033587 0.5415313887007032 0.5992549173582941 0.6659973736846307 0.7425938175850406 0.8294703659466897 0.9262096572408609 1.0303759530589067
0.2691489239882909 0.2691489239882909 0.2691489239882909 0.2691489239882909 0.2691489239882909 0.2691489239882909 0.2691489239882909 0.2691489239882909 0.2691651763584895 0.2693785382757445 0.2697557035624006 0.27019977628199976 0.270627679581058 0.2709724926385756 0.27118569615740806 0.2712390053978169 0.27112551881192204 0.27086000729202114 0.2704782994138964 0.2700358572403167 0.2700801599175646 0.27126282115658445 0.2735894394188418 0.2768829351071632 0.2809003637285397 0.2855152924838805 0.2903301132345513 0.2978350856625916 0.31023502915875806 0.32744639155880023 0.3492182887253071 0.37390677256285904 0.40152105484767 0.43285211872983703 0.4688337989245865 0.5103479845028916 0.5580189632433691 0.6120868331485876 0.6723782543058936 0.7382520488392829 0.8084917879162478 0.8805673595233207
0.2691489239882909 0.2691489239882909 0.2691489239882909 0.2691489239882909 0.2691489239882909 0.2691489239882909 0.26918278683930513 0.26957018571878083 0.27028410090053784 0.2711969497845054 0.2721895411358964 0.2731535240681949 0.2739944992538521 0.2746354301569018 0.27501991565925726 0.2751148662641077 0.27491218474600476 0.27442918988601905 0.2737077161367961 0.272887507524157 0.27289117548658687 0.2739669302257767 0.27611955672779037 0.2793662482503409 0.28373617210653784 0.28893061805408765 0.2941397887000007 0.30089222440865454 0.3122397918268392 0.32777770976003257 0.34545712836762393 0.3649891629847731 0.38694932827843403 0.4120639892507827 0.44101902451950126 0.4742154999666271 0.5115828806738794 0.552564472876664 0.5965598701350817 0.6431723012485205 0.6911337814360776 0.7380673710178862
0.2691489239882909 0.2691489239882909 0.2691489239882909 0.2691489239882909 0.2691489239882909 0.26943815120478154 0.2702870001718432 0.2715499330181631 0.2730832130609028 0.27474707401267834 0.2764079783864082 0.27794208969833245 0.279239664874307 0.28020989997425416 0.2807856202124033 0.2809271469164035 0.2806247405142979 0.2798992182286329 0.27880064246711217 0.2777288255542573 0.2776124461264518 0.2785007247739439 0.2804017010345291 0.28333451691968475 0.287328129789814 0.292285574882225 0.29773904303394 0.3037464177947689 0.31354211703204254 0.32537282682597046 0.3383697419661957 0.35292909931567384 0.3695960876370068 0.3889155114508003 0.4112077141252082 0.43633287666593606 0.4636420412754535 0.49267887691987833 0.5227821870994966 0.5532032916085541 0.5830636352244487 0.6110644246100975
0.2691489239882909 0.2691489239882909 0.2691489239882909 0.26917112631431267 0.269761998544345 0.2710415243445671 0.2728553698315986 0.2750485727807399 0.2774651843038147 0.27994956335561416 0.2823494076154722 0.28452044526525744 0.28633247355609787 0.28767614687024445 0.28846965995198115 0.288664334520688 0.28824818181509215 0.2872468072679184 0.2857216329444254 0.2844511019030321 0.2841146054940518 0.28471515322523216 0.2862659054583596 0.2887895097882409 0.292315681910241 0.29661700440759237 0.301348739895042 0.3065069884526535 0.3132338175321375 0.3207691158309363 0.32935933541283263 0.33939347039667495 0.35127848846318915 0.365276483077623 0.3813035960427461 0.39891520408469466 0.41762855448715774 0.4365511334214203 0.45488414095862945 0.47207769806174166 0.48785567479980646 0.5020082505983435
0.2691489239882909 0.2691489239882909 0.26919894029758645 0.2699888457453217 0.2716182631494841 0.2739308845290164 0.2767670913065763 0.2799617689660782 0.2833438103878576 0.2867376330379636 0.2899669660528695 0.29286096351902036 0.295262355143095 0.29703689050619864 0.2980828742098312 0.29833929216767835 0.2977910609013402 0.2964703684509133 0.29450046822461323 0.29296497130220356 0.2922852493654109 0.29247341758627393 0.29355043315015533 0.29554455019937426 0.2984837585049604 0.3020127414746596 0.30585563741716965 0.3093219224598457 0.31153573306387466 0.31501138484099994 0.3195824310974987 0.32553946678016316 0.3330708066747642 0.3421468497465258 0.3527729322055633 0.36463357018700715 0.37662931163037566 0.38750669809298904 0.39640819517563036 0.40320004614691946 0.408287183807191 0.4123551044585505
0.2691489239882909 0.2691840981598198 0.27002576900916925 0.27187413928272175 0.2745761206383508 0.27797451886184615 0.2819037652628769 0.2861870436877395 0.29063528561941976 0.29504859702922764 0.29922065611821125 0.30294640253226135 0.3060328649743051 0.308312257726346 0.3096556631575464 0.3099849975017959 0.3092808731686088 0.3075846228350453 0.3051399974312379 0.30319379342875485 0.30201868794228176 0.3016404409765243 0.3020916048790451 0.30340888152517576 0.30560804996076935 0.30825473186682284 0.3110855515925856 0.31181910592172885 0.3097598929056343 0.3089039866424348 0.3097491780041838 0.3119481352851401 0.31578441466402196 0.3212279917866801 0.3282072092110714 0.3357815694772478 0.34249594142455964 0.34673048442855864 0.3478092872224175 0.3463096764481418 0.34329765007046403 0.34000009897346395
0.2691506172834903 0.2698587123098936 0.2717495040992086 0.2746766903288617 0.27849153452615716 0.2830366742671253 0.28814079150431615 0.2936145766500732 0.29924865736617784 0.3048143778074728 0.3100684098196961 0.31476200902952556 0.3186551359276034 0.3215345702232345 0.3232337161230696 0.32365052033131336 0.3227595108858741 0.3206149281682977 0.31760209751950874 0.31506445562541985 0.31320599909108443 0.31207281688944016 0.31171431574499997 0.31217936605118546 0.3134732816440014 0.31511592055892673 0.3162142839650912 0.3139992883157547 0.30895523909478256 0.30329859091605443 0.3005054311932753 0.29980040843396455 0.30071894888000644 0.3036027065605087 0.307860049358089 0.3123894647755949 0.31512716428803167 0.3135945266346694 0.3078126452574119 0.2996756799087964 0.2907266123099263 0.2820831076432845
0.26955349520946714 0.27127316383051087 0.27421506871356416 0.27824240281940077 0.28321254903232895 0.2889697739759688 0.2953384278767386 0.3021171448132506 0.30907490658140613 0.3159502493151734 0.3224552396454155 0.32828589130149344 0.3331400883900347 0.3367425162458067 0.33887362342109684 0.3393970228458087 0.3382784503582655 0.33559076180843617 0.33185185545913454 0.32849765808479225 0.3257245595698953 0.32360857509244695 0.32222293070079744 0.32163317282599224 0.32184582591922956 0.32235620933427434 0.3209143536638044 0.3158892722937586 0.3083096384343789 0.29973192563450085 0.2931473113349682 0.2894684214092146 0.28811366657902737 0.28880199305830295 0.29098364024512313 0.29379123472829943 0.29426481099414487 0.28667059872381134 0.2744631296112968 0.261341818266391 0.24866905004398476 0.2370924316883085
0.2705599201822755 0.2732723467105409 0.2772635530721309 0.28240841885352524 0.28857319094318 0.2956068598525752 0.303332488493445 0.31153895737932585 0.3199741026595761 0.3283409218965413 0.3362993180292242 0.3434764338167469 0.34948836242099207 0.3539740513508837 0.3566380731382157 0.35729358921513604 0.3558932630769816 0.35253755532034875 0.34784820901989194 0.34339650049091835 0.33942603938867083 0.3360560545632984 0.33339215300790864 0.331521236089464 0.33046671385020265 0.3294685309600535 0.3251800679637912 0.3175585543092135 0.30836069092162355 0.2983524641751972 0.28827858894014513 0.2813629996110826 0.27775044729044107 0.27609450533217256 0.2759369714080624 0.276837616531438 0.27683216369200986 0.26199296590485144 0.2453943344885385 0.22949323705763738 0.2152086640951938 0.2034110874472338
0.2720203070660256 0.2756994008584404 0.2807292914937286 0.2869993452543737 0.29438837591858225 0.30275462830744393 0.31192494468796694 0.3216833837587578 0.331760177010819 0.34182292116945445 0.3514733700985032 0.3602548537575445 0.36767627865626845 0.37325697441518046 0.3765902498888158 0.37741270789024717 0.37565685428021706 0.37146556304676437 0.3655315722667138 0.3596316077908083 0.3541215267977927 0.3491811491644836 0.3449576543835271 0.34156260364301466 0.3390478642008733 0.33600566121032516 0.32907774479226326 0.31984348234186727 0.30923541313252356 0.2977680436971726 0.2860062062947678 0.2760337173900036 0.2696830626759455 0.2652208852607375 0.2616784142032921 0.2578509191982201 0.2506063412700779 0.23671583997536494 0.21975819336332264 0.20311647536065697 0.18843376651172222 0.17705644090060876
