_RESULTS/CROSS_VALIDATION_POSTPROCESSED_80-20/Berg/TZ/9comp/1/Berg_TZ_z_1000_kriged_reverse_9comp_spherical_1.asc
ncols 100
nrows 90
xllcorner 5.6208707817415728
yllcorner 50.959635321741573
cellsize 0.00013419651685393446
nodata_value 1.7014100000000001E+038
[rows 57 to 75 of 90, columns 0 to 41 of 100]
0.3639572190424121 0.3732192188118606 0.3719455428669619 0.3601835945660966 0.3392972422871322 0.31155308050209257 0.27960267956207124 0.24602865859606338 0.21303407238602154 0.18228417634167607 0.1548745441523902 0.13138784894307518 0.1120001072442199 0.09660041989417473 0.08506207772337915 0.07854688603331371 0.07674434173953132 0.07944613773074309 0.0859176114888075 0.09609093714195743 0.11101603628383801 0.1323780162451141 0.16251392879469023 0.20244494240802746 0.25444081714628675 0.32152096318304435 0.40682686744490165 0.5129007666261991 0.6444522919283223 0.8044844345308348 1.0031086126308202 1.2256330962897914 1.4334104913232169 1.5869214510907095 1.680467914258243 1.731088240494503 1.7603418183852595 1.7837640574827416 1.8101810192823964 1.8438458269398352 1.886157816245739 1.9362349349111079
0.27523933745828794 0.2784171666296642 0.27496597456449046 0.2649985321157631 0.24937356159798166 0.22948225096516778 0.20696499876523308 0.1834455728609231 0.1603513276231898 0.1388007856338199 0.11948240066662716 0.10281606563224586 0.08901141914916554 0.07812699475831493 0.07013958730384637 0.06601314503288558 0.06596695980526866 0.06968371626783673 0.07639561081114171 0.08657653537471761 0.10124462422203816 0.12181612182958185 0.1488522629847165 0.18376550676126563 0.22841429649079883 0.28475037523672664 0.3544330857925288 0.4380564895977977 0.5339215983701792 0.6409187096319235 0.7654553769389891 0.9009397153119196 1.0296131396577088 1.1337542896900108 1.2091178276410506 1.2601969205106456 1.2952762250650642 1.322433323354282 1.3474116015713646 1.3734576938448873 1.4016881128533194 1.4312790631580328
0.21467437973067294 0.214317836141236 0.20976756294679294 0.20115461273575186 0.1890426727992797 0.1745767335033669 0.15873874129655657 0.142311155351591 0.12605567939016177 0.11063526947809522 0.09657138940045246 0.08423857365331457 0.07389413827823622 0.06573396481209404 0.05993464976096437 0.05719267420379906 0.0582417698024604 0.06227132790679954 0.06913100981587024 0.07926863388743505 0.09337273468537749 0.11172419173598094 0.13526461995488248 0.16514522127374956 0.20259775711263683 0.2487433393721662 0.30422871193785056 0.3686166382211237 0.43950728056750377 0.5116240270881313 0.5881012532600127 0.6701503798462451 0.7490831483616953 0.8162926536825549 0.8693322278316431 0.909640602028044 0.9400031382441254 0.9639802115379335 0.9845635509063135 1.0036161995479995 1.0217278460633519 1.038153885285495
0.17351603612429412 0.17107556128323298 0.16602283148364275 0.1589804935725864 0.15025002153549405 0.14005933847099264 0.12879799182070803 0.11694994162041378 0.10502461674752697 0.09349840034832381 0.08277559057364721 0.07317517934983817 0.06495120634295208 0.058366724965418164 0.05384231357616059 0.05211447509019764 0.05374630728526134 0.05785873501196202 0.06451267128971852 0.07385768704525639 0.08630996317329043 0.10230418951547933 0.1224839199452479 0.14763185527610517 0.17850103014330632 0.2156378079948979 0.25909201718321057 0.30799913828830894 0.3600807920578463 0.4112415473067398 0.4590393043101726 0.5077130090202225 0.5550280478905344 0.5965549363467432 0.6309315257106193 0.6589412514817403 0.6813320308474216 0.6994727420718663 0.7146883167774802 0.7278450768357181 0.7391422912666648 0.7480089959738291
0.14597714930954286 0.14262819027376583 0.13845157085024287 0.1332235331113221 0.1268577689962088 0.11942554697020703 0.11113004653579978 0.10226764634776249 0.09318280186272401 0.08422428644433887 0.0757098918286726 0.06790524062050664 0.06102301982201303 0.05526648178894389 0.051109339895804275 0.050160567389229194 0.05240056541565341 0.05657649069193018 0.062449704113827366 0.07029770224301743 0.08058161315135803 0.09394380938411168 0.110996246965572 0.13188509628627937 0.15700395565058253 0.18653769266319303 0.22023390629773584 0.25714251496520873 0.2953595918093679 0.3319019620829797 0.3635536564021428 0.3935528372509361 0.4211105204314208 0.44533688641969077 0.4660064607737111 0.4837173312853611 0.4985168591856727 0.5108240831003358 0.5211245100989143 0.5297333884595097 0.5366481717037327 0.54147313856573
0.12713261004656998 0.12545626781444646 0.12271601146051285 0.11887208364352286 0.11412756724083128 0.1085845140876463 0.10232543439375248 0.09552249810937125 0.08840902269859106 0.0812477865909738 0.07430115825179048 0.0678075900798434 0.0619679110334977 0.056945084007846786 0.052772178339707286 0.051995650536413925 0.05422711040885351 0.05765170803911335 0.062433258286521215 0.06879930081157398 0.07707396802113975 0.08769040554244412 0.10120874293549557 0.11822880422950013 0.138477495164016 0.16178395743316987 0.1877743997652683 0.21557340949809747 0.2436858736522939 0.2699887904448335 0.29192070834152717 0.31017760519346843 0.32712028214071154 0.3413582483680743 0.3527881105220479 0.36284401949829415 0.371625446419676 0.3791666073883334 0.3855749909882133 0.39090724963241097 0.3950837550962507 0.3978452679991723
0.1145368656591769 0.11441790424360518 0.11349277276914985 0.11164979286975026 0.10885289493001311 0.10514268725868642 0.10062976011665738 0.0954815930208902 0.08990551371466335 0.08413069980322702 0.07839261504230008 0.0729246166069883 0.06796766764947589 0.06370979385475811 0.06021956471260408 0.05881490272078326 0.059324131053141015 0.061240440134950426 0.06458026045609286 0.06933413344417802 0.07565595326122829 0.08379981222527687 0.09410763409643509 0.10700852852053497 0.12294600545438827 0.14124434234694175 0.16124038874202049 0.18219025215999934 0.2029564852943685 0.22204091649144284 0.237734947362859 0.2488998009751829 0.25856868599821153 0.2668069596646559 0.27363933587577166 0.27954080893134703 0.2844804507398631 0.28857449240693517 0.2921439494755182 0.2952957074403903 0.2979151187468043 0.29980220469454993
0.10673270085978072 0.10799828006049733 0.10869365370207505 0.10865973225715105 0.10778947132223929 0.10603720497750384 0.10342352675839807 0.10003516134041196 0.09602019706110126 0.09158013381389818 0.08696190617240475 0.08245646025713824 0.0781673125857264 0.073970319589692 0.07048823846369881 0.06833908711494611 0.0674668292288531 0.06749715096613484 0.0690028354257614 0.07192003716198851 0.07623350301883532 0.08204193273783618 0.08952211807373484 0.09891383885108675 0.11051159144147255 0.12454487536122405 0.13990936770075393 0.1557224195847797 0.17113147470978268 0.18507913682915603 0.19641281470143554 0.2040574380449988 0.2087233452955451 0.2126836528194633 0.21617100047927174 0.21943233060258877 0.22238361162913983 0.22508968374331198 0.22755578770142568 0.2297737251357174 0.2317052084707144 0.23326610716054497
0.10283716776357092 0.10546133790304124 0.1077596618601273 0.1095409185374434 0.11064177708532168 0.11094044034083504 0.11037009676353418 0.10893092660514223 0.10669953205114159 0.10383513454560148 0.10056379446734176 0.09665163208926426 0.09220711652540577 0.08770510092963918 0.08367968902502179 0.08052139774070816 0.07826074340265027 0.07664969288287886 0.07589700348708704 0.07665804693222292 0.07879801981885239 0.08228243929366924 0.08715777939402893 0.09352843870771954 0.10154394751559254 0.11139104201940743 0.12301500082590329 0.13496479141777087 0.14644019309731587 0.1566906336127844 0.16492814534415243 0.17043681783784853 0.17272778483129195 0.17363903227007435 0.17470778948492457 0.17607761212984546 0.17763956332819625 0.17929410914833033 0.18097819370116944 0.1826428230244781 0.18423661370858693 0.18569779217438456
0.10239002003735816 0.10647736152925263 0.11052316368422303 0.1143192378930446 0.11765919661409652 0.12035207154495269 0.12224049945221659 0.12322306036927884 0.12327821334154428 0.12209577623043563 0.1194453744259118 0.11553043016257177 0.11072884037869946 0.10553962595421842 0.10047225158784708 0.09589731547707842 0.09194907633803492 0.08857185684962464 0.08565362853296159 0.08378411832578021 0.08344986146008838 0.08449047033681913 0.0868372925981585 0.09048617547931903 0.09548134330905489 0.10190639846109119 0.10988031391965919 0.1188785991759425 0.12743623240902377 0.13498996323689946 0.14099282125442741 0.14495878746021598 0.14653571048379885 0.14581095083892096 0.14524676375277187 0.14530136648494024 0.1458005053851596 0.14662306066001457 0.1476834982413985 0.1489177043147158 0.15027324330555025 0.15170511235618528
0.10526680965294997 0.11105594410987629 0.11716644907658069 0.12339403197673496 0.12950756803663913 0.13525674595016424 0.14030702813162926 0.14406091579835276 0.14610456818366624 0.14616058652229863 0.14414844875897556 0.1402329209692168 0.1348158818019601 0.12845837068391966 0.12174796643541269 0.11516065574800739 0.10898440228688583 0.10333784450042374 0.09824649142753834 0.09371318401347373 0.09042139098337522 0.08874746549481868 0.08849771235519331 0.0895606469859546 0.09188651612500284 0.09547528202816273 0.10037099023594503 0.10662097442211947 0.11298465466017257 0.11854006510542213 0.12290075146192711 0.12572993053934806 0.1268140582694197 0.12628723368271041 0.12481693217061147 0.12385853443631394 0.12353290176340857 0.12370635421325886 0.12428280122041788 0.12519281593396667 0.1263867399429644 0.1278320065270976
0.11157099563372042 0.11942962787372564 0.12803994300120913 0.13717400256898452 0.14649948958291972 0.15556583784991748 0.16380767709874763 0.17057837359835884 0.17522489696267038 0.1772041853231217 0.17621836093577653 0.17232000329981775 0.16593094663838978 0.1577480447820782 0.1485675904162095 0.13910613494378185 0.12989215276053398 0.12125216653955113 0.11335937287428363 0.10629559690146764 0.10009742057580143 0.09525790562936116 0.0921907206507787 0.09065321334071622 0.09048807536505558 0.09160744877714151 0.09398239545818866 0.09763896591143369 0.10222465301893162 0.10626982423945562 0.10939764524316299 0.11139367014043114 0.1121973806314822 0.11198755819027484 0.11103347307679043 0.10951880369305224 0.10852186672691419 0.10817392860470237 0.1083705853935483 0.10903931698057381 0.11013336420882729 0.11162948081773877
0.11946146420306293 0.12968702783045194 0.14110122139733558 0.1535100095649053 0.1665764858290502 0.17978107365260915 0.19239532978330068 0.2034921182379838 0.21202226095647284 0.21698065868323252 0.21764770581036175 0.21382676013610957 0.20595237259068067 0.19498530151353757 0.1821362152813322 0.16856247633070512 0.15516994314800955 0.14255741534354255 0.13106054245003862 0.12083155423646165 0.11191261716193314 0.10428834652830662 0.09808833790895333 0.09378775411934333 0.09115977307738651 0.09000451842464754 0.09020560148572214 0.0917188361060854 0.09452877145567562 0.09740285576997408 0.09959108301891029 0.10103241029140415 0.10164986201403561 0.10170829609908269 0.10129288813010531 0.10044556685312733 0.09925987801608079 0.0984615811668952 0.09834519763133337 0.09883363257829209 0.09988155270209127 0.10147293985588773
0.12778230104814103 0.14066422420186633 0.15532507907160806 0.1716572728118319 0.1893766450809283 0.20794328574437743 0.2264789443790987 0.24371249082468277 0.2580143130244929 0.26760117001747 0.2709547730993122 0.267350583525583 0.2572089479999851 0.24199468878308436 0.22370183157888376 0.2042570692357035 0.1851435600054008 0.16730716831177614 0.15124122976118037 0.1371280948703641 0.12496666002889543 0.11466342125855732 0.10608962094190533 0.09911448072701497 0.09391126984162847 0.0905318853772211 0.08874424388552404 0.08841588019892313 0.08950105609567344 0.09140315296137545 0.09291406143058466 0.09392462555971909 0.09446435875930548 0.09474138529833186 0.0947550975829913 0.09453160204824425 0.09412686155072968 0.09362255823077378 0.09327174327572893 0.09362275073520687 0.09467694984809619 0.09641811114184973
0.13616072971460005 0.1519173006683851 0.17020131552590584 0.1910655883052761 0.21437397845476183 0.23967383221246857 0.2660261036458951 0.2918176333952306 0.31464501601932726 0.3314642169519356 0.3392489313094385 0.3361438295568544 0.3224715757271525 0.30069799214110166 0.2743131570424313 0.24655634694865824 0.2197401573584393 0.1951927113682502 0.1734958807370654 0.15476524759428492 0.13886752174407166 0.1255609915219802 0.11458361882296694 0.10574665769180487 0.09878654870585438 0.0934824038501465 0.08980322689587461 0.08778170021442047 0.08729329123559244 0.08814191992139134 0.08901686531516446 0.08962556737851236 0.09017329645788924 0.09064281377904464 0.09102302584427033 0.09133208852327218 0.09161275317370254 0.09193046327187182 0.09237120497313836 0.09302552443417421 0.09382041811955875 0.09487196919429314
0.14412712701752708 0.16284540303537087 0.18497458577509132 0.21081594400997367 0.24051321434662973 0.27388438235941326 0.31014980929548974 0.34753283587975187 0.382789886919735 0.4109833052152739 0.42624481929530594 0.4241935216712949 0.4048082607075367 0.37270246070375734 0.334307104005645 0.2950116137855831 0.25815623386390124 0.22532855943997152 0.19699580917768833 0.17303155777350482 0.1532922250968254 0.1372444051969414 0.12424074326192851 0.11376775308063021 0.10543151162507569 0.09894095399118141 0.0940934656106625 0.09076473295681968 0.08890964350133451 0.08863139597169571 0.08875817863185712 0.08882031570899275 0.0889978781896314 0.0893369670462181 0.08991743599575033 0.09071945925489262 0.09160672066345002 0.09251852870362304 0.09342525668664017 0.09429546697779033 0.09509505397728148 0.09578836751105063
0.15113737313588058 0.17271088687957423 0.1986505298242105 0.22958723171024017 0.2660883251838383 0.30848585696049335 0.3565422090038478 0.4088276869610645 0.4616662422401621 0.5077846132297216 0.5361162540748762 0.5362495074283147 0.5070446505702538 0.45828184606329414 0.40231538040614867 0.3476568379141548 0.29844757250229753 0.25604659644430716 0.220951913603311 0.19251053387941758 0.16948496229027143 0.1508374664517961 0.13573775862250073 0.12354036174661831 0.1137548058216046 0.10601794930495308 0.10007168695526285 0.0957468936479474 0.09300474780127028 0.09195955155518722 0.09168144907734341 0.09140343154661773 0.0911960799047249 0.09112466341476663 0.09126369459500687 0.09169558093457983 0.09251030153012994 0.09355709230522209 0.09460302167265662 0.09561359893799501 0.09654980484448061 0.0973689170381154
0.15665982770782091 0.18070187729785403 0.21006985275398093 0.24572556269339096 0.2887586435092957 0.3402344433944303 0.4009149284006204 0.4705998560725631 0.5465967560873923 0.6204025421486072 0.6727882678975536 0.6776883929772323 0.629964762984439 0.5539669859508048 0.47357383855236657 0.4001547279912584 0.3375350351249829 0.28684549284526284 0.24618668363763893 0.21355802421919307 0.18729617459777315 0.16608312004028838 0.1488999400112426 0.13497105103803986 0.1237140604770646 0.11469925588046953 0.10761882723039078 0.1022662591191546 0.09864913576502182 0.09682212105226051 0.09623646907124776 0.09560164066323708 0.09496031262571548 0.09439209687030281 0.0939843197636604 0.09382941839106584 0.09402366210474508 0.09466729687262444 0.0957856710225906 0.09694911494493556 0.09803915453022369 0.09900496009794361
0.16046517814382724 0.18606653953547364 0.21806454802834752 0.25746360980465594 0.3058272640661886 0.3649950975863537 0.43696141879338124 0.5235380759660785 0.6252557022333342 0.737528047701101 0.8364372155286881 0.8536100290479341 0.7657656404282125 0.6474578082528701 0.537893674318669 0.4464726105704615 0.3739987947477858 0.31673382107948705 0.271329219500209 0.2351179596011685 0.20604726551128896 0.1825595903319643 0.1634815040529606 0.14793371991310425 0.13526210231740976 0.12498615148094573 0.11676125615860354 0.1103766025483418 0.10588523386794726 0.10344755604841024 0.10246941684098543 0.10138622927700655 0.10021250718607318 0.09904940481431271 0.09800360710370838 0.09718318931991561 0.09669539230828009 0.0966462528923743 0.09714180635001188 0.09826377428163581 0.09952598335151003 0.100663669575036
