_RESULTS/CROSS_VALIDATION_POSTPROCESSED_80-20/MHZ/TZ/8comp/5/MHZ_TZ_z_0_kriged_reverse_8comp_spherical_5.asc
ncols 100
nrows 81
xllcorner 5.5967107548124995
yllcorner 50.982328804812504
cellsize 0.00017565037499993607
nodata_value 1.7014100000000001E+038
[rows 0 to 18 of 81, columns 0 to 41 of 100]
0.05942670074879841 0.059878494077068446 0.06027175515871474 0.060576291526178445 0.060629690008573545 0.06013472742591221 0.0591081823609802 0.05760522759852232 0.05570425945347359 0.053494467472841464 0.051065282746735746 0.048500407554505826 0.04584737138960029 0.04312950223419054 0.04038907953721559 0.03767470606525009 0.03502930867203765 0.03248663094535385 0.030071884322626617 0.02780265301883744 0.02568994588983671 0.026228443260195414 0.02828612804928469 0.030468118874675598 0.03274003830591258 0.03502886553788852 0.037098601381206936 0.03889339001989778 0.04038281455307288 0.04154651973666856 0.04237604181724365 0.0428751870125275 0.04305993833905443 0.04295827893154128 0.04261025952055562 0.04206162990658371 0.04136430336646498 0.04057300762889685 0.03977960524566129 0.039263115720547935 0.03909086025753314 0.03927349424987877
0.06034257527754828 0.06091951726056598 0.06141556925510319 0.06179715408353651 0.061902508768492764 0.061409713612445446 0.06032335180325381 0.058706756955782834 0.056658543792235116 0.05428568824456055 0.051689726620203026 0.048959882880210186 0.04615966592924379 0.04336653251382693 0.040598089118824475 0.037875718829056264 0.035245787576637995 0.03275081138422549 0.030440214054218758 0.028412476927472723 0.027030234772454507 0.027251376105061977 0.028791187083790665 0.030789729049819147 0.032979623980009795 0.035132323671311506 0.037049154626118797 0.038674456100152674 0.039968568706018996 0.04092464384067825 0.041538101695368354 0.04181917412976973 0.04178712801504599 0.0414696357339713 0.04090626592108531 0.04014782736863044 0.03925479594976821 0.03829393803896346 0.037374600059994545 0.036777296869336534 0.03657331216392342 0.03677696947427287
0.06155331377042225 0.0622569869279749 0.06285761011665521 0.06332140480035676 0.0635093408067989 0.06305659804392139 0.06192630702535845 0.060198093266698456 0.05800931333575581 0.05548646322222953 0.05271682393240219 0.04979104376678026 0.04681585345856863 0.0438820756763378 0.04106434233859556 0.03839896486194657 0.03586931192760782 0.033531146971471845 0.03146857774366373 0.02983344255556752 0.028912075843614257 0.029017778958170332 0.030077457846003373 0.03173544836639904 0.03369502859197827 0.03560312239208347 0.03730522284881946 0.03873147813916593 0.03983115337179513 0.04057455763568601 0.04096493939050736 0.04102222620923971 0.04076146485238425 0.04021067141643268 0.0394110677567925 0.03841726432532096 0.03729706855300101 0.03612984086083832 0.03505558837527451 0.03435895173925287 0.03411681053181623 0.03435049894947939
0.06301781737680238 0.06384459078963695 0.06454276859375774 0.06508174820545996 0.06537089879299925 0.06501838864516017 0.06385044881941393 0.06200563297242592 0.05969198839176578 0.056993987383157516 0.054028426632002094 0.0509245332925018 0.047798014207874134 0.04474801909587057 0.041856971185264845 0.03919352898938915 0.03680272966780448 0.03466651890452711 0.032865376747074626 0.03153169176608593 0.030833617706258448 0.03089763256006763 0.031696737590439214 0.03306875931303909 0.03475043758177324 0.03638128017078348 0.03783569330118574 0.039035408996394155 0.03993371188145392 0.04049198252485095 0.040683393620199224 0.0405079374458033 0.04000826103084065 0.03921314267527969 0.03816314558882565 0.03691381870117026 0.03553731587282992 0.03412409273432142 0.03285995312496593 0.03203278387845655 0.031740460467071074 0.03201924091464746
0.06469713356031513 0.06563922555507036 0.06641851392038318 0.06700376596055979 0.0673527418153364 0.06713370185068407 0.06593113031139242 0.06401878044550006 0.06157026238420234 0.05870594890725997 0.055573675321132006 0.05231474950196278 0.049056121156157984 0.045906447685002266 0.04295599546391315 0.04027998448548617 0.037945042180070276 0.03599830142455193 0.03442194727132298 0.03330104899207909 0.032734232463927426 0.032782659027128715 0.03343373757078237 0.03460111641385815 0.03602298418002166 0.03738782289243599 0.03859541518590625 0.03957968234096849 0.04027998344361363 0.040649403310569744 0.04065658178760482 0.04028594510115791 0.03954965806338986 0.03850866768923844 0.03720421230288362 0.03568912428503644 0.03403450323311696 0.032335717010316664 0.0308387717473031 0.029826371306014163 0.029459637886847342 0.02981167928819201
0.06655697140643588 0.06760755555376946 0.0684514992530729 0.06904951458340512 0.06936802995565441 0.06911167020006152 0.06801177774663907 0.06610669433213653 0.06356866977079137 0.060578752049284486 0.05730710202604681 0.053912160691383555 0.05053442504356895 0.04729285748936473 0.04428507172390176 0.041590812927248186 0.03927787419860827 0.037409393387804926 0.03601160993850926 0.035047523369171 0.034572439810445096 0.03462030325984973 0.0351841529646746 0.036209516143818093 0.03741374660807217 0.03855031836295131 0.0395495133908543 0.04033786062345326 0.04085189944488474 0.041042225780162894 0.04087422610051595 0.04032881242485824 0.03940314191196896 0.03812842328938794 0.03657934000757345 0.03480478883302191 0.032867948379227754 0.03086389844797125 0.029080246315747196 0.02778368667485989 0.027286348050553307 0.027773952412474066
0.06856742873618232 0.0697266281924885 0.07063082441316346 0.07123315594465594 0.0714969726850733 0.07128058343509355 0.07020100390163428 0.06827473520325329 0.06567083303822353 0.06257800475554617 0.05918417924954092 0.055664601494566215 0.052173467970231945 0.04883986612474525 0.045767980969914274 0.043040595059265385 0.040724604127141587 0.03887721223279131 0.03755133927402181 0.036710492842132486 0.03630916380863726 0.03636822264443828 0.03688298679668918 0.037809014527539875 0.03885002041827918 0.03982026192170333 0.04065173721414966 0.04127442902262169 0.041627091361733405 0.04166008175484435 0.04133723494090336 0.04063722325729376 0.039554524662314856 0.03809996680512203 0.036332687661198924 0.03432813699338568 0.032137844690810234 0.029867450525635577 0.027765098950467897 0.026024482717766695 0.025229633496020545 0.026031138980310807
0.07069911048490247 0.07197646663042843 0.07295048970668182 0.0735691421820779 0.07379830678687976 0.07357411229094245 0.07249012456564892 0.07053003430302121 0.06785828144140413 0.06466741128617905 0.06115705410750961 0.05751604169702509 0.05391057441665565 0.050478764453348444 0.047330472503622885 0.04455076324921963 0.042205285937147556 0.04034612605261315 0.0390169651287445 0.03824186311422436 0.037906443534778685 0.03798761104995967 0.0384811266656684 0.03934196678713034 0.04028737499833513 0.04114713397881695 0.04185720025911914 0.04235409764887155 0.04258015086470591 0.04248719820694367 0.04203925231453548 0.041214422708091225 0.04000622213454388 0.03842423423598957 0.036497689097076715 0.034316748726501305 0.03194353939800933 0.029536887977147156 0.027234180391332966 0.025059742732601954 0.02329891444669452 0.025089542525203797
0.07291772869803284 0.07433126696214704 0.07539411354635396 0.07604763457920255 0.07625406565684091 0.07589852578502858 0.07482184449651207 0.0728299868370362 0.07008716864736475 0.06679624684091569 0.06316838511045152 0.0594039933119176 0.055679300126978234 0.05213996719208091 0.04890065824178841 0.04604854611972877 0.043648771749054155 0.041750297822049726 0.04039114004060081 0.03960252114839638 0.039328313199500926 0.039442727209972106 0.03993804844905463 0.040771099126063574 0.041681951952127066 0.04248551354866773 0.043124660378955466 0.04354148021944602 0.043682289283655994 0.043501580253891704 0.04296508051870937 0.04205208817508784 0.040757169229152825 0.039091216655244156 0.037081830057770736 0.03479430425879445 0.03236069905653284 0.02999676884598508 0.027788202332486772 0.025878433838243266 0.024917294200734484 0.025871727148193285
0.0751793731515015 0.07675412569466561 0.07793130829351018 0.0786405083805094 0.07879977898796586 0.07828181181747625 0.07711340766874426 0.0750986476231323 0.07228569304304094 0.06889363278700984 0.06514712161014583 0.06125736940110652 0.057408901926505565 0.05375336925853243 0.0504102520206772 0.04747769434855758 0.04501649542843116 0.04306866589273877 0.041666755777979875 0.040837023146485366 0.04058063897873131 0.0407283719787372 0.04123132965967569 0.04206494826608852 0.042993080415886384 0.04379468177928171 0.04441485485296696 0.044799951369944004 0.04490023421878113 0.044673614127513625 0.04408876395188581 0.04312767935234523 0.04178773099227914 0.04008324580131492 0.03804670737104564 0.035733449121165044 0.03336833703476481 0.031141462906468773 0.0291834685297426 0.027719443484981694 0.02713541700920055 0.027682334987944132
0.07742664718870557 0.07919422095444548 0.08051846344746057 0.08130745347718014 0.08139567715502546 0.08070769714690229 0.07930588108512897 0.07723358337088249 0.07435600267358114 0.07086732489195703 0.06700696074276688 0.06299583409590796 0.05904212827290176 0.05531395057054194 0.05191431971386663 0.04892179960343132 0.04639654030120073 0.04438542342231771 0.04292545262815021 0.042045171732017265 0.04176525130902363 0.041951574783190296 0.04247011096054243 0.04329927826276219 0.04424677253176337 0.04505676035050901 0.045689459137301304 0.04609054163251008 0.046195045320502 0.04596467860930249 0.04537193796080188 0.04440255507524608 0.04305774613197471 0.04131467999084822 0.039164035463331075 0.03677818873490485 0.034451235021663446 0.032357610840427556 0.03063371587538892 0.029456646293677315 0.029020935842258094 0.029415296670538722
0.07958631710377526 0.08159794882642402 0.0831284589476448 0.08402421509014328 0.08404523101187725 0.08316166324223505 0.08146866890002256 0.07911773828286361 0.07617456070895522 0.07260401837094735 0.06866537021519002 0.06462829104526557 0.060661260665668154 0.05689707409616304 0.053440601068950364 0.050374260425183275 0.04776449119949511 0.045667436340436955 0.04413144313904033 0.043194595419581615 0.042879797741113404 0.04311255281806656 0.043672610093808184 0.04452207445781466 0.04552187426552191 0.04636451129666933 0.046998412239535665 0.04739245754546023 0.04752125087976682 0.047326165108570226 0.04676283104738877 0.045772456276468615 0.04423225253273955 0.04223125129654043 0.03991552175749396 0.03755586077581279 0.03530768378027896 0.03335141724303663 0.03181157385966289 0.030809572500714876 0.03044931687522721 0.03077003985823242
0.08178780173908747 0.08415479630337402 0.0859943446094567 0.08705476464198081 0.08702675546791935 0.08589500731892388 0.08381450320363068 0.08101294588605301 0.07771477879963304 0.07407811187053785 0.07016906918605835 0.066176059664553 0.06222509223746019 0.058444723447046605 0.054939893926067615 0.05179563945647971 0.04908511250212175 0.04687790367471357 0.04524404465131016 0.04424536458457722 0.04391415685559215 0.044197638692205166 0.04483139553698564 0.04572748013688555 0.04679509664145442 0.0477085026848986 0.04837707826293128 0.04877572144950658 0.04888717289864995 0.048700687197792414 0.04801132931439137 0.046695959071184644 0.044856876201405035 0.04263354120721411 0.04028940477213921 0.03797833993838115 0.03581909004173243 0.03397776088189022 0.032568613255351535 0.031674559881457856 0.03135743556308507 0.03163876075574861
0.08406084704898606 0.0868456810909447 0.08909794566635926 0.09042737795525836 0.09038356086508906 0.08892424798192616 0.0863533266896123 0.08303850446146112 0.07935611915347399 0.07552454534033237 0.07160525013960095 0.0675945139886926 0.06365456235010629 0.0598981864382772 0.05637387414822585 0.05316373098436481 0.05034430636070481 0.04799857439173351 0.046231054217004464 0.04515889501560552 0.04484391451786989 0.04521076156297545 0.04595776513201788 0.046924662131059586 0.048047042654220024 0.049057334858197355 0.049781972053200695 0.05020354740653341 0.05029859428730314 0.049791867295687756 0.04865775048982875 0.04699918290745299 0.04489422450904256 0.042590723397038954 0.040245504825317975 0.03798189484497111 0.03590442758060447 0.034151115225890843 0.03282967535399539 0.0320005408056573 0.03170786272324891 0.03196767245832908
0.0862342539625485 0.08946580443678093 0.09224439840715079 0.094062386734238 0.09408160278871008 0.09209972733838488 0.08889777016504598 0.08514982299700062 0.08115614891614964 0.07705905269645888 0.072969429190664 0.06896212463141997 0.06501439698088653 0.061231957986234355 0.057717249311192535 0.05448023902377908 0.051564825739902176 0.04905397996684081 0.0470853707542632 0.045899757725491715 0.04565762973125884 0.04619227761879253 0.047095316294151195 0.04814295183669053 0.04927885277158479 0.050378379908902295 0.051163996114702084 0.05159650962261082 0.051342347832460555 0.05034717061749406 0.04873825399598873 0.046705535300901456 0.044470736882984974 0.04211063100849392 0.03975765709064799 0.0375307387659133 0.03552189710937055 0.03383520772614066 0.03256760737005672 0.03177107200586998 0.03148953594203591 0.03173935565112784
0.08810372766760416 0.09170584727149209 0.09498717762866857 0.09760506626657672 0.09798802125457996 0.09496882428485565 0.09121377594714217 0.0871710214519277 0.0829576895496403 0.07867493579692303 0.07441705431271034 0.07026904631258228 0.06630387146205645 0.06254583823352153 0.059008361716915425 0.05576898897370399 0.05281940954176063 0.05016181859914125 0.0478966133671193 0.046430648364693905 0.04643977727525665 0.047269137002237754 0.048331826739276204 0.04942860803827562 0.05053608548489775 0.05163181634513435 0.05246136932498895 0.05258440672347178 0.051834299737655846 0.05034805916222971 0.04835749154613309 0.04606039307124422 0.04363363814666713 0.04120071592567744 0.03882279922937355 0.03661439147183184 0.0346608746148863 0.033033313398239464 0.031789309254143576 0.0309947861932228 0.030715881952300066 0.030967319297488558
0.08949625237968029 0.09325562142969686 0.0966519624737797 0.09926231942447301 0.09954337976877181 0.09664878862671888 0.09294028534031022 0.08888133313713312 0.08462111649924345 0.08027455878684724 0.07594368432800679 0.07171769867304859 0.06767110827846246 0.06386295055937635 0.06033760068173444 0.057117388476631684 0.054204371093609933 0.05155941132834189 0.04914763627145106 0.047129554155766494 0.04767912423595422 0.04868511139899194 0.049774585509089704 0.050821325011334156 0.051823780049720256 0.05277940452050349 0.05338835948771894 0.053029573044560435 0.05183773479270818 0.04999231301679099 0.04768773986213018 0.045118776928867385 0.04246718178177988 0.03989286286750167 0.03746319715647087 0.035242202285089716 0.03332095139300187 0.031775249071398684 0.030511095989067056 0.029693625331404794 0.029423507824799494 0.029694270827890522
0.09035701361983518 0.09404974339591117 0.0971786208654888 0.09914513305714603 0.09912675020774955 0.09714752631931108 0.09398179169618678 0.09019293155405347 0.08606925410927549 0.08179050453156211 0.07749111208582157 0.07327779992716137 0.06923480145730448 0.06542659239048458 0.06190108746820894 0.05869449116287876 0.05583952997350326 0.053374623115133045 0.051304038667364285 0.04997780806248889 0.04987795308952478 0.05057027373655975 0.05145439088311874 0.05231434023251518 0.053128609143901454 0.05382995238823467 0.053902680490429 0.053155117434067686 0.051585295436186535 0.04938604173820769 0.046763010529097586 0.043917120847255645 0.04103172918047952 0.038264973605428854 0.035734049523530945 0.033455356826725395 0.03149709659145752 0.02992645399240398 0.028688800462840912 0.027909698048938923 0.027678897505183975 0.027992643116468367
0.09076062070158972 0.09428209837494565 0.09709365519755533 0.09868684986302069 0.09868407913538976 0.09721222602697462 0.09457524382412236 0.09116685502325968 0.0872968482665197 0.08319026943593912 0.07901568278224663 0.07490217809214746 0.07094818742437237 0.0672274460278285 0.06379501454131953 0.060695235200912294 0.05796393298847155 0.055666154666227194 0.053924729228488594 0.05283473229101072 0.052522352072024873 0.052871662859294455 0.05344979690001206 0.05405876566395007 0.054653142778030885 0.05485555311840955 0.054294405582765694 0.05306265197063684 0.05111181833508101 0.04856179937010095 0.04562554275531328 0.042506594314617716 0.03938694448977984 0.036420240178185556 0.0337296346857417 0.03135759215984387 0.02931183698367975 0.02766464565795769 0.02646419062153645 0.025756674586225752 0.025586668324092166 0.02596206583320814
