_RESULTS/CROSS_VALIDATION_POSTPROCESSED_80-20/Berg/GZ/9comp/5/Berg_GZ_z_355_kriged_reverse_9comp_spherical_5.asc
ncols 100
nrows 90
xllcorner 5.6208707817415728
yllcorner 50.959635321741573
cellsize 0.00013419651685393446
nodata_value 1.7014100000000001E+038
[rows 0 to 18 of 90, columns 0 to 42 of 100]
1.8202313403743262 1.8202313403743262 1.8202313403743262 1.8202313403743262 1.8202313403743262 1.8202313403743262 1.8202313403743262 1.8202313403743262 1.8202313403743262 1.8202313403743262 1.8202313403743262 1.8202313403743262 1.8202313403743262 1.8202313403743262 1.8202313403743262 1.8202313403743262 1.8202313403743262 1.8202313403743262 1.8202313403743262 1.8202313403743262 1.8202313403743262 1.8202313403743262 1.8202313403743262 1.8202313403743262 1.8202313403743262 1.8202313403743262 1.8202313403743262 1.8235864234384773 1.8465010437801945 1.8921382726793303 1.9610706929590085 2.0464480434671075 2.140789992492605 2.242379945373072 2.3499969863318326 2.461303119337985 2.5729971613325118 2.680963981592641 2.780070965953159 2.863954827848654 2.9248830414405247 2.9539013655501467 2.9416625662860802
1.8202313403743262 1.8202313403743262 1.8202313403743262 1.8202313403743262 1.8202313403743262 1.8202313403743262 1.8202313403743262 1.8202313403743262 1.8202313403743262 1.8202313403743262 1.8202313403743262 1.8202313403743262 1.8202313403743262 1.8202313403743262 1.8202313403743262 1.8202313403743262 1.8202313403743262 1.8202313403743262 1.8202313403743262 1.8202313403743262 1.8202313403743262 1.8202313403743262 1.8202313403743262 1.8202313403743262 1.8202313403743262 1.8202313403743262 1.8202313403743262 1.8298783462717163 1.865738198602938 1.9267244016777332 2.012017913093205 2.1153085611437006 2.2293448531365883 2.353571368673063 2.485984453806454 2.624014206787694 2.764404257265269 2.903002215476969 3.0344608530217116 3.151819500597562 3.2459805191616153 3.3052624039608167 3.31563860764085
1.8202313403743262 1.8202313403743262 1.8202313403743262 1.8202313403743262 1.8202313403743262 1.8202313403743262 1.8202313403743262 1.8202313403743262 1.8202313403743262 1.8202313403743262 1.8202313403743262 1.8202313403743262 1.8202313403743262 1.8202313403743262 1.8202313403743262 1.8202313403743262 1.8202313403743262 1.8202313403743262 1.8202313403743262 1.8202313403743262 1.8202313403743262 1.8202313403743262 1.8202313403743262 1.8202313403743262 1.8202313403743262 1.8205521662212933 1.8256324692097543 1.848714339726177 1.8988508210105484 1.9749656760555452 2.0766098708234417 2.199714449809709 2.3367133566940055 2.4860753004512604 2.645929733728629 2.8138823330135296 2.986884751192589 3.1610379633961863 3.3312630441510165 3.4907332503044257 3.6299210936692687 3.735155076080838 3.7870458769008652
1.8202313403743262 1.8202313403743262 1.8202313403743262 1.8202313403743262 1.8202313403743262 1.8202313403743262 1.8202313403743262 1.8202313403743262 1.8202313403743262 1.8202313403743262 1.8202313403743262 1.8202313403743262 1.8202313403743262 1.8202313403743262 1.8202313403743262 1.8202313403743262 1.8202313403743262 1.8202313403743262 1.8202313403743262 1.8202313403743262 1.8202313403743262 1.8202313403743262 1.8202313403743262 1.8202313403743262 1.8213074533708982 1.829054644542077 1.8436497769507312 1.8798718652681925 1.9438302879815783 2.034801198006644 2.154022230676325 2.299185420053485 2.4608568625363287 2.6373507035667725 2.826958413608181 3.0274869479665067 3.2361929630930772 3.4496716799562823 3.663622223373671 3.872334615595134 4.0675867289911425 4.2363261245969746 4.356094486955673
1.8202313403743262 1.8202313403743262 1.8202313403743262 1.8202313403743262 1.8202313403743262 1.8202313403743262 1.8202313403743262 1.8202313403743262 1.8202313403743262 1.8202313403743262 1.8202313403743262 1.8202313403743262 1.8202313403743262 1.8202313403743262 1.8202313403743262 1.8202313403743262 1.8202313403743262 1.8202313403743262 1.8202313403743262 1.8202313403743262 1.8202313403743262 1.8202313403743262 1.8202313403743262 1.8216165699633413 1.831023630596813 1.8481268516972045 1.8728015030141993 1.9214973087240117 1.9987753151746768 2.1054956299356333 2.243406299716591 2.411299484207098 2.5991149468572883 2.804382516702715 3.0254682571800093 3.2602857587935463 3.5063242933077277 3.760683976307791 4.020061300930366 4.280562899421086 4.537062579997769 4.7812918613062605 4.9961927604496355
1.8202313403743262 1.8202313403743262 1.8202313403743262 1.8202313403743262 1.8202313403743262 1.8202313403743262 1.8202313403743262 1.8202313403743262 1.8202313403743262 1.8202313403743262 1.8202313403743262 1.8202313403743262 1.8202313403743262 1.8202313403743262 1.8202313403743262 1.8202313403743262 1.8202313403743262 1.8202313403743262 1.8202313403743262 1.8202313403743262 1.8202313403743262 1.8202313403743262 1.8211985888998288 1.830843418769883 1.8497202765182925 1.8764418557961051 1.9113819459923485 1.9718480687428457 2.0627307168405875 2.18605452611854 2.3427295895140356 2.533343419541251 2.748467387852034 2.983667855001874 3.2371894412745656 3.5067904034142496 3.789863622199871 4.081503787475299 4.376014468762937 4.672984514127737 4.972656952807548 5.275441207078384 5.580420853709109
1.8202313403743262 1.8202313403743262 1.8202313403743262 1.8202313403743262 1.8202313403743262 1.8202313403743262 1.8202313403743262 1.8202313403743262 1.8202313403743262 1.8202313403743262 1.8202313403743262 1.8202313403743262 1.8202313403743262 1.8202313403743262 1.8202313403743262 1.8202313403743262 1.8202313403743262 1.8202313403743262 1.8202313403743262 1.8202313403743262 1.8202313403743262 1.8204423247488029 1.8285728790021458 1.8475352630231354 1.8760080379914852 1.9126281821431508 1.9578003784641855 2.0295783930021676 2.134841837760032 2.274573086904679 2.4499007295573287 2.662291548426002 2.9055186411762635 3.1712723383346444 3.4572888413794627 3.754129969445848 4.055357134564474 4.359550084503575 4.666036520064033 4.975109842594381 5.288068486179243 5.606888143565758 5.9328174898592625
1.8202313403743262 1.8202313403743262 1.8202313403743262 1.8202313403743262 1.8202313403743262 1.8202313403743262 1.8202313403743262 1.8202313403743262 1.8202313403743262 1.8202313403743262 1.8202313403743262 1.8202313403743262 1.8202313403743262 1.8202313403743262 1.8202313403743262 1.8202313403743262 1.8202313403743262 1.8202313403743262 1.8202313403743262 1.8202313403743262 1.8202313403743262 1.8249926148391609 1.8420388327946853 1.8702744930180444 1.908444450968236 1.9552201514793088 2.0105431652296666 2.0940631928435796 2.213300790667136 2.369072559910516 2.5627207362452316 2.7957740613262896 3.066492221592127 3.357894880997202 3.656544073296654 3.959281469577838 4.263231260785626 4.565896841279693 4.865454999119681 5.160719958207181 5.450347124395076 5.730322645965679 5.98666002571429
1.8202313403743262 1.8202313403743262 1.8202313403743262 1.8202313403743262 1.8202313403743262 1.8202313403743262 1.8202313403743262 1.8202313403743262 1.8202313403743262 1.8202313403743262 1.8202313403743262 1.8202344211220256 1.8203600556517947 1.8205583166204076 1.8207121418651815 1.8207537426814924 1.820666630253997 1.8204861193320248 1.8202982546565776 1.8202313403743262 1.8215504012745274 1.8344650873249144 1.8601980406723868 1.897602244980375 1.9455018202473424 2.0026171358882316 2.068738802055131 2.1636752532235266 2.296216451647074 2.4674385039909983 2.678823184614119 2.9315153956715103 3.214374942747652 3.5102902119350103 3.8105718489679217 4.110772499829285 4.4061854183133535 4.692370088732375 4.965490956777549 5.221974926594062 5.456907862102037 5.660284392043109 5.809513187648214
1.8202313403743262 1.8202313403743262 1.8202313403743262 1.8202313403743262 1.8202313403743262 1.8202313403743262 1.8202313403743262 1.8202313403743262 1.8202757379384027 1.8208584177478944 1.8218876473148218 1.8230981692355719 1.8242632989455942 1.8252012468246068 1.8257807776187112 1.825925633226199 1.8256172355749243 1.8248953600872495 1.8238567009940736 1.8226514954622945 1.8279720422041976 1.8478860111030948 1.8816379551406852 1.9280044197871753 1.9855483826695826 2.053056591745277 2.131314491884518 2.23664784530538 2.381561707464427 2.567354349080263 2.7944264456923156 3.0489436306321287 3.3260959477906185 3.620532006295506 3.916274160271503 4.205816844612605 4.481946769946565 4.737875452845121 4.96784351264622 5.166727390773575 5.3301490207337965 5.450970510769871 5.508121270541821
1.8202313403743262 1.8202313403743262 1.8202313403743262 1.8202313403743262 1.8202313403743262 1.8202313403743262 1.8203238434199212 1.8213815216773863 1.823327877142841 1.8258113584224676 1.8285051573351159 1.8311147403460009 1.833386066215361 1.835113828049899 1.8361489314939434 1.8364043990915944 1.8358590031221884 1.8345581735827867 1.8326120652444666 1.831214928812448 1.8420385931453316 1.8676642176366047 1.9073873849666931 1.9606232780897102 2.0268471912728283 2.104907831676178 2.1963566399556087 2.3111246675346533 2.467132251713986 2.665083133494371 2.889902961619835 3.136364872959887 3.4031998036339486 3.6871403664256204 3.973066034150447 4.245065659536741 4.4929184762340615 4.707509479836713 4.885741026577356 5.028512142231582 5.129345256946397 5.179001671109173 5.164272992627541
1.8202313403743262 1.8202313403743262 1.8202313403743262 1.8202313403743262 1.8202313403743262 1.8210211597875896 1.8233357741297629 1.8267701108867496 1.8309246208265417 1.8354144978750049 1.8398774134204665 1.8439829284349247 1.8474430165887763 1.850022838869589 1.851550686329598 1.8519259320856245 1.8511239658772882 1.8491974322061648 1.8462735968339379 1.8468898917485481 1.8626210930786697 1.893373852432759 1.9385266419050036 1.9975767924673478 2.0700798117801273 2.156689520286364 2.26075376972062 2.3851623139054117 2.550194353853285 2.743999249799146 2.958558416987559 3.193479792536913 3.446541621101856 3.712763022661329 3.9824403932283654 4.232080339210121 4.446502188148639 4.62414763764903 4.75924034584288 4.8474452168835365 4.886040056978824 4.871757219972639 4.800138030408014
1.8202313403743262 1.8202313403743262 1.8202313403743262 1.820291991317502 1.8219048168763556 1.8253889240377348 1.8303083016913906 1.8362260409028937 1.842708366826094 1.8493312308943064 1.8556895531861857 1.861408891264703 1.8661588951552244 1.8696674472188597 1.8717339910224655 1.8722403657455995 1.8711576019222302 1.8685476349535268 1.8645615248890115 1.8684974035240547 1.8884166877506703 1.9235993115630716 1.973496110297071 2.0376782507931903 2.1157752565827144 2.2096515361966733 2.3227798657738075 2.456776233404168 2.6181587640024095 2.7991266601365536 3.0001010111941677 3.2203919253690616 3.45703622524483 3.703466105785945 3.948281561234829 4.176778747832417 4.370869198881148 4.515148721558104 4.6025442962414775 4.633417828284437 4.611614878533908 4.540959443954932 4.42442037128366
1.8202313403743262 1.8202313403743262 1.8203679669082495 1.8225233557750746 1.8269556044392934 1.8332144250220868 1.840839886824392 1.8493636663308857 1.8583130284190792 1.8672180587067342 1.8756224675773154 1.8830979000651473 1.8892610994727992 1.8937925496720718 1.8964545274129945 1.897106080060031 1.8957125485720392 1.8923479836248518 1.8877904234858596 1.8949045569067897 1.918178665990216 1.9569501083369676 2.0107279018164115 2.0791434798038124 2.1619171657590037 2.2621297203316737 2.3828536437185126 2.5211823624508236 2.6657582369611927 2.830468274488943 3.014492529756275 3.2171106862332635 3.435151287486719 3.6611890510702514 3.887281184791411 4.102812526368892 4.278711871215365 4.385822636011792 4.419752806065578 4.390108128445771 4.310179090701958 4.190808230706884 4.039876785023708
1.8202313403743262 1.8203274253866273 1.8226239991871285 1.827649932935261 1.8349540657796017 1.8440695416932187 1.8545145661563525 1.865912521008525 1.8776351366506727 1.889010437093345 1.8995074013572213 1.9087581348298928 1.9164714453197083 1.9221416584081146 1.9254693802010863 1.9262835779200325 1.9245420443332601 1.9203348843479602 1.9157118076723896 1.9250523830855693 1.9507099583567988 1.9920622646548942 2.0486583982782003 2.1201705208039883 2.2064874456428107 2.3114728870629624 2.437860969782761 2.569094708798865 2.695600030389871 2.8384963289387493 3.001838662464764 3.183234489186896 3.380117136520692 3.5912702909310013 3.814530210179348 4.022732168131469 4.175140819848048 4.238353326653972 4.209173898043875 4.114468332499175 3.9796642416079395 3.8208749885817337 3.6468852840761423
1.820235966136697 1.8221685684535454 1.8273117883321939 1.836030245601455 1.8482406281931505 1.862811416192196 1.8786740447664503 1.8948352323557367 1.9103966830692944 1.9245803590335662 1.9367572558839374 1.9464775073089695 1.9534994065918416 1.9578144622390559 1.959665048690073 1.959551087679277 1.9573930393405923 1.9522336473491986 1.9474708614099878 1.9579541126225115 1.98486867563312 2.0276143563023 2.0857590627207117 2.1589908455770668 2.2473406414263404 2.3551002853764453 2.479703110591368 2.5985220263657713 2.7105260061491236 2.8257437699350145 2.962629546941105 3.1181192496533607 3.292929012454705 3.497428638291226 3.722660353820819 3.937951415008465 4.074183763076231 4.07064132096945 3.9602331665105206 3.7966629608066835 3.613588586811615 3.428090193751543 3.2458224555184643
1.821395753051846 1.8281399888616374 1.8404430285015028 1.8570150570815604 1.876599651420809 1.8979709100649278 1.9199426410695823 1.9413880966535089 1.961268225115341 1.9786660862879148 1.9928250406111427 2.003188432790042 2.0094383514162977 2.0115302149667 2.009718411106115 2.004566915127061 1.99693941367663 1.9879672135809312 1.9823060468250453 1.9927011041715625 2.0195825060806607 2.062354649645465 2.1205816713968386 2.1939394823202876 2.28249146316872 2.3906806901049604 2.5047845907189394 2.6089143444986203 2.7052559661244007 2.796265769022493 2.8989656527387924 3.0228826443386745 3.177499850615568 3.367101267982162 3.589555762018511 3.8295536785478235 3.9836283117320055 3.8710973370782504 3.652764515869114 3.424505000998369 3.207009620447463 3.008621645650406 2.835728978916779
1.8310863161406103 1.846744478835973 1.8677252316438988 1.8926819905193553 1.9202629493053396 1.9491130459259802 1.977890181837089 2.005293981076906 2.0301044140178397 2.051227100931334 2.0677423366594723 2.0789556716512068 2.0844484078370815 2.084125336458282 2.0782537314468232 2.0674833537329347 2.052835892975331 2.0356577863348053 2.022031569587714 2.028472617642864 2.053867587755399 2.0951341545304034 2.1518111571737544 2.2235339790130664 2.3102579204333398 2.414446942347467 2.5132728190142806 2.600605103296086 2.67861602966791 2.7493120375543696 2.816538321370697 2.9065514425726113 3.031714343584301 3.1889597180418936 3.3791992704412452 3.6031492353517955 3.807617294426547 3.5490600563732713 3.2682850425791803 3.006097589976638 2.7715408880153016 2.5716832607330096 2.4084261050164018
1.852966688935818 1.877971567415675 1.9082157749753872 1.9422697429272926 1.978653521393202 2.0158436887273314 2.052297952985253 2.086495333257321 2.11698798061989 2.1424597139591213 2.1617870029485267 2.174100492930887 2.1788478140063368 2.1758582684406087 2.1654039011767092 2.1482402673958405 2.125602323858531 2.0991380658669905 2.0749072272528815 2.0702871833302887 2.0872568742840887 2.1249392050583205 2.178317690710443 2.246549867764602 2.3293713049600564 2.4239428358339326 2.506081839599645 2.5749441548979757 2.6324729695239126 2.680272516222234 2.7218154042014193 2.7770360635334677 2.8618007685334987 2.9690879424568664 3.090601390384886 3.2033081084838337 3.225983544651129 3.069339318739836 2.8255058174102836 2.5744599435077733 2.345836606123515 2.15518801714221 2.012079530410067
