_RESULTS/CROSS_VALIDATION_POSTPROCESSED_CLR/Berg/TZ/1comp/2/Berg_TZ_z_250_kriged_reverse_1comp_spherical_2.asc
ncols 100
nrows 90
xllcorner 5.6208707817415728
yllcorner 50.959635321741573
cellsize 0.00013419651685393446
nodata_value 1.7014100000000001E+038
[rows 38 to 56 of 90, columns 0 to 43 of 100]
2.54524370956538 2.437390659154839 2.334985841867078 2.2408523405118146 2.158204071442105 2.0906981709749948 2.038339492236429 2.003235970341507 1.989223769747454 1.9981303737460108 2.0277256049751062 2.0680358443648297 2.113155999384629 2.157679727685078 2.196585835466122 2.2256551521145034 2.245976519922046 2.258599429566857 2.262263326687247 2.2562081261880023 2.240106612941314 2.2140237304670256 2.1784086962467937 2.1332405061307878 2.137403676179214 2.180191244984822 2.2053611078319753 2.2214089410525144 2.238492994973444 2.257515953405883 2.2782308020981867 2.3001342199640495 2.322773455950948 2.3494171317455717 2.383357773193069 2.423389848349082 2.468716330868376 2.5215997968238426 2.602733696817178 2.7113277684374677 2.841605235236358 2.9900531230040492 3.1523622587452285 3.3265104344941085
2.4817373942415433 2.375869130017224 2.2767017080357212 2.1869383149610266 2.1096254472590887 2.048270556616038 2.0028920603711944 1.975240957682861 1.9689203327554285 1.9853883884602619 2.0195662086215975 2.062548033262747 2.109357000254107 2.154752441390386 2.193923739826354 2.222792893031489 2.2387122971068223 2.245421006549856 2.243190891723951 2.231444436439217 2.210248960015865 2.180641940678493 2.1459240972484346 2.1174564305994403 2.118250339373037 2.1409644403248436 2.1608257145345675 2.179229768682657 2.2036418078458855 2.2332056659243187 2.266713176287867 2.302827605091839 2.340429809725973 2.378828974167915 2.4180411510579543 2.461834315710073 2.510660888571148 2.5694216963431007 2.6572689653038806 2.771774125076328 2.907452946475815 3.0611479440224496 3.229144943962017 3.4104193908677396
2.416905118483555 2.313316471698111 2.217479732747444 2.1317717180473497 2.0588475100035755 2.0019441812358303 1.9616069461626096 1.9395466397562853 1.9401801185534928 1.9650931968927294 2.006032558707248 2.055398948860102 2.1073952611038744 2.1565396785342035 2.1981821307768783 2.2285480167561795 2.2446454020456335 2.2469917858399313 2.2402772171043424 2.224488260999302 2.200315790355961 2.169908957029521 2.138178388456975 2.114695275047537 2.1101624212778463 2.117644316177537 2.1284097938689426 2.1463809695289635 2.176133946527994 2.2153890237319045 2.261314202892982 2.3112549370826714 2.363175101542503 2.415785797319149 2.4684640078993936 2.5206324017986956 2.5688754227399224 2.630268847056195 2.7216894765191535 2.8395575901749854 2.9784880394656725 3.135629793247013 3.307788808330844 3.495151512541664
2.3512430924269747 2.250414723508997 2.158323519135793 2.076782158781511 2.007740952261255 1.953810098904111 1.9163671421914714 1.8974385081518073 1.9038940931769142 1.9381491376540232 1.989616228333892 2.0493274693644343 2.1097427939058138 2.165038284938783 2.210895784374478 2.244043689685424 2.261965339502556 2.2631078867194363 2.2529147289871343 2.2339620676843364 2.207312726684714 2.1753887114264443 2.142563627456143 2.115220915920763 2.0997088544983207 2.0960728613966477 2.100263783482626 2.117787632293018 2.1529842106569017 2.202526083368067 2.2613508783251692 2.3251022845510967 2.390760001407411 2.456523941975176 2.5208019659198797 2.5789188669506515 2.63132399750721 2.699761895178442 2.795057708834603 2.9149149305043913 3.054853261534872 3.213101041653025 3.3873258648334494 3.5789691498251273
2.285312879455792 2.1880623574084033 2.100713480955575 2.024260957394497 1.9595552325374102 1.9079880600657215 1.87112618848415 1.8513990963424347 1.8610313939387337 1.9069744815432477 1.9744730711979481 2.0486862482274697 2.1199779443701283 2.182856740630471 2.233836233258619 2.2704030590203583 2.2906309814690435 2.2930660380718937 2.280103680256679 2.258232794452665 2.228689209238383 2.1935250087824585 2.1559396517226275 2.1200949643527203 2.0903990704885325 2.071860221778778 2.070806798682854 2.0886886725532863 2.1314966170339487 2.193732998157035 2.266870298062961 2.344642048053141 2.4233414297601708 2.5005035261739357 2.570214515369612 2.6315472454199824 2.6868426100305784 2.7602848719683735 2.859326482416482 2.9820199771409195 3.1238437700443864 3.2829163463756923 3.4578106229668766 3.651152718159448
2.2196077787011443 2.1271874741615684 2.046372022210813 1.9771001987006442 1.9187834022379093 1.871004095148582 1.833915804845185 1.8077987018003912 1.812702513381283 1.8770533688461624 1.9687475840825286 2.060112318350143 2.142619680265991 2.2128533318866834 2.2686989888283584 2.308516492206264 2.3309548090214416 2.3349397959974265 2.320717389235999 2.2959127375478428 2.262980985027548 2.2233501534965416 2.1790155690408657 2.132423376235531 2.086529527758394 2.0505808341045526 2.0372537132287727 2.0555309119037704 2.110847686057583 2.1902358668099353 2.279442200402495 2.371008392771123 2.4613977942987857 2.5441602569925026 2.6165214293948122 2.6791463437584175 2.7352793366535986 2.8100382739559735 2.9091560354959967 3.031106160994635 3.171467497303892 3.328220939419421 3.501104809074656 3.693020777329847
2.1543871437067956 2.068509863846977 1.9969218556938895 1.9382323916592659 1.8902845873271632 1.8509964480236196 1.8186887588810043 1.7886784774041136 1.7621451280712725 1.870763114178418 1.9874669120349455 2.0912341574715514 2.181062582075757 2.2560048558773897 2.315060982999542 2.357210948435415 2.3814693775542706 2.3869460527451496 2.3729835084574775 2.3456501647604244 2.309380200481274 2.2650667195468026 2.2138402454267325 2.1566944271626216 2.0972457622537597 2.0428178992810015 2.0038007466520003 2.0164503777754463 2.0956992384394053 2.1974836929950525 2.3026594069229267 2.4060746707075245 2.5029480091834544 2.5875547617419885 2.6603692648621613 2.722196973788515 2.7766199603571984 2.8489476111990992 2.944409192558218 3.061811786437599 3.1971813996159097 3.3480326877328492 3.515931506609853 3.7028728630493886
2.0895283037802623 2.0123625159642646 1.9536318260609202 1.9099882277092965 1.877619061324685 1.8537312373857149 1.837273735831291 1.829383986214099 1.8470679541632533 1.9317871010474756 2.0408094359370805 2.1437332224427097 2.234206580331641 2.3100887922130227 2.3700962788800366 2.413185843746896 2.438419489616831 2.4449468725921837 2.4320191910699416 2.4031376670478872 2.3650347804237057 2.317993317821962 2.2621266987013953 2.1989739632491316 2.13386274095686 2.0672615372046725 1.998841473405249 1.9882129782038518 2.106636054130914 2.225880574524611 2.3409980003236437 2.450614976677387 2.5476746995089226 2.6312289634225907 2.702024609171384 2.7608723073816357 2.8109028484680483 2.8770739570893573 2.965168082046659 3.0740623784458583 3.2008237575509404 3.3424091275859977 3.5020634110039155 3.680213351345464
2.0244504044950764 1.9587740881348878 1.9176578790334378 1.8940463206533624 1.8820467630232594 1.8787754244090875 1.88413786128492 1.9039614232696533 1.948796964023461 2.0257614119960428 2.119619366320695 2.214095712696542 2.300205647482195 2.3737822878345667 2.4325973043429476 2.4751885725332103 2.5004302220938905 2.5073739612534465 2.495190082118195 2.465624646864139 2.426487865941623 2.3784048250537206 2.3226174082115465 2.263512857124796 2.202276747579078 2.1412691222195805 2.090724936787075 2.0937197321069374 2.175172503865049 2.282558662490538 2.3958703766365623 2.5024942257233764 2.5954493893242576 2.674853476177314 2.7411447143094128 2.794905234285547 2.838146215573608 2.8945794284169883 2.9717285366425807 3.0683845891523776 3.1826529416422997 3.3123234862956727 3.4600122791793106 3.6253165695820044
1.9581387699207866 1.908242166567547 1.891370146039971 1.8925204938692208 1.9030202395583622 1.9198994606731994 1.9453012291073586 1.9847719598476905 2.0444373565928124 2.1220578725731127 2.2079788235251216 2.2943665510325957 2.3744991212605155 2.4440033714870726 2.5001472427717815 2.5411016885009663 2.565514628837913 2.572297867595473 2.5605256283038917 2.530929585032734 2.4916235477882207 2.4455342113261054 2.396344801939696 2.345461245193172 2.295128098546109 2.250121492767168 2.2213953817093843 2.228703717699407 2.282889967980121 2.367076714449561 2.4644214251284837 2.5590617192633616 2.64439436003263 2.7170145007031667 2.7766659994502847 2.8235260338820236 2.8583092772794205 2.901707563372824 2.9645964365572874 3.045614813608511 3.1436457353333065 3.2590009367265997 3.3910593223976195 3.537292471429026
1.8892538989062544 1.865087301055778 1.8815501760605342 1.9085575891258908 1.9389367694367385 1.973153274231681 2.014183919811533 2.0664002152057983 2.134129596484077 2.214112542945201 2.296512927429946 2.377151032895859 2.4517381425506763 2.516723344494844 2.5694803192004194 2.608080865933891 2.6310493403004944 2.6371952153689677 2.625518324028018 2.5963070145264933 2.56022025858079 2.5210572670043154 2.480032832577835 2.4389163226688075 2.400561073631639 2.369768403064608 2.3537995165475616 2.3619229324966087 2.4020033666636422 2.467788493213522 2.546445596282167 2.6233521683477585 2.6939600285772443 2.7557037633929236 2.806863347743246 2.845491029301083 2.871257246631697 2.898779829627399 2.9444845809805478 3.0068347458212217 3.086460732697692 3.1842998623729706 3.297270587700792 3.4177452907679142
1.8162844159559803 1.8538044874456996 1.9017184768406041 1.9467837386642584 1.9910006686231048 2.037065746528061 2.0881650447225355 2.147660347930444 2.218331993275683 2.2996172668583994 2.3804133943152994 2.457101092442503 2.5270774965359335 2.58776115670904 2.636944492201555 2.6728294715047354 2.6939477783401937 2.699073486110248 2.6882788094094483 2.6635758677407484 2.63379387951277 2.601939746983716 2.5692934801216634 2.537686252173496 2.509773292643688 2.4892226124240375 2.4802857826144873 2.489803591076913 2.5221947467045673 2.5745612584397275 2.635837050952037 2.6958425720595542 2.7507717491841506 2.79792555300278 2.8354280460568306 2.861976972711217 2.876678693249875 2.886560548657296 2.9123865714636894 2.9543323663793686 3.0140699634914214 3.0907976425259798 3.1815743685982865 3.2722072769887123
1.9237547208273176 1.9238649684423026 1.9635830578333067 2.0103631822457437 2.0589598752441227 2.110043517082198 2.1655647620865226 2.2276729223504392 2.298049261401104 2.3769827972128477 2.4565307212142016 2.5302491214677 2.596377483821997 2.6531378124228264 2.6988064208117244 2.7318667465785977 2.752003939979811 2.7589599028330727 2.7523344031488293 2.7328984186618124 2.7094264961872696 2.684721210055896 2.659959361490878 2.6367438006101818 2.617170523440341 2.603722952433749 2.5990070839339854 2.6099372258635105 2.6383960532433424 2.681153742210499 2.7276787641470435 2.7725875140797234 2.812783517615774 2.8457801742956703 2.869672686893525 2.88303121631363 2.884799019174376 2.8764857687578713 2.8795169329053896 2.900469048729154 2.9383461762462844 2.991765423269963 3.0575814938237564 3.1179185984457503
2.064736191512397 2.045215599549718 2.0623157429429995 2.0969702881154277 2.140292615471111 2.189490598913598 2.2442275287534796 2.3050134190592892 2.3723674085685804 2.4463736227467283 2.522249530907123 2.593321076513841 2.656362275794258 2.710362768934636 2.754403869398801 2.7876471274141874 2.809371793629045 2.818982884441839 2.816016207675542 2.8015107259232854 2.7841684655416987 2.766176294276378 2.7484885609548075 2.732342645687445 2.7192198799366762 2.710665033453199 2.709342231096173 2.721592779261901 2.747516250022093 2.783698503625301 2.818644655542447 2.850479364392335 2.8773723903347026 2.8971876033399715 2.908142533767444 2.9087967378895803 2.898008543980728 2.8750945073849863 2.8566316024001286 2.8558065157650607 2.870634715612112 2.8993447702507638 2.9365467215741465 2.965236417829649
2.204000250354264 2.178392857375399 2.1809954679169894 2.202755591347291 2.2366517398491306 2.278950286370394 2.328070475575145 2.3834836994174493 2.444985717716662 2.5122481788136315 2.583051416333264 2.65020756156345 2.7115825608219826 2.76439782547578 2.807906118799236 2.84148356699236 2.864507242752506 2.8763815016137655 2.876567010160322 2.8667517020563458 2.8552746117104992 2.8434594456756397 2.8319793176984103 2.8216773222100295 2.813489128651415 2.808276975254061 2.81059073499732 2.824130429769176 2.848364007031368 2.879369616236792 2.906278133794126 2.927114259576064 2.9423083032717967 2.950223361185338 2.94927295838381 2.9380881707479634 2.9157653714967973 2.88373358529819 2.846604238861813 2.823622834127493 2.815093672947806 2.8188146009961863 2.8267433319290034 2.822736114653638
2.340107935410449 2.3125949018886405 2.3067602516054606 2.318309806375102 2.342726254811371 2.3767448818448065 2.4184054967816175 2.466612132104294 2.520681035024138 2.5800064712597077 2.6437470980609663 2.7058523969334347 2.7628761781742783 2.8139734807788916 2.8568182332220795 2.890543947999902 2.914611347291047 2.928404102908323 2.931277517233809 2.9261569050277276 2.9202782302775843 2.9141184701097966 2.9080544932616403 2.9025613997398274 2.8981293121806515 2.8961491907424737 2.9021466664171185 2.916958815795141 2.940038859417522 2.9670562318615317 2.98790015489492 3.0005601575481475 3.0056748604682975 3.0031141672217827 2.9915128032295826 2.9701903749374075 2.940034266580509 2.9006857193788544 2.8518227026467375 2.806996422352348 2.775688503844898 2.75534180919684 2.7359060281567875 2.7012967737755886
2.4717330986520767 2.4439988896296563 2.433117899848135 2.4370531590979354 2.4530720877461443 2.4787241361526227 2.512181358037718 2.5521753393567237 2.5977954223067403 2.648290280647277 2.7029237945266296 2.7592314036805567 2.811069998638211 2.857627806126995 2.8983884328678435 2.9320468951818284 2.9569403019670704 2.972374922233172 2.9775569588627464 2.9775078053002213 2.9770117090018604 2.976058804721186 2.974740592350142 2.973213190191924 2.971667445605787 2.974164044435436 2.983462791158564 2.9995169364449943 3.0217828324559965 3.045868946224923 3.0621115913435943 3.0689194903619006 3.065755842087242 3.0542278603948327 3.0347311017059386 3.0071239782251205 2.9708656023049187 2.925505358002839 2.8706791005363756 2.8085444200453424 2.7557684474201807 2.713314143119751 2.6703649318990452 2.6109054728385335
2.5976436909398757 2.570501290529392 2.5565111015063566 2.554764702868181 2.563652123665761 2.581448655499048 2.6066422322161307 2.638021086128173 2.674629785565286 2.7156849677486576 2.760498752035267 2.8084011358569048 2.8547550569094104 2.8963292903585827 2.9329262824988733 2.964052163161907 2.988842806823365 3.0057366812070914 3.0135310607937287 3.0188588104768272 3.023606345785102 3.0275011434213663 3.030376217693089 3.0321266484664933 3.034536915845872 3.0417362244291546 3.054027131586412 3.071262143661871 3.092912689214841 3.114969443553704 3.127857139471606 3.1301964054291838 3.1218411018019347 3.105138097823326 3.0807957620788278 3.048331527322409 3.0073118565803867 2.9573678430971686 2.8982024827833843 2.829594561997735 2.7576842247009017 2.695627256750356 2.633939382708249 2.557993782208987
2.7166827005991214 2.690592144387412 2.6746853610312833 2.6686456065508044 2.671549690470142 2.6822178633151244 2.6994657355693628 2.722231493613389 2.7496135958718684 2.78086704507671 2.8153915267919833 2.8527196765776193 2.8919620011474843 2.9281611835349146 2.9603127890936336 2.988212717817842 3.011043563650976 3.027403474525495 3.038000028732668 3.0485660832175627 3.0584904905937567 3.0669475222101146 3.0735491007015154 3.0788545179604387 3.0868725115977638 3.0983506128394316 3.113347005154287 3.131659141701788 3.1527938606403376 3.173860727734958 3.185524895213389 3.1865934488096657 3.1765762390764216 3.156503993458761 3.1286034672428213 3.09258449056328 3.0481479093176933 2.995049612681899 2.933120671731131 2.8622899080055553 2.7826183738735955 2.703367974451667 2.627423528625704 2.543847266997333
