_RESULTS/CROSS_VALIDATION_POSTPROCESSED/Berg/TZ/8comp/5/Berg_TZ_z_180_kriged_reverse_8comp_spherical_5.asc
ncols 100
nrows 90
xllcorner  5.6208707817415728
yllcorner 50.959635321741573
cellsize 0.00013419651685393446
nodata_value 1.7014100000000001E+038
[rows 57 to 75 of 90, columns 0 to 43 of 100]
56.547289459749436 56.382382114345056 56.216059356500246 56.05650943319118 55.9117122619221 55.789106987624926 55.69518790581147 55.63507316986404 55.61211118019684 55.62759675022216 55.68065567632576 55.76832302031147 55.88579785087122 56.018499796083354 56.13148180256415 56.22897137335586 56.310815386964684 56.37381382841017 56.41445650449484 56.428998483830696 56.41338390113001 56.363000404500326 56.27779992280567 56.19508957486976 56.12464006925501 56.06774493379759 56.02499452405865 55.99678319227404 55.9905170535697 56.02026818580067 56.1434569960914 56.36754695349231 56.69771380214858 57.13518614130992 57.66230324960131 58.24696100230838 58.85635447607625 59.46320610080302 60.04572214898798 60.586147208326636 61.06961034742846 61.483365715168645 61.83691608095743 62.14221659993131
56.77514830018302 56.654486550826164 56.53001561140466 56.40892941664012 56.29808124554295 56.20372701095366 56.13122839961912 56.08474838054469 56.0671981544279 56.08012438932124 56.12198872846995 56.18984621477162 56.27970869242485 56.38680587193434 56.49627114193234 56.58674070085476 56.658728067452735 56.70955001109637 56.73603357857683 56.73457664376313 56.701078455190355 56.636021921686606 56.57098932482971 56.514116291091696 56.46729655203677 56.43185598272665 56.40867735399214 56.39854568861509 56.40301400382791 56.43472236972392 56.55291145408275 56.76996309218637 57.07910136049642 57.47132770218948 57.93138530268346 58.438146083406075 58.96845118124418 59.500324937335705 60.01422045837895 60.49308384038255 60.92202264554594 61.30212539798067 61.6437224997225 61.939310326468245
56.94286754992919 56.863285402649076 56.777148493329236 56.69084208600028 56.61036838059075 56.54467108162859 56.49877457326075 56.4737440485734 56.46977371009469 56.48611104034451 56.52105014626952 56.572000872087244 56.63562569978886 56.70802343874588 56.784931246979 56.85922673957799 56.91399096229773 56.94778902986184 56.95932066646831 56.94112460880846 56.89723794707523 56.852943282536884 56.812436492706496 56.77790892539315 56.75109211890741 56.73327292834311 56.7254020964985 56.72832460460968 56.74311829699368 56.77162341637207 56.86408583373842 57.05178239857823 57.32376574343914 57.66763841789352 58.06852548052834 58.50911710796131 58.97084963245097 59.4352885917967 59.88503698883828 60.3041075898392 60.69111038453392 61.05109685381051 61.37496407441858 61.65432027643877
57.04473320342134 57.00367135829655 56.953396382555965 56.906958667456294 56.870043301922 56.844076512917304 56.8299569206676 56.82797379514236 56.837746753258834 56.85820096850739 56.887587330431366 56.92354938789121 56.96323003822915 57.00340326893992 57.040612039782445 57.07307751794632 57.10262770773392 57.10901568834335 57.08908133794222 57.06102689120127 57.038869332165376 57.018327010077385 56.99948458924291 56.98430613046198 56.974353997747016 56.97080716679456 56.9743359672466 56.985619414737 57.00588483399949 57.03590577239783 57.097456317834585 57.24248594704625 57.466943724979636 57.75756267979233 58.09973371446052 58.477722141275834 58.87514992380039 59.27561891405978 59.66355654029658 60.039708257246104 60.401117966673944 60.737768507420284 61.04035915574778 61.30025647329887
57.075297978812564 57.07633583834384 57.078695921314534 57.083592292791295 57.09204727587527 57.104644348795986 57.121492053416524 57.14219756719473 57.16585881713427 57.191081835559665 57.2160262060722 57.238476326125664 57.25593091496126 57.26569917804704 57.26499050440874 57.25113144227291 57.228136532191996 57.205870535796166 57.18471127377117 57.16073285978932 57.140353046440495 57.129739737929455 57.12736390601538 57.122169584566294 57.11736879042869 57.116101097470896 57.12084518017249 57.13341434252883 57.154925913187384 57.18569838282374 57.23038431944851 57.34116488443232 57.52201494247247 57.76247486811476 58.04690339754133 58.36187136866611 58.69544067573693 59.036226207157625 59.384583030243775 59.73074958877963 60.06430778760535 60.37542051238067 60.65490329543589 60.894281043880504
57.089345931799286 57.11998741432341 57.16346799889377 57.21560149980556 57.268570335782535 57.319073099637876 57.36650734406011 57.409851466252135 57.44770222875203 57.478331100990864 57.49975677949594 57.50982734289054 57.50630247799449 57.48692501080646 57.451266904040466 57.405372816001375 57.35479514871344 57.30939831969947 57.271841417073475 57.24413529890584 57.21533835529979 57.1845538102982 57.16089323948772 57.15071852801383 57.144071137912135 57.14091238064823 57.14388126969523 57.15487796559546 57.1749592320315 57.20418308345205 57.24140310825167 57.31586719714821 57.459852718430184 57.65975920839941 57.9005004144568 58.169593065036665 58.46057811368585 58.764409254351044 59.07838798274475 59.39234010381288 59.6961591718598 59.98028956103686 60.235844696065 60.45473582394122
57.13522605904359 57.19125406173043 57.25919989655664 57.33465348093082 57.41324928804921 57.49075118600223 57.563154209349754 57.62680169476815 57.678512684526126 57.715710575315306 57.73654063937263 57.73996251949103 57.725805144293396 57.694775972241274 57.64842315688321 57.589056311602626 57.51975963860472 57.44993724465479 57.380835951980224 57.30623918244554 57.23225956633975 57.16523762744543 57.110846025950835 57.07227538562716 57.05538673827398 57.04780452838109 57.04670845375418 57.054159331627794 57.071242201868785 57.09787950188969 57.13264358617142 57.178860364709 57.28263083790556 57.44723827587491 57.66214348849616 57.91448013808338 58.19084229574363 58.477613003465336 58.761802164111074 59.04140923613831 59.3138815227906 59.57001173933928 59.801310219615 60.00017152183473
57.2088488995104 57.29070263950705 57.383701622880444 57.483111231084 57.5841955552559 57.682306476436196 57.7729969240103 57.852158063169455 57.91617525919391 57.962091575820416 57.98776173458401 57.99197607851902 57.97453525555159 57.93626286668674 57.87895383712388 57.805267513350444 57.718365510773864 57.61053421340579 57.48771108068277 57.358395276186926 57.22991538083204 57.109423361471045 57.00388892125079 56.92006059683388 56.86439286325613 56.84091263529093 56.8322890444005 56.83446027999485 56.84851940711386 56.8748130076937 56.912746172416895 56.96066262753614 57.0383823705449 57.180701007946666 57.37652066269724 57.612798674247856 57.875989929567616 58.15237162505611 58.428283422489294 58.69028677833646 58.931931459102124 59.159599101369096 59.36612520929236 59.54429178038938
57.30570733224904 57.4137103420423 57.53227312717664 57.65633021546511 57.78075303515015 57.90044014442235 58.01044076267636 58.10611416784124 58.1833209752979 58.238633005281415 58.26953835407698 58.27461117557857 58.25361582365053 58.207524621826224 58.13844556844108 58.04844765338674 57.92381568996869 57.76602493916128 57.58692514253823 57.400336582474864 57.21462305487527 57.03784347902927 56.877888205945425 56.74244425724824 56.638908302158555 56.57424383775906 56.54981111187185 56.544827835273594 56.55727799017678 56.58744042027539 56.63437400556223 56.695857729364775 56.7691370773874 56.88743531983549 57.06234560029473 57.28066784622998 57.528732876512265 57.792768419747986 58.05916706922901 58.31466692027989 58.54646026469419 58.74740586125154 58.92869601382641 59.085761343787524
57.42105887807273 57.55538263239311 57.69990778475137 57.84924022112443 57.997842692439896 58.140120594070886 58.27055190372563 58.38386911388863 58.47529289347308 58.540803408931005 58.57741793304281 58.58342882293864 58.55855282687439 58.50395680155379 58.421181023865074 58.29343125258804 58.12042668938061 57.91175530629275 57.67738269156987 57.43082447680145 57.184976717233724 56.94890774725073 56.731535044323735 56.54160508722044 56.387594472572324 56.27752196043612 56.21867924195968 56.20462435310984 56.2149167331151 56.24928967559239 56.3064020624902 56.38333723497507 56.47582663942645 56.58226840749451 56.7360254687997 56.93587729828735 57.16806332868744 57.4188101862784 57.674616943808964 57.922444875501036 58.149833130848585 58.344959107592864 58.50309321571987 58.63949655634136
57.54994283485889 57.710556171949115 57.88127861606252 58.0564027275026 58.2299784903181 58.39588557985552 58.54796143838209 58.68020199136161 58.78704332230399 58.86371332037468 58.90661321342121 58.913659543318445 58.88450505492179 58.82043521538517 58.7043908702487 58.529652261768774 58.30604211118949 58.04395798495937 57.754165157199665 57.44767772135771 57.13866124964982 56.84009302957609 56.56204105952356 56.31446934189833 56.10713197902082 55.94932826158475 55.849526662431 55.8140616739634 55.82181644350873 55.861232551009564 55.93044484871326 56.02560128176689 56.14126049249133 56.270972829478474 56.41300972664026 56.595450957625516 56.812325438328855 57.04994201045702 57.295002788650564 57.53478325235778 57.75723822849665 57.95105552386969 58.10567001504718 58.222583922086855
57.6872062160224 57.873808858575735 58.0707278440382 58.271976043530046 58.471206134600216 58.661756057289004 58.83676028432543 58.98935766939839 59.113021229230036 59.20201133720147 59.251906783639306 59.2601095882926 59.22618392306528 59.13869912257969 58.97837492264292 58.75441150659449 58.47761771306976 58.15932407517279 57.811134651201876 57.444834161559136 57.072396997592364 56.70792024601402 56.365563158688936 56.05672692571151 55.79273064585399 55.584502422065604 55.44204741138369 55.37377515630598 55.37654369967581 55.42244353955503 55.50665835904365 55.62399456243966 55.7673601158515 55.9286365207741 56.099523252124186 56.27560400022239 56.47922133066011 56.70504084411079 56.9401200156389 57.17219162629088 57.38974106015817 57.58203991843964 57.73914718139645 57.85194662836294
57.82754580353444 58.03948564699816 58.2622692259734 58.48968656099193 58.715037158856596 58.931131260163504 59.13036050478575 59.30488761725141 59.44701034051357 59.54973353136659 59.60751377852165 59.6170264020025 59.57314484048941 59.44652451305886 59.239727227817895 58.963916124993666 58.631137138122966 58.25374375471265 57.844139162208144 57.414774278633196 56.978294571268705 56.54772977288528 56.13723335195996 55.76278185835161 55.43794515658791 55.17582990183898 54.988574432919805 54.88632590567444 54.87530573368462 54.929961492857956 55.03348235433435 55.17864798257364 55.35595563650829 55.5549581567787 55.76542219089246 55.978109963709954 56.185594187331546 56.40221562261115 56.628998650415305 56.854350436363646 57.06746137889316 57.25830896647256 57.41764215542023 57.536406709667276
57.96557506380867 58.201751766817175 58.44961742484966 58.70282176910989 58.95439263014835 59.196673848197904 59.421322470296936 59.619434683756126 59.781900331073814 59.900089166596715 59.9668900768457 59.97791157251782 59.90808475444381 59.73963348522315 59.48365725512578 59.153133107276844 58.76160547259486 58.32244818899529 57.84868325421893 57.35316658984201 56.848955772828425 56.34972348853638 55.87010508060683 55.425857038359396 55.034592921087565 54.713700663079536 54.478468263640714 54.3416911281321 54.31196940377939 54.37811716821426 54.507344192365295 54.68846942398196 54.908351205947916 55.153242423489644 55.41038172606244 55.668867371829435 55.91991491809172 56.156715925035286 56.37948077117779 56.5996793628935 56.80914837387737 56.99872673960393 57.157953814716976 57.27723547226302
58.09592531044092 58.3546875416987 58.626264286725494 58.904270164497575 59.18158395356169 59.45020845691975 59.70115798767692 59.924452299773435 60.10936584032519 60.245156592930726 60.322469773151965 60.32910285279933 60.225045697964696 60.012008459865825 59.703756925347506 59.3157711351028 58.86327284827533 58.36045346127964 57.82055443869029 57.25637267416682 56.680931385619445 56.108189814193366 55.55370225742369 55.0350911012492 54.57209576568276 54.185859744886585 53.89746368563429 53.72480924773002 53.678981850600294 53.75790876178313 53.92249056150783 54.15139110813243 54.42582446233884 54.72734248669251 55.03996483564247 55.35098127510195 55.650854048423625 55.93268590971625 56.19157255827161 56.423937351096576 56.629901564586135 56.814298340234714 56.96956323648658 57.08804721135029
58.21338916076164 58.492439587949185 58.785626369965726 59.086644197716176 59.388377934158164 59.6826842155044 59.960146186988204 60.20986004351635 60.41941603160203 60.57544268440325 60.66530938311839 60.657251002052334 60.51665808148451 60.25552664371489 59.89193987323659 59.44461274906202 58.93031552350614 58.3635048448371 57.75696679679206 57.12275742439053 56.47320670650694 55.821958932690684 55.18504837827405 54.581911793804395 54.036016648903086 53.574459457535994 53.225672178306795 53.01479532995773 52.95779889071519 53.05633971514503 53.271122781143646 53.56510166197671 53.91058771492525 54.282543837139386 54.66116570976223 55.032124844257936 55.3855194400714 55.71444104873442 56.014242546462434 56.28161566569847 56.5140132456383 56.7092597522756 56.86528679639351 56.98222979936357
58.31310960282895 58.609439141385685 58.92128741075812 59.24253009059354 59.56621652998152 59.884296539654315 60.18725909446668 60.4636816586167 60.69976304460831 60.87920220006574 60.982990546974236 60.95359227313325 60.77292917025744 60.45974492338042 60.03886949500268 59.532524139810164 58.9582033866478 58.329633263058575 57.658251161650206 56.95455064079237 56.229325556598845 55.49499035577019 54.767139416695365 54.066391369399284 53.42023492411828 52.863876284834014 52.43806227855175 52.181652170787295 52.119701733422154 52.25377059239298 52.54243562515934 52.92696581300468 53.365631286021596 53.824616155533164 54.280162007363984 54.717051229908165 55.12610757958372 55.501985237667874 55.841573613931686 56.142955524482 56.404762537133244 56.62578608360287 56.80474171452734 56.940118084148686
58.3908088268584 58.70068677401874 59.02734747619438 59.36490200963851 59.70667475837181 60.0449190471725 60.37041104575156 60.67185533783223 60.93498331555834 61.14123494039853 61.25778445227878 61.206529359045284 60.98064048539257 60.61222299432879 60.1353924360457 59.574419642827536 58.94572287275288 58.26107542245666 57.52972716232719 56.75984968949115 55.9597849117353 55.139474464140925 54.312433727695584 53.498634656588095 52.728442750061355 52.04672615623358 51.51349955593194 51.193781863543094 51.13255510606752 51.329611600056865 51.72819599002484 52.2389310932574 52.79822378120305 53.3622652792641 53.90510939139632 54.413072296639484 54.87972031147652 55.30248453576121 55.680640728959474 56.014184334929865 56.30323261557648 56.547717956804675 56.74723294131323 56.900947442131
58.44303788658476 58.76208273428002 59.09886180533916 59.447702192136354 59.80221054420859 60.15501584780013 60.497405583936995 60.81878911339095 61.10580293907783 61.34038153599089 61.47320834946785 61.40098410933423 61.122597294224114 60.70026857923683 60.17543198326988 59.56985958568237 58.89689534993615 58.16563881421224 57.382787497691254 56.55375469554137 55.68365078359883 54.7785376293075 53.84747090363735 52.90614557623204 51.98336050551825 51.13128065912462 50.43646076625944 50.01461744583177 49.959550819294364 50.26854678536109 50.836511706473594 51.52242342791858 52.23331525969678 52.91863975236472 53.55554543462657 54.13598219600859 54.658832800098935 55.12577080713101 55.539245528246575 55.90156717640846 56.21453067047254 56.4792893603704 56.6963343497297 56.86550806963415
