_RESULTS/CROSS_VALIDATION_POSTPROCESSED/Berg/IZ/3comp/5/Berg_IZ_z_125_kriged_reverse_3comp_spherical_5.asc
ncols 100
nrows 90
xllcorner  5.6208707817415728
yllcorner 50.959635321741573
cellsize 0.00013419651685393446
nodata_value 1.7014100000000001E+038
[rows 57 to 75 of 90, columns 0 to 42 of 100]
22.167641759317014 22.156800879940512 22.12502125999965 22.074383835587568 22.007931632384363 21.929219499216313 21.841926786045978 21.749596705493477 21.65549977802379 21.562587598761848 21.473500207314338 21.390599537465565 21.31601205266302 21.251671666275733 21.19935898638177 21.160735601423326 21.13737340156512 21.130636333606162 21.130636333606162 21.130636333606162 21.130636333606162 21.130636333606162 21.130636333606162 21.130636333606162 21.130636333606162 21.130636333606162 21.130636333606162 21.1305401997048 21.1242094295903 21.10899011400398 21.08634896469098 21.057807924052472 21.024939931597952 20.989360162769945 20.95271063651545 20.916635858611297 20.882747348873576 20.852575804606115 20.827511549812627 20.808736820467576 20.797156834942086 20.793339372438187 20.79747329621374
22.001978133209352 21.992936141359625 21.96635400278128 21.923778060171063 21.86753359004773 21.800438461859137 21.72553118244501 21.645861012843834 21.56451918655623 21.484627200556073 21.408054315203557 21.33667310543986 21.272525362673424 21.217848027875267 21.17508914608175 21.146009261724394 21.13180822230859 21.130636333606162 21.130636333606162 21.130636333606162 21.130636333606162 21.130636333606162 21.130636333606162 21.130636333606162 21.130636333606162 21.130636333606162 21.130636333606162 21.130636333606162 21.130431299231336 21.124314332572506 21.110750171216104 21.09119594561729 21.067141933764375 21.040099942147584 21.011585955884716 20.98309562314948 20.95607151916101 20.93186200861074 20.91167296992574 20.89651554869871 20.88715507561992 20.884067654633316 20.88741098314115
21.84721116570493 21.839665365803622 21.817441461695672 21.78172806303122 21.73437798579197 21.680421877655267 21.62277277190151 21.56220731145994 21.49976425819048 21.436712765475917 21.374549384955174 21.315010474597106 21.26008848927052 21.212044127380565 21.173410069399573 21.14698530558705 21.13548263470412 21.1312450274329 21.130636333606162 21.130636333606162 21.130636333606162 21.130636333606162 21.130636333606162 21.130636333606162 21.130636333606162 21.130636333606162 21.130636333606162 21.130636333606162 21.130636333606162 21.13056340903237 21.125970046700058 21.115225989658004 21.099737810457167 21.080917051470387 21.06016233963082 21.038835964556966 21.018234530386103 20.99955402666385 20.98385070811831 20.97200040026001 20.964659982607092 20.96223546166818 20.96486087117905
21.704505700298043 21.698234945260026 21.68001061102244 21.656381823180375 21.62912862745463 21.59763675319032 21.56174507126993 21.52167832121091 21.478005447179598 21.431623212742785 21.383758157157192 21.33597716232936 21.29019727838326 21.24868788007992 21.214061575061187 21.189253625048302 21.171770298353792 21.155039635581403 21.14111324920006 21.132361578297857 21.130636333606162 21.130636333606162 21.130636333606162 21.130636333606162 21.130636333606162 21.130636333606162 21.130636333606162 21.130636333606162 21.130636333606162 21.130636333606162 21.130636333606162 21.128455006800785 21.121283406211592 21.110382033857416 21.09704167439035 21.082505932108656 21.067945339947816 21.054427856645223 21.042887052341342 21.034090066857726 21.028608077154754 21.026792311582017 21.028758416003058
21.575000278623378 21.574397521830853 21.574230699505623 21.572490162551986 21.567547723257302 21.55824927360967 21.54387766688396 21.524126512903866 21.49909081550826 21.469273676677524 21.435602978972966 21.39944919624761 21.362635493419976 21.32743358491389 21.29654250862498 21.270279929722115 21.241532008592177 21.211612768892937 21.182931605019007 21.158095898683865 21.13985101849936 21.131031182925657 21.130636333606162 21.130636333606162 21.130636333606162 21.130636333606162 21.130636333606162 21.130636333606162 21.130636333606162 21.130636333606162 21.130636333606162 21.130636333606162 21.13041274649645 21.127145951530647 21.12090489120021 21.112827798225567 21.10397606384118 21.095309331095873 21.08765946634208 21.081705038973812 21.077948312337348 21.0766968694459 21.078051772956474
21.470551426307566 21.48981384130831 21.510795734759462 21.531018831985214 21.548417450651318 21.56133315218244 21.568513473992482 21.569122120584716 21.56276347347215 21.549518712300948 21.52998593463981 21.505313853880327 21.477218760068673 21.447977419342443 21.418746514333186 21.383271671436336 21.34235412606232 21.29842465879835 21.254184208462608 21.21251902034487 21.17642841565808 21.148968032317356 21.1332090468669 21.130636333606162 21.130636333606162 21.130636333606162 21.130636333606162 21.130636333606162 21.130636333606162 21.130636333606162 21.130636333606162 21.130636333606162 21.130636333606162 21.130636333606162 21.130499821237134 21.12858492180358 21.125151259660942 21.121066130573748 21.117076163584265 21.113786754630333 21.11164386463189 21.110919689016207 21.112098175920234
21.405819597524697 21.445424928413246 21.487868848312814 21.530349183045313 21.570380895239197 21.605812242320205 21.634852202629283 21.65611428963569 21.668677378130063 21.67215823183994 21.666784710012394 21.653455088821417 21.633769154041115 21.608451689061006 21.572145557524827 21.525781370879976 21.47175678314036 21.412855176870995 21.352127498756378 21.292786893639047 21.238122742883814 21.191436554698726 21.15599902863078 21.13502570093264 21.130636333606162 21.130636333606162 21.130636333606162 21.130636333606162 21.130636333606162 21.130636333606162 21.130636333606162 21.130636333606162 21.130636333606162 21.130636333606162 21.130636333606162 21.130636333606162 21.130636333606162 21.130603190456853 21.130552792538246 21.13396951708407 21.140197757371272 21.147670458409205 21.154959919548777
21.378821721007064 21.439174449033498 21.50351984769871 21.56874072137331 21.631937382259977 21.690457711299224 21.741947623111418 21.784426990372786 21.816390718873357 21.836926926305132 21.845835953906573 21.843728222685186 21.829598392857104 21.799134897439714 21.753644923283876 21.69537429571665 21.627134910424953 21.552144278071445 21.473873109388403 21.395915350716972 21.32188774872101 21.255359940925352 21.199812102121612 21.158615236677196 21.13502873851818 21.130636333606162 21.130636333606162 21.130636333606162 21.130636333606162 21.130636333606162 21.130636333606162 21.130636333606162 21.130636333606162 21.130636333606162 21.130636333606162 21.130636333606162 21.13206683219869 21.14073114894534 21.154984450488076 21.17234016090314 21.190520028377616 21.207510851613666 21.221623087683028
21.387380363279952 21.468911995185962 21.555691123552513 21.64429366324091 21.731403616750757 21.813849082982152 21.88866971952424 21.9532233372499 22.00533262157737 22.04346186689304 22.066749185090796 22.070864500197494 22.053840474239074 22.01654484316016 21.96084450112263 21.889445571462954 21.805686430878644 21.713320847559466 21.61632141112342 21.518721268256115 21.42450025328141 21.33751294635607 21.26145164609844 21.199835864947836 21.15602047750297 21.133215998612467 21.130636333606162 21.130636333606162 21.130636333606162 21.130636333606162 21.130636333606162 21.130636333606162 21.130636333606162 21.130636333606162 21.130845748935805 21.139229988485006 21.157669516520812 21.183203140764427 21.21295867685791 21.24420329010609 21.274405337596416 21.301304972454556 21.322988835499558
21.42922522041363 21.53235233313137 21.642145055652918 21.754886242697534 21.86684303288585 21.974298642270643 22.073628132901387 22.161432238421984 22.2347283714019 22.288680856101614 22.31893748490659 22.323911692878102 22.30333897407292 22.258306518489405 22.191133534818906 22.10513452977777 22.0043232809208 21.893117120096274 21.776084703402436 21.65775777745031 21.542508537826336 21.434483032246774 21.337576984110534 21.255440815411728 21.19150306978962 21.149004270207552 21.13103569573633 21.130636333606162 21.130636333606162 21.130636333606162 21.130636333606162 21.130636333606162 21.130636333606162 21.132686285556783 21.14811620429101 21.175992338392966 21.21311192304725 21.256285491127446 21.302378193778964 21.348367811271793 21.39141904638404 21.428971284466815 21.45883412317756
21.501962080841853 21.6270270899986 21.760397357698853 21.898089311931628 22.035962834480298 22.169734687500124 22.294590137985757 22.40427363416633 22.493621676677147 22.558156832601473 22.594423797629116 22.600391616819763 22.57571962388616 22.52180425142873 22.44159118739029 22.33921349431239 22.21955911907477 22.087865268863034 21.949399439033414 21.809245115687958 21.672181728994843 21.542636233865007 21.424682789362194 21.32207137169987 21.238271707780193 21.17652372028174 21.139889164394553 21.130636333606162 21.130636333606162 21.130636333606162 21.130636333606162 21.130636333606162 21.134291227841643 21.15493094721677 21.190907714361018 21.23887327576931 21.295420169448036 21.357105812298023 21.420495838578617 21.48222946355447 21.53910769130905 21.58820199801714 21.6269768669804
21.60251625848391 21.74956834580196 21.906466712625093 22.06872659339761 22.231370310476205 22.388914926213126 22.535429110275963 22.664701627174846 22.770564233578682 22.847387417494584 22.890706067503825 22.89784489443715 22.86835139796002 22.804073557172202 22.708850713541846 22.587939001488518 22.447365596551734 22.293372940621094 22.132028519548708 21.969000975791324 21.809465375549856 21.65809318205297 21.519090387313966 21.396258806236183 21.293065422146107 21.212711553204336 21.158197832615354 21.132383316837043 21.130636333606162 21.130636333606162 21.130636333606162 21.13421569355169 21.157323917564508 21.199052139477555 21.256010138945474 21.324691081574787 21.40147286766208 21.482637287032382 21.564412588046928 21.643044582235913 21.71489943628068 21.77659728816685 21.825169662654474
21.712966038133132 21.881452958501306 22.06085437902938 22.24656268058499 22.433331951373884 22.615202564139143 22.785489743175084 22.936902116376004 23.06187788595147 23.153214913512745 23.204983500849576 23.213534428808256 23.17824313052578 23.101646868187558 22.988905402799155 22.8468474774437 22.68298752831221 22.504776601606697 22.319158609104893 22.1323783499116 21.949951863325293 21.776723141117767 21.61695742097861 21.47444336977324 21.352590837053146 21.25451894101555 21.18313328959767 21.14119286997367 21.130636333606162 21.130636333606162 21.13251990137447 21.1545374513577 21.19871641805554 21.261719491939076 21.340059972589792 21.4300796754611 21.52793931622755 21.62962815723539 21.731001037558155 21.827851408841454 21.91602758755639 21.9915948557357 22.051037459476873
21.822460305098318 22.011881053957612 22.213645823317552 22.423134301381797 22.63495140071997 22.842764031947837 23.039172227197344 23.215700515874836 23.363061236880014 23.471887729630584 23.534053236263954 23.544357915159008 23.501896078857662 23.410318247227533 23.27681849760752 23.11046948929999 22.920708342470462 22.71637802993813 22.505305303829175 22.294225654138266 22.088879092561793 21.894166767933775 21.714313711863493 21.55301570855071 21.413564362715295 21.29895121441814 21.211953998828488 21.15520840873227 21.131268181037008 21.130765579556574 21.1474566943743 21.189969565255982 21.255091196391483 21.339455150546513 21.43950040720442 21.551435255768798 21.671212030319374 21.794520947006486 21.91681412379754 22.033373228472595 22.13943451848378 22.230380904332396 22.3019995868513
21.926674697760433 22.135999418133025 22.359417762410878 22.59244006385444 22.829703936129548 23.06470842799974 23.289516384119388 23.49450344839168 23.668361934732147 23.798764084564223 23.874168414707793 23.8867390224226 23.835073110530203 23.72475545663689 23.566270881706973 23.371929500286466 23.153566651126877 22.921484867815142 22.684253139631856 22.44889375494999 22.2211764252535 22.005900775279414 21.80721181689788 21.629434249895873 21.475273261049203 21.34692594451158 21.24659475463419 21.17656873943202 21.13928586290944 21.140937128394647 21.175608023188893 21.237234276682386 21.322957618456005 21.428613170779947 21.550546857503683 21.68486480717857 21.827335840536875 21.973361530087672 22.117976416416983 22.255897752319406 22.381648248058212 22.489774144291026 22.57516883155576
22.02128439029724 22.248827456852823 22.492432324629807 22.74789840446204 23.01012903588873 23.272776484031414 23.527754853679845 23.764627265008052 23.97003358651952 24.12776817592922 24.22082140902605 24.236487863441933 24.1723860593883 24.03780176700675 23.84883432923273 23.622404524049763 23.373056648825848 23.112308200671983 22.84907939962212 22.590366343154024 22.343859241553204 22.114346110510752 21.904369257396493 21.716100454528465 21.551526036097385 21.412584624000626 21.3012706840285 21.21971246890298 21.171313890112952 21.180131401879578 21.229414260085385 21.30520435437316 21.405280588055493 21.52739426177949 21.669175429966028 21.826142297986102 21.991938291331874 22.161700242862306 22.33005615241866 22.491126020126888 22.638620631619812 22.76606984757098 22.8672159491426
22.102138686460137 22.345459253453726 22.606855473284508 22.882551620533025 23.16795345566705 23.45726195612608 23.74285987143962 24.014329004787527 24.25697623126604 24.45023619218689 24.568340352194415 24.58860623772586 24.506412107132263 24.33910427484355 24.112811283562607 23.850479884285633 23.5689263118744 23.280037514662233 22.995560135346327 22.72331004361012 22.46672908302306 22.22837037942189 22.010258673967122 21.814137064783097 21.64164272137272 21.494436072650345 21.37429734794457 21.283198346550336 21.232385253446818 21.24761607032308 21.310233904158153 21.398977014909676 21.511816323032185 21.64669565818792 21.80142056554688 21.973532563496015 22.160170452775226 22.354491727191363 22.54791933104118 22.733984148810013 22.905512030014574 23.054823667570254 23.17418051152363
22.16548869568646 22.4213528526954 22.69711518704968 22.989484981547665 23.294521560064187 23.60730823531281 23.921384761697766 24.227669240831464 24.512262818653323 24.752057810484565 24.9088427625821 24.93693620027595 24.8253304635175 24.61226404086738 24.34158255532633 24.041680030811232 23.730620815670353 23.42430611730545 23.12922543611396 22.84906342513793 22.586332051385334 22.342861602146098 22.120109186783605 21.91936821665514 21.741920239679978 21.589149797859054 21.462632319882413 21.364433667823988 21.31852682485681 21.339757339165683 21.41366969237613 21.51380432263379 21.637915959945857 21.784206986601777 21.95073959932876 22.1352876143092 22.33516445008921 22.54702623501499 22.765575019375675 22.978394913365193 23.17640325248452 23.35054301051111 23.491194837883725
22.208248907493385 22.47268790579743 22.75839114651477 23.062490149919125 23.38166109031228 23.71192542207051 24.04831016957151 24.384167656294007 24.709503604355472 25.00582206914616 25.227863880293228 25.272959590000145 25.104962452646877 24.829380617609548 24.512282123796314 24.182124693920784 23.8567709270656 23.542514527548924 23.243011318197755 22.96059527198795 22.696842081962934 22.45289732606592 22.229693972739835 22.028112399219953 21.849107073121925 21.693810216601857 21.563615554769243 21.464005061473525 21.42495247466363 21.452472667118638 21.535399633495555 21.644955405866604 21.778380471516915 21.934203302155122 22.110827318373687 22.30636562937394 22.518442649432995 22.743951825548773 22.978760491598226 23.217019141198655 23.443915363139087 23.646234687249834 23.812058552324398
