_RESULTS/CROSS_VALIDATION_POSTPROCESSED/Berg/GZ/5comp/5/Berg_GZ_z_125_kriged_reverse_5comp_spherical_5.asc
ncols 100
nrows 90
xllcorner  5.6208707817415728
yllcorner 50.959635321741573
cellsize 0.00013419651685393446
nodata_value 1.7014100000000001E+038
[rows 0 to 18 of 90, columns 0 to 43 of 100]
17.70445897307049 17.70445897307049 17.70445897307049 17.70445897307049 17.70445897307049 17.70445897307049 17.70445897307049 17.70445897307049 17.70445897307049 17.70445897307049 17.70445897307049 17.70445897307049 17.70445897307049 17.70445897307049 17.70445897307049 17.70445897307049 17.70445897307049 17.70445897307049 17.70445897307049 17.70445897307049 17.70445897307049 17.70445897307049 17.70445897307049 17.70445897307049 17.70445897307049 17.70445897307049 17.70445897307049 17.70445897307049 17.70445897307049 17.70445897307049 17.70445897307049 17.65888100211176 17.52472423263365 17.308361029937213 17.01684951913605 16.65777177717927 16.239080948812955 15.76895413563858 15.255650945194473 14.707378445966917 14.132163971844012 13.537737704193722 12.931427212577598 12.32006615055255
17.70445897307049 17.70445897307049 17.70445897307049 17.70445897307049 17.70445897307049 17.70445897307049 17.70445897307049 17.70445897307049 17.70445897307049 17.70445897307049 17.70445897307049 17.70445897307049 17.70445897307049 17.70445897307049 17.70445897307049 17.70445897307049 17.70445897307049 17.70445897307049 17.70445897307049 17.70445897307049 17.70445897307049 17.70445897307049 17.70445897307049 17.70445897307049 17.70445897307049 17.70445897307049 17.70445897307049 17.70445897307049 17.70445897307049 17.70445897307049 17.70445897307049 17.6614163937157 17.52997773525485 17.316465367607414 17.027943987614982 16.67200985079747 16.256640637752255 15.790052524860807 15.280565235357315 14.736477438409128 14.165957046630515 13.576954640038288 12.977155879953312 12.374007453670309
17.70445897307049 17.70445897307049 17.70445897307049 17.70445897307049 17.70445897307049 17.70445897307049 17.70445897307049 17.70445897307049 17.70445897307049 17.70445897307049 17.70445897307049 17.70445897307049 17.70445897307049 17.70445897307049 17.70445897307049 17.70445897307049 17.70445897307049 17.70445897307049 17.70445897307049 17.70445897307049 17.70445897307049 17.70445897307049 17.70445897307049 17.70445897307049 17.70445897307049 17.70445897307049 17.70445897307049 17.70445897307049 17.70445897307049 17.70445897307049 17.70445897307049 17.66857349639036 17.545238665093724 17.340221253494136 17.06060292295458 16.714018441299174 16.308513046132454 15.852410763163622 15.354196639556564 14.822419111077842 14.265624117048839 13.69234270100115 13.111175012026255 12.531062047193537
17.70445897307049 17.70445897307049 17.70445897307049 17.70445897307049 17.70445897307049 17.70445897307049 17.70445897307049 17.70445897307049 17.70445897307049 17.70445897307049 17.70445897307049 17.70445897307049 17.70445897307049 17.70445897307049 17.70445897307049 17.70445897307049 17.70445897307049 17.70445897307049 17.70445897307049 17.70445897307049 17.70445897307049 17.70445897307049 17.70445897307049 17.70445897307049 17.70445897307049 17.70445897307049 17.70445897307049 17.70445897307049 17.70445897307049 17.70445897307049 17.70445897307049 17.679018482638824 17.56902422833489 17.377976829186583 17.112977591184286 16.781712952943607 16.392322112893606 15.953280325911132 15.473303176357458 14.961281850514197 14.426267246703093 13.87753473494781 13.324787896379434 12.778611640353029
17.70445897307049 17.70445897307049 17.70445897307049 17.70445897307049 17.70445897307049 17.70445897307049 17.70445897307049 17.70445897307049 17.70445897307049 17.70445897307049 17.70445897307049 17.70445897307049 17.70445897307049 17.70445897307049 17.70445897307049 17.70445897307049 17.70445897307049 17.70445897307049 17.70445897307049 17.70445897307049 17.70445897307049 17.70445897307049 17.70445897307049 17.70445897307049 17.70445897307049 17.70445897307049 17.70445897307049 17.70445897307049 17.70445897307049 17.70445897307049 17.70445897307049 17.690572102436175 17.598915012783515 17.42704223356652 17.182066174030545 16.871722152325894 16.504246552463165 16.088274798385672 15.632765871797744 15.146965185986444 14.640425472482066 14.123138496442747 13.60582574556931 13.100043275685724
17.70445897307049 17.70445897307049 17.70445897307049 17.70445897307049 17.70445897307049 17.70445897307049 17.70445897307049 17.70445897307049 17.70445897307049 17.70445897307049 17.70445897307049 17.70445897307049 17.70445897307049 17.70445897307049 17.70445897307049 17.70445897307049 17.70445897307049 17.70445897307049 17.70445897307049 17.70445897307049 17.70445897307049 17.70445897307049 17.70445897307049 17.70445897307049 17.70445897307049 17.70445897307049 17.70445897307049 17.70445897307049 17.70445897307049 17.70445897307049 17.70445897307049 17.700272609716496 17.63162882126289 17.48377843899764 17.263823648385493 16.979528218128614 16.639204212549835 16.253225050250634 15.832492093190357 15.384490835824693 14.917472714578494 14.440698007796609 13.964674005739418 13.50151112703393
17.70445897307049 17.70445897307049 17.70445897307049 17.70445897307049 17.70445897307049 17.70445897307049 17.70445897307049 17.70445897307049 17.70445897307049 17.70445897307049 17.70445897307049 17.70445897307049 17.70445897307049 17.70445897307049 17.70445897307049 17.70445897307049 17.70445897307049 17.70445897307049 17.70445897307049 17.70445897307049 17.70445897307049 17.70445897307049 17.70445897307049 17.70445897307049 17.70445897307049 17.70445897307049 17.70445897307049 17.70445897307049 17.70445897307049 17.70445897307049 17.70445897307049 17.704458827700236 17.66311679029699 17.543710957926734 17.353369489933616 17.105387847421426 16.809291366094254 16.470845357303936 16.096597785797474 15.693956698677278 15.271291885139402 14.838067884750746 14.405014106760945 13.984326743292177
17.70445897307049 17.70445897307049 17.70445897307049 17.70445897307049 17.70445897307049 17.70445897307049 17.70445897307049 17.70445897307049 17.70445897307049 17.70445897307049 17.70445897307049 17.70445897307049 17.70445897307049 17.70445897307049 17.70445897307049 17.70445897307049 17.70445897307049 17.70445897307049 17.70445897307049 17.70445897307049 17.70445897307049 17.70445897307049 17.70445897307049 17.70445897307049 17.70445897307049 17.70445897307049 17.70445897307049 17.70445897307049 17.70445897307049 17.70445897307049 17.70445897307049 17.70445897307049 17.688676200869274 17.606408462562175 17.466219317604242 17.272340648537963 17.029466075408894 16.74306335976114 16.419443521741726 16.065843379671897 15.690519228013292 15.302846343125989 14.913412276414196 14.534077195545272
17.70445897307049 17.70445897307049 17.70445897307049 17.70445897307049 17.70445897307049 17.70445897307049 17.70445897307049 17.70445897307049 17.70445897307049 17.70445897307049 17.70445897307049 17.704477110981724 17.705216777598874 17.706384000522842 17.70728959315345 17.70753449994856 17.707021661519065 17.70595895698488 17.70485292924375 17.70445897307049 17.70445897307049 17.70445897307049 17.70445897307049 17.70445897307049 17.70445897307049 17.70445897307049 17.70445897307049 17.70445897307049 17.70445897307049 17.70445897307049 17.70445897307049 17.70480237126303 17.715850130371418 17.692135522092865 17.61077216075654 17.475267506347635 17.289863042961468 17.05959584549816 16.79037417564995 16.48906228806888 16.163565354186087 15.822899481403125 15.477223615915383 15.137798534750956
17.70445897307049 17.70445897307049 17.70445897307049 17.70445897307049 17.70445897307049 17.70445897307049 17.70445897307049 17.70445897307049 17.70472036306109 17.70815072241179 17.714209291981103 17.721333860783144 17.728190068997787 17.733708568811192 17.737117908341936 17.73797003836003 17.736155831319426 17.731908940861764 17.72579757647138 17.718705095169433 17.71180146936696 17.70650847561559 17.70445897307049 17.70445897307049 17.70445897307049 17.70445897307049 17.70445897307049 17.70445897307049 17.70445897307049 17.70445897307049 17.70577110667255 17.724033427920176 17.76076549467673 17.795721937381646 17.77703134167895 17.7038643501773 17.57989716457399 17.40959069650952 17.198271244891718 16.95221993633983 16.678756794666107 16.386297354416108 16.084351599768805 15.78342813717511
17.70445897307049 17.70445897307049 17.70445897307049 17.70445897307049 17.70445897307049 17.70445897307049 17.705003581419884 17.711230093923554 17.722685670797112 17.737297805003973 17.753141346871683 17.768483591898416 17.781832377985758 17.791983617252733 17.798064004406825 17.799564526412837 17.7963610047656 17.788719221748753 17.777284003727694 17.763053589024576 17.74734228323386 17.73173547906622 17.71804145167627 17.70824399226704 17.70445911229008 17.70445897307049 17.70445897307049 17.70445897307049 17.70445897307049 17.70581447397883 17.726755875999174 17.76998800396462 17.831504856501677 17.906932906414596 17.954387374968782 17.947205306419406 17.88838140729892 17.78164820934787 17.63156198191452 17.443602945047402 17.2242728022119 16.981162210555933 16.722951782889467 16.459306322105917
17.70445897307049 17.70445897307049 17.70445897307049 17.70445897307049 17.70445897307049 17.709108766378584 17.722732143027038 17.74293741476623 17.76736604082265 17.793749901619154 17.819958179511993 17.844052605778327 17.86434801203002 17.879473542696786 17.88842867583872 17.89062779239706 17.885927748799222 17.874634786265407 17.857489830630634 17.835634182722547 17.810560072348014 17.78405202139634 17.758125245162944 17.73496657494429 17.716881989858724 17.70625323006921 17.70445897307049 17.70445897307049 17.704871275779205 17.72438186004792 17.7703212076747 17.838728258742638 17.925481144457827 18.026281414967116 18.13165869247105 18.1937666123571 18.20353405319587 18.163811706915382 18.07819113417595 17.951123330370482 17.78804827973598 17.595504043997227 17.381170639966857 17.15379884923756
17.70445897307049 17.70445897307049 17.70445897307049 17.70481605415626 17.71431035294528 17.734812692747735 17.76374301009669 17.798516922400122 17.83657400306322 17.875419189419482 17.91267781104115 17.946163030433368 17.973952235109806 17.9944664289927 18.006544540539018 18.009503555302956 18.003176136069623 17.98792009822558 17.964598273045677 17.93453185396812 17.899434053065267 17.86133290913018 17.82249214887364 17.785337496625242 17.752393482079377 17.726233335857483 17.709442490710344 17.70445897307049 17.717798081513624 17.761690297533004 17.832476279606716 17.92615431401924 18.038519106941102 18.16512813277975 18.30127367717911 18.431441831353272 18.512969593205465 18.54353693184198 18.525571554294935 18.46225009683939 18.357680256096522 18.217089239241023 18.046961238726944 17.855052506118074
17.70445897307049 17.70445897307049 17.705263354240227 17.717950935132524 17.744028439978173 17.780823782406703 17.825608029057157 17.875609341906806 17.928040976506857 17.980146150291425 18.029261516043224 18.072898882464102 18.108841649807285 18.135248521175342 18.15075330933559 18.154547424743008 18.146432205056744 18.126832179363607 18.096766919524914 18.05778641770337 18.01188070183945 17.961377122254767 17.908838175226446 17.856969779397655 17.808545981018963 17.766352349620092 17.733147531408296 17.716925855766327 17.746080547992396 17.813803126651333 17.909104954773873 18.02798674239834 18.16620491274842 18.319215589018633 18.482119210163464 18.64961797579588 18.803680299901057 18.907647490266736 18.96052273171352 18.963940121582297 18.92035571644156 18.83336164546408 18.707986840315353 18.550871544399865
17.70445897307049 17.705024669969827 17.718543268352704 17.74811203660664 17.791045062493176 17.844560766525756 17.90577089681866 17.971368351566532 18.038618285733143 18.10486221033959 18.167130153914453 18.22223004608693 18.267159052169877 18.300074945731946 18.31938060819735 18.324102805813208 18.314001587609717 18.28958931184048 18.252090341136547 18.20334957058023 18.145707126805714 18.08186012413822 18.014730246817265 17.947350233846883 17.8827757551115 17.824023665727065 17.77420961608806 17.758634133145073 17.7931511743526 17.876721677434947 17.995971314572635 18.139757048986763 18.30385535532082 18.4836828060668 18.674207754923728 18.86986651601109 19.06450285617116 19.2422767000736 19.369193341934835 19.44256318091579 19.4627975676365 19.43141443124222 19.35160582526792 19.228692940866626
17.70448620725706 17.715862776694383 17.746123338205056 17.790466630719077 17.845156592168895 17.90908721022552 17.98074162144281 18.058152409198435 18.13887932003314 18.220015813799893 18.29823651191075 18.369895245459947 18.43117717125671 18.478297865765285 18.50772887136049 18.51641694983814 18.50413943974277 18.474333678223793 18.428554058718056 18.369031480512177 18.298553511714662 18.220276150177387 18.13755200183253 18.053791473414694 17.972362680104904 17.896527927148547 17.83622179768104 17.823846773814683 17.862507196350307 17.951423152843144 18.088740508694578 18.256813988554317 18.446501939638047 18.65326411885806 18.87202894032608 19.09705919975094 19.321823053410984 19.53890160430832 19.73694850112217 19.88379451536263 19.97120344091046 19.99799437240954 19.96492233020003 19.87563511932843
17.710800370409665 17.732789824397795 17.76793975877486 17.815980319162648 17.876315717996107 17.9479592173726 18.02946278273244 18.118850354091613 18.21356731979879 18.310462352229667 18.40582010223661 18.495462402140962 18.574929003769462 18.63973429925603 18.68567454700893 18.709136953841785 18.70734901957658 18.67851469346127 18.62397552364129 18.552432181984912 18.467820485963625 18.3738676455673 18.27444026048867 18.17337846511152 18.074388027172777 17.98098174296668 17.917312443436455 17.906537383952887 17.94795827808771 18.040920792084968 18.184820413079805 18.37435638876714 18.588904168350172 18.822269977638943 19.06946938806586 19.32474049212362 19.58132913500357 19.831269984606124 20.065225158599826 20.2725123935063 20.431122976418692 20.51950235701806 20.53488312945325 20.478593833693235
17.70821004567658 17.729260471271687 17.765140418214273 17.815791347197298 17.880832145912233 17.95947205622815 18.050411241991764 18.151738418389364 18.26084036020763 18.37434431001564 18.48812016982338 18.597372318532855 18.696846343204598 18.78115795938281 18.84521675271643 18.88467328405618 18.896286567178095 18.87811669542635 18.829501540996333 18.750850045402302 18.650575392221004 18.539538307402108 18.42221118578942 18.30291071275655 18.185692722294934 18.076728933529083 18.01164149808031 18.000712258932246 18.043325788755443 18.138949813507615 18.287140432836175 18.48750433987616 18.725609388424843 18.984619364434668 19.259792681242498 19.54555008855005 19.835170753245144 20.12041373796343 20.391099168097817 20.634788354799696 20.836908725733313 20.98192114562137 21.048398571372264 21.02435604317751
17.683653469139628 17.702290672862205 17.737411376827627 17.789233479571756 17.85767096074478 17.942223315049663 18.04184244739354 18.154785838215055 18.278472010283995 18.409363668162303 18.542914855391334 18.673628803017735 18.795276330075026 18.90130808898736 18.98544334624999 19.042334901549932 19.068133409118385 19.060771635477593 19.019891031933835 18.9464810599556 18.842394017958625 18.713746058532276 18.577276501670323 18.438843136095347 18.30284045399832 18.181957689124822 18.11341605716916 18.100460095061845 18.142533810121595 18.239206352580847 18.390187030609546 18.59529673673725 18.8510775283184 19.1339532539814 19.43571113517794 19.7512015819141 20.07409293298963 20.396339365052793 20.70743922979598 20.99352685308 21.236658716178482 21.415387019406154 21.508486941788256 21.500903088725504
