_RESULTS/CROSS_VALIDATION_POSTPROCESSED_CLR/MHZ/IZ/7comp/3/MHZ_IZ_z_125_kriged_reverse_7comp_spherical_3.asc
ncols 100
nrows 81
xllcorner 5.5967107548124995
yllcorner 50.982328804812504
cellsize 0.00017565037499993607
nodata_value 1.7014100000000001E+038
[rows 20 to 39 of 81, columns 0 to 43 of 100]
3.019863849728182 2.9270880639309738 2.8563291923402723 2.820840711514945 2.8170446405803626 2.8441049230286133 2.8973022890673703 2.968913406537357 3.0506274664690274 3.1349828084078983 3.215800372586716 3.2881625077780243 3.3485779230909785 3.3947328125236007 3.4254120393090965 3.4391521073018776 3.4366504430758584 3.4220292973297934 3.4008623965413585 3.3787533404357895 3.361021902739857 3.3514229478925106 3.349489911731218 3.351463379777881 3.355465567398199 3.361221482013243 3.3697130780721682 3.3816143288148104 3.3901280951437154 3.3906296044994817 3.3812479708426597 3.3618028434077005 3.3331560077878803 3.2963300297957274 3.2410884494957006 3.1663027202239613 3.0795118625031055 2.9995588749095603 2.934839022425339 2.8840595188387863 2.8411451575648847 2.8081686759412885 2.7973662576948586 2.8036294311469483
3.099777209140565 3.0172648646105404 2.954148265520196 2.916474104930633 2.9061658698313084 2.921447866027326 2.959060944188728 3.013565535981348 3.0786790845416956 3.148336092805779 3.2172466877068358 3.281095650190965 3.3365867230005772 3.381464403757414 3.4133490132670263 3.4302167490817035 3.4337271601315122 3.4267277837122903 3.412711949408056 3.394821260347196 3.3758987561873273 3.3674357011437017 3.367232197661673 3.3711544192556033 3.3783390176727557 3.3884701832727755 3.402647602204149 3.415424204479273 3.422607723031782 3.423730703524264 3.418492942752183 3.4059121745161427 3.3858300605947953 3.3594378359957933 3.317063109168684 3.25579111716867 3.1854757820887087 3.120317712700087 3.0636700428457067 3.0149137331391334 2.971346829817122 2.939454460579154 2.923398119687548 2.9255226745417735
3.1795289075728155 3.104330509113727 3.047032846518168 3.011978659509091 2.997124919338938 3.0028950659641303 3.0286331767725114 3.0701045400368727 3.122297898642675 3.180210589928339 3.239335932410773 3.2958955465972357 3.3469308258465205 3.3898279144416477 3.4205644725059425 3.4388192982621035 3.445667862924652 3.4429024134643096 3.4326294499787013 3.416655702909646 3.3980282560403743 3.391563997059883 3.395131641346869 3.402663292781947 3.4141563132371586 3.4294331510229 3.442774643213981 3.452707804514154 3.4586735409801004 3.460241136264533 3.4571570741212256 3.449370249200586 3.4369915637834056 3.419808944355781 3.3895162830255163 3.3428079862062132 3.2898615477429596 3.2393990073502694 3.1930289109719636 3.1504823887987277 3.1130067021749324 3.0891447176636158 3.07611141383052 3.076929245539737
3.256845608193302 3.186640661069223 3.1328671759796465 3.0995355201529518 3.087625720138277 3.089896555936982 3.1067012374694007 3.1382760511402052 3.1803708733410363 3.2287815437066203 3.279719790314375 3.329960852544989 3.3768818766805304 3.4160477713588007 3.4447627509093657 3.46288698133707 3.4709244670121593 3.4698600347046624 3.460869084483294 3.4449386786739935 3.4292026986661 3.424908056554051 3.4326212478746716 3.4450124915096763 3.4598850271426853 3.472819167815099 3.482775252107735 3.4899441370651303 3.494787919365634 3.496929495591171 3.496018979040861 3.491817457189132 3.4843002553304157 3.4737385595264287 3.4564689554978485 3.4253608560101063 3.3901617532982873 3.3547908451203003 3.3203826370089855 3.2869136129650443 3.2600485221497992 3.247120866658188 3.2446496682399393 3.251164905877351
3.3304719458477825 3.2632061123364124 3.210879461437077 3.1778562047513947 3.1671083571573453 3.173585855720003 3.19118199909642 3.2174766841025675 3.2517515184302446 3.292440228470337 3.336443988218836 3.3811067560903183 3.423375686364559 3.4581861057605465 3.4842050260982766 3.5009892384238994 3.5085640011674837 3.507307963344886 3.497755623921711 3.4819631171187755 3.47094273642949 3.46905512195622 3.478903897327756 3.4917223397289274 3.5029047148371184 3.512057555363123 3.5190750373792223 3.5240614178785092 3.5281147134174295 3.5310563352036923 3.532370281465692 3.5315347010181757 3.5281617212066934 3.523019715515949 3.517129752301437 3.5022757280195687 3.4842431818259927 3.464339005849462 3.4432075416086403 3.4209552665782756 3.407377582838473 3.4072610199368114 3.417523025164072 3.4357890544808583
3.400084159589042 3.3339399411819324 3.2808589083304533 3.246427989552554 3.2352721149625445 3.2464610421629203 3.269323258204713 3.2989706155638268 3.3329826442453827 3.369726833201834 3.4080329428374743 3.447557050609998 3.4844017805307734 3.5147775853572725 3.537606180731706 3.5521474675649154 3.558025483946417 3.555161468518543 3.5437170914870983 3.531458625687089 3.5229839149444904 3.5189932792831886 3.522370588748735 3.531446814652502 3.5389727164573994 3.544638503024867 3.5490031767265355 3.552426950486755 3.5560391535892513 3.5600962935850635 3.5638030939196224 3.5662361300023817 3.566624103129626 3.568089006938022 3.5726661366990577 3.5753388515379534 3.573774372892422 3.568934462721824 3.5613292251888407 3.551555732391855 3.5521445742315576 3.566116428197217 3.5903252387142697 3.622558951471692
3.466307079757732 3.4000392532369643 3.343744746536917 3.3049545765044765 3.2936785953783616 3.3090154732527695 3.3391918861375767 3.37329945669201 3.409278632427811 3.446397086348797 3.4842826960519653 3.5220974819206012 3.5554216633565163 3.582417881263412 3.602122512301696 3.6136140811169413 3.6161033338791198 3.6088911953966347 3.5954347212598408 3.583024342105187 3.5721520535147064 3.5635184673244793 3.5602317388652844 3.562404316361792 3.5664592584750263 3.568688972718262 3.570389068245732 3.572569830550962 3.5761626244935045 3.581820700284138 3.588292193486331 3.594076480558083 3.5990588324764343 3.606991872474884 3.622962760165063 3.6431270452137956 3.658222599751609 3.6689551486880663 3.675814563566807 3.679970488428214 3.6948469438499427 3.7227284775139178 3.7607959979011687 3.8070022609979204
3.5305243478134125 3.4645642005020156 3.4038809552376623 3.3544339414585354 3.343976029836192 3.3667331588729246 3.399921778018153 3.436828601271866 3.4732961050604034 3.5098030727836647 3.5469054749730646 3.5837466390361654 3.6159827745128688 3.6419655205369628 3.659926486188912 3.6681504758641923 3.6657826012806325 3.6548535710357495 3.6423987912541858 3.629319561813463 3.615912007108618 3.602688842363812 3.592533921348786 3.5863025992643616 3.58431478035876 3.582728497526349 3.5813167365853866 3.582150518101519 3.5863488212730283 3.5944038693570435 3.604307751782514 3.6137134259702717 3.6242250670426173 3.641430532891783 3.668488065062183 3.703623740926694 3.735388607087969 3.761934112269561 3.7838358036773534 3.802617942029896 3.8313757301873577 3.872427251285327 3.9236663017682933 3.982976991558031
3.5938595092382215 3.5312821602882662 3.470577801068684 3.415157356832768 3.402543127265046 3.424030993510617 3.452233293229537 3.4856884204024188 3.5207433479765635 3.555074719751767 3.5900845080045043 3.6251429576003904 3.65675711791907 3.682680838332476 3.700236213126831 3.707258361719618 3.704205036309234 3.6963582676649476 3.6847296949512534 3.670795871407913 3.6547963921703275 3.6368141786666266 3.6199929343616315 3.6053730022739066 3.59362373705103 3.5858651852435406 3.5802018454995195 3.5791710243647206 3.584819961374272 3.5966474117688145 3.6110208096241623 3.6248247476730224 3.6438205927977294 3.6721606981373576 3.7093244361238753 3.75489824660328 3.802940824189067 3.8451458729859382 3.882052143188401 3.9150120818516094 3.956823140328098 4.010379465062143 4.073883102981496 4.14522503133436
3.6545224720914975 3.595984120507074 3.5407690379391132 3.496935623831016 3.477898583888181 3.4825397312556143 3.499242988091526 3.522689219782226 3.5509531686512625 3.581232761714138 3.6120736339847253 3.644481318442758 3.6765086269002114 3.7032069111297945 3.720522797563341 3.7290943616700054 3.7322633126556433 3.7299226405231005 3.7218606108821732 3.7077916702051623 3.6890973033440173 3.6666241617031012 3.6436596370489256 3.6209910244286103 3.599125166388806 3.5796343398528947 3.5661132960567645 3.5617945642668416 3.570494009637595 3.5885413368927166 3.608659676101775 3.6306117228020964 3.660782370200165 3.699049593692072 3.745048869198376 3.7984654999083265 3.8584712710618714 3.9157967915945586 3.9672387919462064 4.013726690864293 4.067280193529531 4.13213075542182 4.206656517064402 4.2887837740987065
3.705093136515891 3.6513586855997797 3.601923173942441 3.5627775794751084 3.5395842886035442 3.5326032902171245 3.5374342756724286 3.549965284068093 3.567589777434743 3.588646999014988 3.612052119857834 3.6402022093195705 3.675730433814024 3.704094178506936 3.725662103955995 3.7411018232703883 3.7503385871027506 3.7532104332270313 3.749410061142819 3.738434873111809 3.719072204941561 3.6928198131761483 3.6647018242284415 3.635055017776677 3.6038960031782077 3.5718348874039423 3.542097620804288 3.528305647162741 3.5445342403982227 3.5728898464540175 3.6032668501389558 3.6360108832804365 3.6756122024063527 3.722051684005862 3.775248657338922 3.835025613888569 3.9010136588219795 3.971104094070093 4.03627316584159 4.095588792651123 4.159138761671721 4.233553617648613 4.317391183169696 4.408730656462887
3.7417919321298805 3.692414662154828 3.646775085399262 3.6090184268385785 3.582341623592038 3.5674152607345446 3.5625540805295066 3.5653282990809596 3.5735635659602236 3.5854764158983943 3.599812388869739 3.622720984377504 3.6613293471554442 3.69514371737568 3.72277580329515 3.7440404044193922 3.758729785176797 3.766522674767071 3.7669635588741817 3.759240860179992 3.7420119212690546 3.715705477033978 3.6839702497586133 3.6493682774490948 3.611663230796223 3.5704205819569936 3.5252583124759056 3.480438565750127 3.5201914828960157 3.5625426367007926 3.601960986753022 3.6424068591883465 3.688661536618267 3.7409567717252656 3.799378013780323 3.863810586278647 3.933889495865916 4.008984694115584 4.0861120182408 4.157519041636286 4.229093283585548 4.310827129818068 4.4016518040391395 4.4999547436114025
3.761882374922648 3.715910277454465 3.6724743990020445 3.634681457054736 3.6048407789257757 3.583870946836088 3.5713443472142914 3.5661070351531228 3.566930400711035 3.5738908639178897 3.588738099212431 3.612952538483336 3.6455737222417737 3.6799617591024623 3.7115687706403806 3.737635420663548 3.757244849855095 3.7697507394442384 3.774486568982994 3.7702146870696875 3.7557553755014186 3.7323996820127396 3.7014123123048637 3.664426630235958 3.6242425121185815 3.5814146766973707 3.5399528025700535 3.515664771214005 3.5323430229827895 3.567487574299086 3.606584084825326 3.6500332570486838 3.699583593275354 3.755121092346414 3.8166236350735105 3.8839043582567667 3.956504217093196 4.033680187224268 4.114460097459572 4.195500046482128 4.27036612429619 4.351665210409023 4.441381185673631 4.539436960312549
3.7717766236207977 3.7257372769975547 3.681793137600929 3.642184399139036 3.60880298209087 3.5829353332897704 3.5651848264977577 3.555402015330372 3.553610545037011 3.5602532944762633 3.576529367907548 3.601008652622836 3.630874680462683 3.6632207007101383 3.6961375685408306 3.726949499843736 3.7528761359334935 3.771729183043211 3.781737080090884 3.7809340819683017 3.7685045043743104 3.746951895857808 3.7175191632191176 3.681130477615878 3.6430646161235813 3.606702791060979 3.576247295231543 3.560862516178303 3.567014784638598 3.5898612108811343 3.620931359917539 3.6597368859194632 3.7076309028805654 3.7633466477274187 3.8258463416130075 3.8942279017362944 3.9678358523611306 4.043350043214911 4.11544005329568 4.185212035535261 4.253588675625524 4.327199360777606 4.410440615107379 4.504274353324358
3.785514370518627 3.738265365663148 3.6922541399885946 3.649492142780445 3.611817005120928 3.580764653365525 3.557557326786978 3.543207013905907 3.538670960498032 3.54449288091522 3.5607406513445015 3.5862775969425607 3.6201967142953655 3.659394326636146 3.69986311978069 3.7379448231060115 3.7705729620486244 3.7952747409117884 3.8099733091699877 3.8125761908326545 3.8030769589738194 3.7840602224800475 3.7563052452417733 3.721049159902597 3.681099460931697 3.644751460337306 3.618270869413964 3.605913257695885 3.607359047658793 3.621763661597447 3.6448613742034697 3.6768503038347835 3.7191955170219195 3.770415095521109 3.8296794119302517 3.8951568123615727 3.957426314738178 4.015640149502346 4.071218880865494 4.125647519844006 4.180376256489683 4.241538355845318 4.317551164275134 4.406791190180608
3.803252239633004 3.754389324085117 3.705833516809899 3.6594990502919105 3.6172711897228043 3.580936759531543 3.5521549356880056 3.532457162213717 3.5232378275909433 3.525958565667401 3.5462976529893813 3.5824137156734426 3.6268387252319596 3.6757751224638464 3.725351753296784 3.771853039184771 3.812015255170773 3.843150464640961 3.8629123250005684 3.8692085504512415 3.863439458792364 3.8470877728516504 3.820958452643766 3.7865410867302263 3.7460933150561617 3.705547141246751 3.673151332212914 3.653252159000359 3.649310148329412 3.658144012111668 3.674737941479386 3.6996932495979724 3.7354703058158742 3.7807357982175063 3.830821405758231 3.8760748789109853 3.9175913232112025 3.95627954307359 3.993397795085116 4.032391351745678 4.079720644270253 4.134885821304733 4.205603791799271 4.291598732033089
3.8248164776747986 3.7740632659591262 3.722590214161045 3.6722717940133 3.6250807179702544 3.58305532323693 3.548262983131902 3.5227311008898807 3.51014784205703 3.5183570824301365 3.5468471551662932 3.5929583175114423 3.64941781419851 3.7099591746155465 3.770330315388141 3.8266037071707135 3.8752956677156485 3.91352505957774 3.938728611889583 3.9494885072621746 3.9476487634207342 3.9337099110440463 3.9086501921103576 3.8741180099970327 3.8324033001499656 3.786961505472508 3.7465421053802097 3.7158281179813057 3.698468616571046 3.6968958039847966 3.708271577639486 3.726731900465192 3.7555842655231775 3.78720571353366 3.81140853136205 3.8330783602798046 3.8529953441334146 3.8727580930979224 3.9029060694296125 3.942986029317625 3.9911304584076666 4.045436269004539 4.107199196197765 4.181994938032554
3.8501971456013973 3.797408919612774 3.742743838258015 3.6880919546967674 3.635502831883312 3.5871680241177137 3.545550351345131 3.516438031355246 3.5097287045687917 3.5255929889102555 3.5626889663924226 3.6184202931546263 3.686286865946268 3.7599348146607365 3.832864195324569 3.9003494014049838 3.958625171184393 4.004608538732966 4.035672454009327 4.0518892247438725 4.053730719177836 4.041624397577565 4.016716219490323 3.980796476349702 3.9361910189124885 3.8855936003345417 3.835692849342932 3.7935093917762988 3.7629560611053696 3.7462682541903174 3.744743281194888 3.7571995259172755 3.773174787828867 3.7776585955586546 3.772412185299017 3.7709319054207 3.778417783570459 3.798834543036715 3.8301590947949107 3.8705500739605925 3.918180996163322 3.9711200177687287 4.027188760478135 4.086770229060083
3.8803220335866357 3.8265895078196306 3.76973484477567 3.7113020338397273 3.6532216320637447 3.5978782611094053 3.5512875416323153 3.5259939735553285 3.52411643641502 3.546298307985038 3.5916776343958885 3.6574873526874176 3.7380603259519383 3.824485389512841 3.911332346236694 3.9914863220865175 4.060378241794903 4.114709034852049 4.152960215918706 4.174727232752651 4.179745046992236 4.168603884696131 4.142655554194369 4.10388331423795 4.054734400347656 3.997916495136808 3.9378969559762402 3.8839204746374705 3.8402578010411887 3.809109616241306 3.792188927328543 3.787264259492157 3.7783163686927494 3.7575781901860505 3.7291394973145655 3.7173053948113695 3.7247615741216014 3.745140336363569 3.7758653076439965 3.8150771432622195 3.8610674786971564 3.911779012512296 3.964134751961378 4.007279179745727
3.9197293009995438 3.865918848590289 3.8071539498526374 3.744836741969109 3.6808402310699746 3.619423773085953 3.575160115282698 3.5524383854063712 3.553891053989716 3.5816427977213046 3.6354393029224497 3.7116661494771597 3.804363365528696 3.904411963230288 4.004699489858739 4.098647355107943 4.179090478133878 4.243020261859856 4.2893825640881165 4.316363405416303 4.323789085481836 4.312468402779831 4.284040688729996 4.240784764836851 4.185394927567992 4.12074784736328 4.050395569700137 3.984439433478822 3.927647852764412 3.8824920049907683 3.8505070756830078 3.815681699040292 3.7763153125091407 3.7342797276087123 3.7034349822355512 3.692576047001884 3.69855422063532 3.7172036592905635 3.7455184486803335 3.78137807893096 3.82311021031752 3.8692368655554725 3.912568442820631 3.9424583246662492
