_RESULTS/CROSS_VALIDATION_POSTPROCESSED_80-20/MHZ/IZ/4comp/1/MHZ_IZ_z_90_kriged_reverse_4comp_spherical_1.asc
ncols 100
nrows 81
xllcorner 5.5967107548124995
yllcorner 50.982328804812504
cellsize 0.00017565037499993607
nodata_value 1.7014100000000001E+038
[rows 38 to 56 of 81, columns 43 to 85 of 100]
0.4026749462188264 0.38579043682186603 0.37238503523139665 0.3619124704025544 0.35363382920914394 0.34845674785880626 0.3506160642058364 0.3630761749727934 0.3894626146542816 0.4323075514767614 0.4908151573368543 0.5567272662587289 0.624548533700052 0.6869473853778868 0.740226056060257 0.7876401150726288 0.835747581291805 0.8826765976597787 0.9256810484288761 0.9608812056716773 0.9834272342801252 0.989364029017686 0.9832199176861222 0.9693874915331203 0.9522032221160687 0.9409519877571092 0.9511566486786631 0.9855747038824626 1.0380876657836875 1.0968376407357099 1.1280134189465396 1.1315291393450582 1.124403975863137 1.1102633164118052 1.0917746737197462 1.072503449474136 1.0569645371816418 1.0433936021876322 1.0233814576184652 0.9895760435803477 0.950933485910964 0.9169968597110797 0.8910104597401726
0.40850023712593997 0.3904392883924588 0.37560682668910716 0.3636464211661998 0.353661747841585 0.34540900935227214 0.34245750111716433 0.3489168357328407 0.3727645701846141 0.4191384233821442 0.4820760494475403 0.5509292662583573 0.6201291578781009 0.6847166270183721 0.7388074231879213 0.7866599019238507 0.8321070236205254 0.8734715721242179 0.9082786552012346 0.9334895897300206 0.946025093091401 0.943300921922761 0.9274889353458141 0.9031073855583012 0.8739853891748316 0.8513660367582243 0.8525953343023656 0.8864659375108978 0.9446637707320201 1.009720300292968 1.0577948310321643 1.078993878861071 1.08137633822091 1.0700889961690383 1.0492591635882789 1.02425634490844 1.0012237673834534 0.9812416723531826 0.9613185385103588 0.9361146876868975 0.910214503129942 0.8884216099063643 0.8727848921524981
0.41757844994827176 0.39871155226530486 0.3829643414562351 0.3698703744058165 0.358829186612691 0.34831666608139045 0.33899211037296867 0.3355478988876146 0.3552626115942994 0.410919370665908 0.4803464771912251 0.5526340744889081 0.622630829899278 0.6851923158864569 0.7390239930980026 0.7871092787218007 0.8281015178002175 0.8624103733251568 0.8884254649978915 0.904344993349171 0.9080519856974334 0.895761104666009 0.8704128929391198 0.8362287238797528 0.7951274563354042 0.7573828307807858 0.7471991234128785 0.7820451844798835 0.8507822797961584 0.9270095746668826 0.9885667090447463 1.020479172853924 1.0274441786977502 1.0152615150123676 0.9926977163288516 0.9666836911527268 0.9412977867658894 0.9193382929102883 0.8979693845054476 0.8765749407386987 0.8594065244152596 0.8480189605152545 0.8421455946697403
0.42963279201273813 0.41048348775283433 0.3945559683420736 0.3813723170294716 0.36994533490078124 0.3588184992542879 0.34784354635465015 0.3402003323449197 0.35732766202442046 0.4196877498314092 0.4920927999080389 0.5659735340626094 0.6358735739524306 0.6955547490990951 0.7456747876096469 0.7889626626600779 0.8235167203201119 0.8495349660357442 0.8667189659550403 0.8743355457308604 0.8690647706609701 0.8494670550687027 0.8178079366160345 0.7768560940211116 0.7266306814985172 0.6727602203900953 0.6428138413888121 0.6896375320416397 0.775710207297361 0.8620971043944561 0.9312394223312923 0.9662441133793689 0.9721421540638273 0.9588889348283385 0.9346272145908034 0.9059415772224361 0.8776879237267101 0.8535273537856769 0.8309875721850092 0.812980838659943 0.8036238083647981 0.8019089716493932 0.8049137155737996
0.4441156452573548 0.4252915091052032 0.4101621402391769 0.3977237510205607 0.3871489424676524 0.37867293161131255 0.3725507707692882 0.3744819269640606 0.3981650549049214 0.4507407417816539 0.5197565559422461 0.5927337103897563 0.6614662599393935 0.7173659081685523 0.7625460776303041 0.7976988450192614 0.821790931618602 0.8358335991870136 0.8431070632281616 0.8428451081058969 0.8320562443251753 0.8104408046324563 0.7782658387790189 0.7369172316948192 0.6865090622437835 0.6282584798918357 0.5722206427399595 0.6471784163453448 0.7450552468292104 0.8326369263592679 0.8978851882848279 0.929468220051922 0.9285140013998099 0.9080883456513724 0.8787651597895376 0.8462961366168044 0.814985442485153 0.7856242802918727 0.7583424836134698 0.7411666006742607 0.7409683982359758 0.7507848451848096 0.7632449631690981
0.4610165168122483 0.44359990893578827 0.42977956403206263 0.41833278646292926 0.40989238151820623 0.40551536734152077 0.4061773463797971 0.41581486588803795 0.4430593602261936 0.49277588311301984 0.5591108575710041 0.6308828428965431 0.6983730308122682 0.751353466138269 0.7902717265876973 0.8147188004095689 0.8259934176162241 0.8279796921062016 0.8248394641033207 0.8162527580240327 0.8014379018349647 0.7799795217368842 0.7516505071999043 0.71612900253913 0.6768332584042701 0.6400054308339791 0.6305562265006386 0.6807721381640397 0.7667087693258695 0.8507166407722222 0.9059535051214216 0.9198261704445962 0.9001851065707244 0.8660168857142085 0.8269150722363237 0.7897738193451265 0.7562728130634637 0.7217014109903174 0.6870192306858304 0.6639062104383746 0.6774811854966789 0.6983866149999235 0.7175807044171854
0.4810611287111247 0.465045900405212 0.45184321007041434 0.44183477500180157 0.43595165486409754 0.43564731585633254 0.44218749452640904 0.4580103655285387 0.4877595634377203 0.5372039986418895 0.6030483201623973 0.6752838971978959 0.7444540261292708 0.797257776036038 0.8287768565059609 0.8381322346790563 0.83447473944558 0.8262312513963554 0.8150541828316645 0.7996669344448004 0.7820003253428388 0.7619327960962555 0.7394252995163771 0.7132211431713794 0.6885943159353032 0.6742500583593758 0.6876615020708501 0.7405553681404965 0.8262225416013612 0.9149217242315532 0.9568799563533391 0.9361500160320146 0.884855242457949 0.830385698369287 0.7809352549440571 0.7390268524159878 0.702099266930527 0.6676442230624875 0.6345121279293591 0.6123631130755928 0.6294428106667519 0.6522390477378727 0.671119206418334
0.5032104949876914 0.48755036417826164 0.47505446271132745 0.4664888653506241 0.46291123637777115 0.4658465844061019 0.47669029601837465 0.49686384513382764 0.5295569113745586 0.5782408582277417 0.643921589768159 0.7184931142529628 0.7942634429087538 0.8539733238036067 0.8768353094987915 0.8650788127403161 0.8438156650478648 0.8245114020853752 0.8064421239362521 0.78858235138634 0.7706012676782449 0.7534077281562471 0.7375735808919027 0.7217519109648713 0.709063975475027 0.7097117160461777 0.7359859676490313 0.7949864021288864 0.8890030676265993 1.0088525471477698 1.0407876419261002 0.9553090031515079 0.870640352113756 0.7995100738827396 0.7426804882477482 0.6962543145454636 0.6566470035781173 0.6242214431618992 0.6005257635512805 0.5899703832638447 0.596793595559548 0.6117607487555684 0.6262789147953634
0.5254737677268437 0.5099346113386435 0.4980321387975845 0.49057116986098903 0.4886167976934798 0.4936136361226676 0.5069005758921312 0.5293878477046434 0.5634651215068182 0.6107895072597896 0.6737669984647213 0.7485543150335067 0.8324869992764609 0.9158569031343603 0.9290611731359363 0.8820377395752887 0.8426014307087093 0.8148301194843607 0.7933456354649768 0.7761286288297632 0.7618786468910623 0.7499114847847328 0.7405793604381343 0.7337002573811441 0.7298232289355093 0.7387687319199367 0.7695198791831566 0.8261212394960973 0.9103871867133977 1.0138964740525274 1.0282771375261976 0.9325487212320429 0.8415788909708973 0.7667311481861343 0.7080948409770665 0.6606474980241799 0.62235386374601 0.5931519050335967 0.5742421560699106 0.5668588465507474 0.5692901318486946 0.5779380359803324 0.5882617695341119
0.5465816847469324 0.5310844478393141 0.519497997826581 0.5125976471608339 0.5113654449279592 0.5170698413264511 0.5309411029747813 0.5533922765569541 0.5854499141122905 0.6288826829943414 0.6857567276757224 0.7521522788058268 0.8275283412781541 0.9096200357089249 0.9157841923094734 0.8603606976830059 0.8189610839121987 0.7914380933303189 0.7721808600524421 0.759061568616221 0.7504940191513646 0.7455398981901267 0.7439993613274437 0.7449950680582238 0.7479890299790096 0.7606804294508842 0.7886586298398698 0.8326561977290561 0.8873290523103846 0.9327088334502566 0.9277881517489768 0.870022168476141 0.797241479051638 0.7294679155457466 0.673530880852118 0.6296225146576244 0.5954854554610034 0.569436877083535 0.5521308795215305 0.544052034589296 0.5444555454061588 0.5492730745126604 0.5557630856683825
0.5658276641095363 0.550471619720848 0.5390116530198722 0.5320811625249954 0.5305110329841107 0.5354079615362376 0.547975210571735 0.5676215745388604 0.5945246151659778 0.6299796324704052 0.6752519326252856 0.7269431780974942 0.7765203516973791 0.8146055786238655 0.8203240143414529 0.7971891430844046 0.7723495282032394 0.7541446914267306 0.742494591762185 0.7365984716153987 0.7353172776012629 0.7377674216992665 0.7434664448570365 0.751561427385002 0.761630178355094 0.7779384475890104 0.8006154744286358 0.8292880113600215 0.8570632854498025 0.8702502974806634 0.8541452706533796 0.8092588017125995 0.7486312115250019 0.6893645516266168 0.6398191670232923 0.6016452777023096 0.5720725121436956 0.54920928198143 0.5330365119431367 0.5240968617888739 0.522093634142388 0.5247654022395101 0.528547030268644
0.5864445705463108 0.5715303524794421 0.5600250436939321 0.552473733197372 0.5495625401615156 0.5523759191113428 0.5614345910148418 0.5749238979427072 0.5931404786600445 0.6169184682300766 0.6467521984333962 0.6805257673465561 0.7104668909787941 0.727158231625842 0.7290845006286737 0.7216913424781347 0.7137007138605386 0.7083202865270896 0.7070137184378149 0.7101473319328702 0.7170688982846974 0.727064096810138 0.7394557593054065 0.7537580831469316 0.7708994863916874 0.7903956748523465 0.8105209836332872 0.8277379074257574 0.8376360837556678 0.833111212345303 0.8074366741951536 0.7606498228511207 0.7012103656592444 0.647489057735197 0.60703488941184 0.5765295863538816 0.5524367217410459 0.532906777175548 0.5177543706224682 0.5080106830728874 0.5036882318897982 0.504221928718379 0.5065444108158469
0.6095472779189954 0.5949442066491272 0.5830738677474069 0.574401978303205 0.5696862977794617 0.5696086948380376 0.573816712612794 0.5798917072126474 0.5879733444467539 0.5981905276965904 0.6104378652262882 0.6259548818694595 0.6422316441802167 0.6494351994021956 0.6496474839243124 0.6499782490231831 0.6537481331381666 0.6605838132596329 0.6701175989504298 0.682592216792202 0.6977981941564678 0.715169286430727 0.7339154948736089 0.7555440267843845 0.7800734927304511 0.8035439024289718 0.8232267478096307 0.8352247428249684 0.8339683335389249 0.8159749799641726 0.7803805339428487 0.7270176269799529 0.6607207536603394 0.606727121401837 0.5794770946912275 0.5586799145758005 0.5393152684395216 0.5220678077180805 0.5074017014329534 0.49655562358865024 0.49012643350394264 0.48794760982762786 0.4902782494983149
0.6349051446689264 0.6205818208126124 0.6081922096590536 0.598320630593186 0.5914131601090407 0.5878841492931844 0.5863555746815196 0.5845258526691227 0.5824053947719096 0.5797287102525472 0.5761215774986317 0.5754856943754793 0.5794152476769059 0.5794139440331492 0.577216358965304 0.5820659468248637 0.5959666247930983 0.6146210106893997 0.635302231979166 0.6571163509705821 0.6800826280810865 0.7043510880514297 0.7304144816416014 0.7606566353453197 0.7930021618096151 0.8215373914245988 0.8418386556457256 0.8498401903972308 0.8420594845504905 0.8168867662215649 0.7751281083577006 0.7162255612707216 0.6430417596258439 0.5801167635487601 0.5684474640302329 0.5532382068262809 0.535676672421729 0.5184019004182525 0.5029782398576395 0.49037586251942855 0.4816474749633949 0.4768730801093985 0.4799570750387265
0.6624092332561938 0.6485892203713104 0.635930676436986 0.6247636413589371 0.6154157605028685 0.6081421644912954 0.6004496105005468 0.5908122329257213 0.5792250372857561 0.5654574602885513 0.5500258859598923 0.5372104453804459 0.5284391910986039 0.5196156187715781 0.5116568516485499 0.5181692588382669 0.5408065043756317 0.5700748459793193 0.6005888996289663 0.6309859539237407 0.6611914336805971 0.6920577439743456 0.7271979115619452 0.766349687550136 0.8066025495601684 0.8417762821666634 0.8648913195184028 0.8719905158500549 0.8611418153796122 0.8331238343557997 0.790470612491241 0.7317930435804835 0.6651697944197512 0.6124228472727876 0.5831179434724492 0.5620545585686867 0.542236730227509 0.5229068852529303 0.5050515256488765 0.4897499758636163 0.4778813393256572 0.4725696592379502 0.47612333640825655
0.6923921891419602 0.679543364485752 0.6667541564853569 0.6543002717688833 0.6424654740571929 0.6311897297033866 0.6173659261678903 0.6003621255185422 0.5803872089198908 0.5575688780556598 0.5340498997962958 0.5126932270051983 0.4928096851243638 0.47328366095983776 0.4555336830822477 0.4604837714250378 0.493900369127985 0.5318159285880522 0.5689755552679259 0.6048352628261275 0.6401196861997475 0.6786840429565523 0.7229193879626511 0.7723384657124499 0.822625821333668 0.8667495804625879 0.8954270000419546 0.9037500075065341 0.8915711435701545 0.862382217013046 0.8193063859690738 0.7624920033948356 0.7011656106846793 0.6492862013161407 0.6110474789941687 0.581779220637848 0.5568418162481047 0.5342250167333463 0.5132543721838755 0.4941062607561068 0.4804811400730789 0.4753950489574718 0.47903467380563686
0.7252609182254057 0.7137734574303523 0.7011256838909363 0.6875513694838327 0.6733392755152713 0.6578332372829252 0.6380814044197683 0.6142469718026365 0.5869024163718521 0.5566410767043273 0.5269629735517662 0.4994352535405428 0.47330964108144546 0.4477992239649105 0.4232528925625578 0.42709034027345205 0.46407534166590547 0.5043532803481648 0.5435328556182464 0.581685656922267 0.6212058925485769 0.6647527382367001 0.7173327411043648 0.7798622160624004 0.8441509174918574 0.899663637964779 0.9360152765545672 0.9460095601355871 0.932058094251375 0.9012515494775093 0.8553204974965884 0.7980816831471442 0.7374228786074055 0.6837669545329894 0.6400251362099475 0.6042978138287636 0.573891818984751 0.546949443384236 0.5225126301859814 0.5017602919928996 0.4884217271270792 0.4831853970502458 0.4867289560729947
0.7611095125124778 0.7515993218777846 0.7395253647824226 0.7251313847415798 0.7087056103418795 0.6886783507106743 0.663213934418349 0.6330093147163657 0.5990943717198622 0.5627089106089794 0.5282511787202209 0.4968831605101479 0.46853404926868225 0.4440663206968503 0.42781999713941266 0.4307203961643268 0.4537899291337398 0.48788988578371395 0.5258231673494982 0.5657784455664835 0.6075345645771895 0.6519238391733154 0.7102864222110522 0.7899826526696586 0.871948354798942 0.94322224871461 0.987761743484138 0.9972651605795269 0.9785802675281002 0.9425282273228435 0.8913813871133544 0.831471772661606 0.7689884743125516 0.7125803804953924 0.6643744948900695 0.6234418950433124 0.5881454747829833 0.557021215212494 0.5308261949222882 0.5111762215406207 0.4990169312466572 0.494901825558843 0.49921144904589304
0.7988625411412872 0.7932573041107135 0.7824065935631166 0.7676048315320033 0.7486692214409383 0.7240509070013965 0.6929949809106808 0.6567032190629246 0.6167402319748561 0.5750487580856265 0.5366760085241911 0.502783757672173 0.47384150132918884 0.451296449897777 0.43829736642970335 0.4388330709106521 0.4534791399919991 0.4811746376726712 0.5179010765746034 0.5590896706021065 0.6036742322233642 0.6521856337403729 0.7169948116221802 0.8080846461063834 0.9066235142275652 0.9992467928384408 1.0528401672114738 1.050515345592381 1.021117177755088 0.9754906089440587 0.9186331272338992 0.8555337742157779 0.7909376742713606 0.7323181449023963 0.6809773568917301 0.6363153692259162 0.5973801329254064 0.5653832741909077 0.5404016384590934 0.5220555973284403 0.5112927354713274 0.5086883493276916 0.5146608197983823
