_RESULTS/CROSS_VALIDATION_POSTPROCESSED_80-20/MHZ/IZ/4comp/1/MHZ_IZ_z_1000_kriged_reverse_4comp_spherical_1.asc
ncols 100
nrows 81
xllcorner 5.5967107548124995
yllcorner 50.982328804812504
cellsize 0.00017565037499993607
nodata_value 1.7014100000000001E+038
[rows 18 to 35 of 81, columns 0 to 39 of 100]
0.010129632704097955 0.015142405895413633 0.02076609781042444 0.024259421524273312 0.02250535490739358 0.0166841566409714 0.01043165579552867 0.005871663687239612 0.0031146962455723595 0.00160234506635613 0.0008145304304348566 0.0004135797959245852 0.00020958769566497453 0.00010687277197454476 5.5309411680479964e-05 2.9311538934628608e-05 1.627850866497274e-05 9.891803106252393e-06 6.919425163686782e-06 5.828661512402312e-06 6.139770309124652e-06 7.853524690673671e-06 1.1219874978898816e-05 1.693091010759461e-05 2.635431682918542e-05 4.2298565160429104e-05 7.027927712261912e-05 0.00011946863091648579 0.00020110335603550262 0.00033107670528985866 0.0005368949689186704 0.0008572501838649988 0.0013455758695958089 0.002071685939851489 0.0031149707873707015 0.0044732755906881 0.005874932016461024 0.006726931002250342 0.006315555879735866 0.005049938380277086
0.009834134545783219 0.01430438878296146 0.018910602749541264 0.021596479551589342 0.020539751588710655 0.016328885328955673 0.011153159240306354 0.006817243363021329 0.0038716838205961066 0.0021034085876301127 0.0011170650446183125 0.0005893997693168883 0.0003117759515114376 0.00016561852391575754 8.961988148518547e-05 5.0481244082260805e-05 3.066338957126979e-05 2.073863671785713e-05 1.6059699241967025e-05 1.457443257840728e-05 1.5468409401290343e-05 1.8939808315845457e-05 2.5475132550257353e-05 3.627499528321298e-05 5.3568866214576046e-05 8.256630662062095e-05 0.000131631161806582 0.00021442389035889486 0.00035263441336370475 0.0005730897710499021 0.0009142723724535299 0.0014285148552621236 0.002179991621761493 0.0032351123762496816 0.004631385325183245 0.006276924720679737 0.007662693565403897 0.008275185597565305 0.007863003489048873 0.006696605717162519
0.008893915220547196 0.012646409773055178 0.016400743816459583 0.01876484012251831 0.018400607479059392 0.015443269826431544 0.011292201723827488 0.007399855697081142 0.004479217065643873 0.0025731964707454117 0.001434702910107443 0.0007905190462867386 0.0004385959696387959 0.0002488854384048785 0.00014581262733980312 9.095834640846657e-05 6.20384741654195e-05 4.678208302420936e-05 3.957288328664764e-05 3.808692951294001e-05 4.118538246091248e-05 4.8781883609292817e-05 6.179288196358237e-05 8.240233936522328e-05 0.00011495476148721359 0.00016881534908764063 0.00025617900410671783 0.0003962239682920016 0.0006216255199663757 0.0009829744106083095 0.001528521734619581 0.00231476998655244 0.003402011378113825 0.004826103120292478 0.006547875494939389 0.008366795495205994 0.009693787688174218 0.010216735412114323 0.009769945318527859 0.008514981647737155
0.0077461007602910616 0.01076678923070721 0.013719092166973257 0.015862787877013666 0.01606556550277477 0.014107677365257863 0.010889772246247483 0.007558978479584647 0.004845304366194413 0.0029444062330182936 0.0017372498562141857 0.0010214457499880397 0.0006118811959034131 0.0003780524232752852 0.000246477402291929 0.0001740917563668104 0.00013385130276843913 0.00011245512448507244 0.00010356517259617477 0.00010492535926259521 0.00011625349696106514 0.00013391637319830075 0.0001602858780693107 0.00019956165990828607 0.0002606301151071508 0.00035737776313774807 0.000508229550776128 0.0007451616532199556 0.0011093833873323416 0.001658265984450378 0.0024716492365551078 0.0036112485160756705 0.005094491244106344 0.006897440796219156 0.008883320268433683 0.010751263273485882 0.012094027229998685 0.012622107131418715 0.012108318130239647 0.010656318858818336
0.006772649237336045 0.009267672173017941 0.011648777115708045 0.013473709033101425 0.014020744121251325 0.012769558533079938 0.010296701549054136 0.007508931712192461 0.005077254116321837 0.0032723654751627123 0.0020808186672131583 0.0013297396477145152 0.0008662932334493064 0.0005858536798156591 0.00042899642652360296 0.00034309288777257776 0.0002983775164155737 0.0002804148420663549 0.00028220869854448847 0.000301443807846412 0.0003392262886796091 0.0003809291535243616 0.0004314981770717304 0.0005036731503954428 0.0006164547585107705 0.0007878445612720258 0.00104411471391567 0.0014241294370218817 0.0019921597636600465 0.0028217519109155417 0.003966277439277605 0.005484941826248825 0.0073920379948008465 0.009537745342632166 0.011705019720145444 0.013619134629688497 0.015097566461577824 0.015732559806439023 0.015166217106575054 0.013369437770999597
0.006159816954699686 0.008381075370993831 0.010481564830470457 0.012082012893687915 0.012669491924260123 0.011750406479205331 0.009736140939416868 0.007364866022562995 0.005241105529853733 0.0036328549686610533 0.0024978415138686948 0.0017304508998477433 0.001224674474059773 0.0009213292318390798 0.0007562859533063285 0.0006792461272508587 0.0006663157817699741 0.0007060859781508356 0.0007856048223495084 0.0008884987429610235 0.0009962174700179202 0.0010859989245723203 0.0011674675897524096 0.0012835880022035052 0.0014791944280506415 0.0017792213332138286 0.0022194718133848133 0.002843699487452699 0.003703412591370636 0.004867762529585151 0.006409105518593548 0.008270470829191112 0.010382237343581808 0.012656295558991377 0.01489723187445278 0.01678925913372338 0.018483124763640262 0.019391389424513666 0.01897995558005079 0.01687302877613654
0.005868828920309383 0.008026120228104883 0.010101349953790197 0.01166899531464355 0.012194426797617963 0.011317560612817391 0.009380144812067035 0.007238134545296594 0.005414561007077596 0.0040074770580561005 0.002964734107054525 0.0022184177977093225 0.0017151387840963358 0.001436519287273235 0.0013155964042941442 0.0013216590020736563 0.001456341847336394 0.0017445620765543426 0.002189603267006084 0.0026212099409178434 0.002840272097568934 0.0029747733900352433 0.0030656538858326765 0.0032146055510697898 0.0035435179698694395 0.00409033903328685 0.0048650704936939754 0.0058714886721372254 0.007111206862159322 0.008590025990646196 0.01034533095609707 0.012415058723008058 0.014555681466998574 0.01658339004993629 0.018321666071986216 0.01988819074372269 0.021606717653599224 0.022865243237872458 0.02305516900508408 0.021155543088879642
0.005806962809906658 0.008067504019484348 0.010359072190878301 0.012107769826874198 0.012491361389350017 0.01137627626946041 0.009362527173760364 0.007351146774768329 0.005663950077987437 0.0043698107597573135 0.003430751446046273 0.0027621336107588037 0.002346701883330787 0.0021727830627159524 0.0022008401692356194 0.002446349992257113 0.002990634260049234 0.0040224576990890975 0.0058949010660584765 0.0074574224341066265 0.007379968122387703 0.007386860349138552 0.007387546633467054 0.007461909623833662 0.007987385354016302 0.008935844117098848 0.010239162276315874 0.011802603632037799 0.013509985138086215 0.015255100013057736 0.01696843929186713 0.018614682268094748 0.020209251739450332 0.02140223416332426 0.02215829710744561 0.02306283516678733 0.024293862984279286 0.025401380431103016 0.026162536157081015 0.026030833092137273
0.005876025191555723 0.008351953717079596 0.01113015829234821 0.013446271992192785 0.013613730099922252 0.011763017381065347 0.009578823782629208 0.00758649587877712 0.0059870153035926675 0.004782044903898439 0.003913536470753531 0.0033317174908363304 0.0030945590533302857 0.0031391245597468054 0.0034768491605928773 0.004207073504903982 0.005558337952792189 0.007987176560880584 0.011906896524263225 0.014958207126605392 0.015120793005613415 0.015098352203339365 0.015044950181420129 0.015219974895667263 0.016074282511036864 0.01767095501914419 0.019735422149290423 0.02189652088943643 0.023783416551449443 0.025184581757216936 0.026100235064655995 0.026650168793294238 0.026953091570701127 0.026785402710680216 0.026180736145042217 0.025894871344730272 0.026026160449386763 0.02607898532374712 0.025848344321358713 0.02475265571613465
0.005954054864214199 0.00860298913685076 0.011982096186392423 0.015752365239857527 0.015483002392282244 0.012330671961007587 0.009812121807108826 0.007922605754599762 0.006458360500337616 0.0053600050301697445 0.004567348919800541 0.004080820008123303 0.004020173153158279 0.004387038722530861 0.005222711126418461 0.0067606820020806035 0.009380926702663694 0.013290285799604042 0.018081688366145737 0.02208124119731468 0.024048619950722317 0.02505923270111185 0.025843735448508542 0.02682740970974876 0.02863461839355735 0.03142334478555378 0.03468174976373262 0.037326137947705305 0.038451920206879854 0.03794746338828971 0.036374674459612774 0.03437808319428902 0.03234608501120603 0.03084034497734867 0.029559505265445367 0.027928355972006307 0.02637994216723946 0.024608233415688095 0.022208359698587234 0.01853146026483553
0.005932217328204002 0.008466603994556775 0.011801987754513552 0.016062148182916163 0.015800469075299205 0.01247854929541996 0.010060242919390637 0.008377481115656752 0.007141177196186757 0.006197980217408445 0.005515706208487365 0.005184687421095879 0.005370886202939183 0.006150402549297351 0.0077447009584782275 0.010308282213242764 0.013968071278235478 0.01869046005937787 0.024025488793156285 0.028736623244795676 0.03206388845429101 0.034855812220757634 0.03736581528284097 0.0401096356888834 0.044270645329639334 0.049588947594597685 0.05514389054106189 0.058216960096386404 0.05667073811525881 0.05150815793995583 0.04521312842299281 0.039373561121100735 0.03483309090552782 0.03190251236319031 0.030070492883961873 0.028095397250044365 0.025543153500587897 0.022045734839630064 0.018197832839678484 0.013989410568100678
0.00584157751678359 0.008120883841462147 0.010732279443024451 0.012947685353256591 0.013313596867095044 0.011919128116278523 0.010287051336128951 0.008958968327072386 0.007996882408215021 0.0073114465180440956 0.006821761927895255 0.006753537965858956 0.007336945538941037 0.008756578041298367 0.0111876104826449 0.01459278925850123 0.018771330705550832 0.02356579794452043 0.028542117998731516 0.03316238230235415 0.037125189063789185 0.041227152953317185 0.04529709634111253 0.05002364845671 0.05729444487860411 0.06760050991971334 0.07839281857458365 0.08284377630563593 0.07522870064128721 0.06154394915289914 0.048931593270339 0.03973861461330873 0.03371546274877185 0.029907633717907087 0.027600990162168347 0.025651609490509212 0.023060886765432758 0.01928764145481585 0.014878520443890823 0.010905155321642969
0.005955461042131117 0.007993920619493021 0.009994445465145082 0.011422949810189332 0.01200251012432956 0.011611638292573051 0.010758122823284024 0.009887445309786358 0.009199352334669795 0.008762766405434903 0.008586789276873815 0.008942395873518551 0.0101673237533912 0.012304312935480519 0.015141100185337097 0.018850168175344302 0.023102532921923033 0.0274067392696454 0.03125646491255251 0.03434100000911901 0.03755226311593366 0.04146582716551467 0.04556066212252737 0.050824421525547864 0.05960801864037216 0.074528839245925 0.09568146436736918 0.10734037219234044 0.08689303895344923 0.06174422498151742 0.045151418126200944 0.03514185434508835 0.029105906774342098 0.02543363657406237 0.023193055015190662 0.021620954138880447 0.019394088149917364 0.016145722975747373 0.01235833183993934 0.008877365486013969
0.006444110996618229 0.008381650219134716 0.010086102011195478 0.011297781875300965 0.012017442454865324 0.012142468208486735 0.011854916295124014 0.011429584569000726 0.011072630128072304 0.010908892707334568 0.011027397756224156 0.011954049341953234 0.013822688310728828 0.016105065571377083 0.01889901140217021 0.02232294639208461 0.02617891342707051 0.029498502748133832 0.03167006132522201 0.032701129729263374 0.03368659423550897 0.03527356056975323 0.037507835799613344 0.040944812317182167 0.04739171266881276 0.06031519575427078 0.08488418041491225 0.1249905164665027 0.07592939460644554 0.04870302261925042 0.03458659590590023 0.02683221226997053 0.02237517496796283 0.019733881167004856 0.01814228091124597 0.01711208828100292 0.015475729454476119 0.013010108364950847 0.01024806417580118 0.00751603123926585
0.007526613183457378 0.009562268972946299 0.01125072701518898 0.012513388607853287 0.013379558845825909 0.013850791798744383 0.0140015252653775 0.014005051950041605 0.01404025941181339 0.014214754464325187 0.01460793745166313 0.015792121706422343 0.017409087154966443 0.0193465497075842 0.021687383923018156 0.024399998273428782 0.027353484075127277 0.029447524593388185 0.02974215103542384 0.028604613022632744 0.02706099750495475 0.02566731835514779 0.025027677459347378 0.025662071763004494 0.027892540887671798 0.03314843455790709 0.04258616060095602 0.04993115769692378 0.04066248973331123 0.02973865503034258 0.022812990242305577 0.018718764562147626 0.01633471757377209 0.014906084579158724 0.013991407987625732 0.01327610828257173 0.01206338297603436 0.010343128688461673 0.008433259118897996 0.006467161093639034
0.009243339995448973 0.011647758352170115 0.01361316157452951 0.015198337849175094 0.01631051956615515 0.017106319520063952 0.01760187759556164 0.017937533778879373 0.018243761776925493 0.018636804131527986 0.019221729763362536 0.020018222797228036 0.020840462601599156 0.021822141221830054 0.023030929372969595 0.024500789890738558 0.026109615325731292 0.02699099290692319 0.025725761406056504 0.022728066017388818 0.019159188561873094 0.01590991873567021 0.013652576746573159 0.012613968354940438 0.012698491893202185 0.01392790386324557 0.016114162153404322 0.01768902362753129 0.016980173060309234 0.015070369113590144 0.013417863376034204 0.012369635270668842 0.011807257892303307 0.011515709591419579 0.01129681366310317 0.010858673323121517 0.009963977303411675 0.008635394266189601 0.007109479465623618 0.00559483584854618
0.011036884331806529 0.013876024617858168 0.016205648499013424 0.018202530431125664 0.019718443165442134 0.020958607322710928 0.02204103145297633 0.022942315193357547 0.023639287068072036 0.02423227459142541 0.02474906856891516 0.024308982059641226 0.023632899633685457 0.02298515764319017 0.02258150021593335 0.022549698254206926 0.022849439004128613 0.022885569749783067 0.020878941269557277 0.016616060050240054 0.011938660322599081 0.008393107532412186 0.0062611097382794184 0.0052466245904702336 0.004980249920502788 0.005148877221524382 0.005651804017517294 0.006245399049608594 0.006691540835958243 0.006988221431685488 0.007308916319050995 0.007780439346731121 0.00841405864469608 0.00909753715853877 0.009566964966039898 0.009450154474354775 0.008837288049464924 0.007731015454050053 0.006407755872679082 0.005092427363489854
0.012775540235089708 0.016044418426872337 0.018646895166748226 0.020928767940398742 0.02287814467179819 0.02454162284395025 0.026254219075153355 0.027975439453513096 0.029574698627780827 0.030903687081030598 0.030570174107391088 0.027851017519525005 0.024922587247632588 0.02227506153551893 0.020162476645611715 0.01871847278058546 0.017982941642228495 0.017759831321820664 0.016383894337252708 0.01137352107735233 0.0064965360340029 0.0038369386019355633 0.0025447104975484768 0.0019410980202232938 0.0017196922693827163 0.0017293696051895518 0.0018905084018716672 0.0021956220590107277 0.002614489780983001 0.003155621788127686 0.0038649882823292986 0.00479956671981806 0.00599408324280935 0.007362313051678615 0.008419776412444227 0.00863680837524763 0.008175089224772569 0.007163734216503904 0.0059535985079212355 0.0047672463029752865
