_RESULTS/CROSS_VALIDATION_POSTPROCESSED_80-20/MHZ/IZ/4comp/1/MHZ_IZ_z_0_kriged_reverse_4comp_spherical_1.asc
ncols 100
nrows 81
xllcorner 5.5967107548124995
yllcorner 50.982328804812504
cellsize 0.00017565037499993607
nodata_value 1.7014100000000001E+038
[rows 18 to 35 of 81, columns 40 to 79 of 100]
0.0006863403397821243 0.0005709070989216639 0.0005145457037780601 0.0005007918901997832 0.0005219208106820492 0.00057638127939476 0.0006669904239737128 0.0007996782568637188 0.0009820880978388678 0.0012212511738989408 0.00151964259306877 0.0018695470319555789 0.0021611447733704907 0.0022000412991333407 0.001961506159514818 0.0015047781214882995 0.0010028031331000323 0.0005987852828872885 0.0003256447874398744 0.00016738509120976805 8.359757391510554e-05 4.165001798117721e-05 2.148148809981434e-05 1.209862769956081e-05 7.604928829746337e-06 5.4283866118317e-06 4.476394055219265e-06 4.415535547261013e-06 5.220274690175864e-06 7.172181521428977e-06 1.0327835775713012e-05 1.492458484657064e-05 2.1361673716283734e-05 3.2755402782573036e-05 5.351980910271533e-05 9.224557675197767e-05 0.00016665136684735916 0.00031450144659658465 0.0006189287961931484 0.0012677379265434213
0.0003049172977700454 0.0002605769757522588 0.00024136254831608395 0.0002416347814121889 0.00025904879032156346 0.0002939308366978797 0.0003487111016047677 0.00042746785464483386 0.0005353337082410263 0.000677426128038445 0.0008569957769406174 0.0010655185396736913 0.0011955363682554395 0.0011792310241416572 0.001012426130255613 0.0007494553085115529 0.000476537595949325 0.00027879657281797257 0.00015279371983761245 7.961339143872381e-05 4.0173473994132894e-05 2.0321816866799636e-05 1.0903122264869147e-05 6.352889475223103e-06 4.114647160930352e-06 3.0289719003494107e-06 2.587006484611478e-06 2.660008112526888e-06 3.299512155205734e-06 4.476930260837219e-06 6.2630774771801204e-06 8.6130756554311e-06 1.2268731894793708e-05 1.9160372934332798e-05 3.179016713019235e-05 5.5106959653808205e-05 9.932012151159086e-05 0.0001859589140865771 0.0003622137080984249 0.0007350819344829799
0.00013118276577167722 0.00011581470543435127 0.0001110549203789731 0.0001154191320023947 0.0001283909381056001 0.0001507719370421149 0.0001844758829077872 0.00023238435300794853 0.0002981310120238032 0.00038564811702215395 0.0004983187082079699 0.0006180268760675591 0.0006759939592558275 0.0006441455141963738 0.0005357178753451831 0.00039064833679861504 0.00025038107470777847 0.00014702153869473427 8.076119901772347e-05 4.200619616609017e-05 2.12832172323489e-05 1.1134186693141736e-05 6.1427724766634135e-06 3.6567372765677105e-06 2.414631816309171e-06 1.8220611164521132e-06 1.6149510667517449e-06 1.7515598006722282e-06 2.252972869612846e-06 3.063401085354926e-06 4.177085517759235e-06 5.546178859246142e-06 7.77719342256452e-06 1.1767978263697441e-05 1.9066692954989454e-05 3.271948166998576e-05 5.815683610153198e-05 0.00010679507832728061 0.0002029235017272491 0.0004000236725867976
5.5113461100007e-05 5.1763257325233223e-05 5.173353433171251e-05 5.626762653348464e-05 6.541997297651716e-05 7.996073033916194e-05 0.00010132866853226857 0.00013160439383683007 0.0001734631320071049 0.00023001609228741728 0.000304363205787484 0.0003714924057161309 0.0003948523837758051 0.00036648654710787627 0.00030761373851231764 0.0002300108767411945 0.00015084970018380681 8.928378223054145e-05 4.929733211329852e-05 2.577700600206403e-05 1.3533379135236554e-05 7.286857829481931e-06 4.090943108238601e-06 2.454255763572601e-06 1.6272333808401218e-06 1.242209307397942e-06 1.1365666451022098e-06 1.300001825734177e-06 1.7042183881620913e-06 2.339187136979787e-06 3.165273764261941e-06 4.155479539368727e-06 5.740374344791348e-06 8.378719746330612e-06 1.2965779986100527e-05 2.1207685433462374e-05 3.657956463386898e-05 6.442425279449702e-05 0.00011605674836167588 0.00021553511188845061
2.2726272435691457e-05 2.3374450194737287e-05 2.523585428917398e-05 2.8966858318244604e-05 3.539556794802857e-05 4.516621979196979e-05 5.9368409868270805e-05 7.95616784857909e-05 0.00010780610929307706 0.00014643739784253324 0.0001954922976629895 0.00023352130468175226 0.00024349158588855024 0.0002313544365000204 0.0002013389762090879 0.00015517843715216623 0.00010493116231178275 6.315375196745966e-05 3.528701734193494e-05 1.9199378315657484e-05 1.0503413159697494e-05 5.815067867976891e-06 3.302417790929879e-06 1.970705374133616e-06 1.285012445986378e-06 9.69037468203088e-07 9.070348849625862e-07 1.086465012136713e-06 1.4822042001505186e-06 2.1029915579705894e-06 2.9087293100624136e-06 3.85415638532929e-06 5.357103608830563e-06 7.723044239495284e-06 1.139161381287369e-05 1.7162721532989995e-05 2.663121260613026e-05 4.296687802464359e-05 7.012970520200307e-05 0.00011733806921379418
9.242584261897866e-06 1.0611524444346814e-05 1.3014027325519042e-05 1.634592543202699e-05 2.107299026266487e-05 2.8036662958097013e-05 3.813358552047784e-05 5.2540654040205866e-05 7.255168533451287e-05 9.96418597445071e-05 0.0001329308361463518 0.00015656641307211267 0.00016790835105914538 0.0001671479379783252 0.00015115294687644066 0.0001208373654486201 8.481014916339714e-05 5.253896613743543e-05 3.0508096591225164e-05 1.7604758959189494e-05 1.0111452229909223e-05 5.786856650600924e-06 3.3251921338536454e-06 1.9551126476569007e-06 1.2310254381142583e-06 8.968987782406745e-07 8.422306949696903e-07 1.041888272442423e-06 1.514561894841018e-06 2.3254469008391353e-06 3.4084532323906425e-06 4.774641798572954e-06 6.784589578802182e-06 9.56189183588607e-06 1.3220410856289234e-05 1.7960561165549254e-05 2.4264536996819936e-05 3.329267977932305e-05 4.718801073675042e-05 6.77902211389686e-05
3.799881515085143e-06 5.064977012262104e-06 7.222567559309419e-06 1.0197790200616784e-05 1.4226893344313886e-05 1.9650440346209278e-05 2.7267105174276347e-05 3.801971443150563e-05 5.284660114595299e-05 7.28394832959835e-05 9.664495821829536e-05 0.00011637692827835868 0.00013154119940015963 0.0001382261483454691 0.00013057263382364135 0.00010907526707910691 8.01257141272192e-05 5.181245035952885e-05 3.232110613363172e-05 2.0042317856205748e-05 1.2261224098834082e-05 7.361343850693658e-06 4.338728166875912e-06 2.5606116701745856e-06 1.5538515271163058e-06 1.0386049594935523e-06 8.969988639121879e-07 1.1325514390462985e-06 1.909491252058547e-06 3.392948048155473e-06 5.59079289021921e-06 8.348203678699609e-06 1.1987902219647152e-05 1.625000332023433e-05 2.0652350011254763e-05 2.4746930460841147e-05 2.840327052017909e-05 3.1994548607722014e-05 3.655804137945124e-05 4.305416019359733e-05
1.6690118809770702e-06 2.7812120013325387e-06 4.562767646462136e-06 7.101504778352825e-06 1.0594594498152521e-05 1.5260951875860837e-05 2.1189647321743523e-05 2.8950387008691372e-05 3.949163405095079e-05 5.376275600021086e-05 7.155476555270735e-05 9.058418670255339e-05 0.00010878743350427141 0.00012141830178705011 0.00012245078887515852 0.00011021118122523769 8.736291321860385e-05 6.128566528137706e-05 4.191977764656173e-05 2.8433066746903086e-05 1.893012832670759e-05 1.2270208952208336e-05 7.786659115797706e-06 4.804010886789442e-06 2.869626013790896e-06 1.6676869115714105e-06 1.0843797393498638e-06 1.4718886156467185e-06 3.394542699487166e-06 7.404475531963696e-06 1.3629376411504045e-05 2.1281568909482574e-05 3.0248035183900893e-05 3.8576012286000096e-05 4.4080507434693946e-05 4.557767280320611e-05 4.3503512374638384e-05 3.936714871852935e-05 3.4886918859042406e-05 3.15359854175914e-05
1.1711792884287572e-06 2.0162017401767472e-06 3.451728388518007e-06 5.540599122878105e-06 8.281993058076303e-06 1.1900800040960976e-05 1.6557618253795277e-05 2.2401753889912734e-05 2.9785850527038928e-05 3.978766849621677e-05 5.468451537636505e-05 7.290762842081465e-05 9.296319359667107e-05 0.00011007253975153711 0.00011932665731868364 0.00011693110196020505 0.00010211882905616611 8.154658535801276e-05 6.446664234989036e-05 4.992997070701954e-05 3.735489772519272e-05 2.7561055942865218e-05 1.9786385380384915e-05 1.3437455467401798e-05 8.320171108776502e-06 4.680173583185346e-06 2.477034193524856e-06 3.539813983786678e-06 9.792510908234092e-06 2.2923580098249195e-05 4.4044675278314054e-05 6.99184447716736e-05 9.842702327339222e-05 0.00012010642992462374 0.00012540029171477236 0.0001124863325030405 8.825692340764783e-05 6.34993021940202e-05 4.330528265220357e-05 2.8882839283946854e-05
1.2823782466968577e-06 1.9204204607942484e-06 3.013983779259655e-06 4.58453825194522e-06 6.610756585590611e-06 9.249293816184226e-06 1.266765878335665e-05 1.7026511292028602e-05 2.2520984357831887e-05 3.023574874834475e-05 4.336070021245575e-05 6.089137284013044e-05 8.16417063076059e-05 0.00010294957689217213 0.00012071061568679082 0.0001299000673805072 0.00012658842936339292 0.00011732226933964037 0.00010943345874819749 0.00010137318479177523 9.249527632621461e-05 8.073056146746312e-05 6.458598309353918e-05 4.7464642644352655e-05 3.2525551428441216e-05 2.2063160636812912e-05 1.777233853658252e-05 2.30548828642568e-05 4.583828701340239e-05 9.471484865013518e-05 0.00017417599930362004 0.00026992786243171723 0.0003674666565550835 0.0004226449805536418 0.00040283119524292115 0.00032243267502848454 0.00022231287374089673 0.00013468609496129508 7.26972750691388e-05 3.7612624824793615e-05
1.4750304583712778e-06 1.985216840739594e-06 2.8052042206752715e-06 3.950446789950012e-06 5.3860202049848865e-06 7.203314144824998e-06 9.560766081042202e-06 1.2598532054939044e-05 1.6509443880282357e-05 2.2729194417693623e-05 3.42481205383385e-05 5.07280263421686e-05 7.212201023024051e-05 9.769569775460018e-05 0.0001248488175936278 0.00014867636449732006 0.0001636457835963036 0.00017710937766754925 0.0001962213252395382 0.00022174698742825688 0.00024389005694408093 0.00024480064051495985 0.0002212089190610429 0.0001825673783147293 0.00014544804496154946 0.00012081911778002085 0.00012007821252887633 0.00015431546518094395 0.0002521970836752088 0.00045212555207998784 0.000775451727182725 0.0011686283450725026 0.001538341859506019 0.001650263619762924 0.0014030188672738086 0.0009847370269434092 0.0005935153035403441 0.0003153305229207007 0.00015294085393682683 6.915658390485639e-05
1.6440698061814167e-06 2.059221441083012e-06 2.6699030036510617e-06 3.477084876942422e-06 4.444843302431813e-06 5.620342167895366e-06 7.146512059853588e-06 9.1316694770193e-06 1.1808654825083224e-05 1.6707882999291728e-05 2.5884721360117715e-05 4.009512746442355e-05 6.0542868507600586e-05 8.846798444554382e-05 0.00012387194365327976 0.00016415964904354052 0.00020554717441769647 0.0002612557343784246 0.00034868167121044757 0.0004602885171153192 0.0005749286202581745 0.0006698956308122967 0.0007170544369500354 0.0006983408715741835 0.0006392783541526107 0.0006040196370609213 0.0006641508449133419 0.0008465300415407947 0.0012498724990684265 0.002050618120486847 0.003447817622233982 0.005349886192247648 0.007170482694932922 0.007194932843450456 0.005128729215514948 0.002933247599329067 0.001494167651667933 0.0007164812673908077 0.0003417597587921983 0.00015633638206335155
1.782489590468612e-06 2.1110127253353222e-06 2.5486655165091957e-06 3.085295209924097e-06 3.6885685920530837e-06 4.3867070365879175e-06 5.301776471210683e-06 6.511874964277707e-06 8.294272124195382e-06 1.1749899153116118e-05 1.8420280744209665e-05 2.9738912540868613e-05 4.761059632139311e-05 7.514028303253472e-05 0.00011605165839394581 0.00017262757354362764 0.0002474134718856097 0.0003700691201956205 0.0005552387178955635 0.0008136941428621361 0.0011579575813937964 0.0015833448170289948 0.0020310491013087345 0.002380561264896188 0.0025090653444862264 0.0025255832049919003 0.00287241846251478 0.003668384681257071 0.005287359396136684 0.008554464168612622 0.01488895590006191 0.025970065884946065 0.040146642849050014 0.03684505840792967 0.01924062815794752 0.008672682517240255 0.0037728754481148445 0.0016940284615923444 0.0008009010291539255 0.000382316878490607
1.9026439012639957e-06 2.144911665389208e-06 2.4316086008537093e-06 2.7484617280070203e-06 3.0706627271340977e-06 3.4254812745288917e-06 3.913022423060787e-06 4.568273048140454e-06 5.612617610517345e-06 7.804178807604728e-06 1.2248179554015862e-05 2.0917645201595882e-05 3.645538771363599e-05 6.39096573799249e-05 0.00011087584255468376 0.000187055273846478 0.0003079275752922605 0.0005037889430024583 0.0008140826049976758 0.0013034195636715512 0.0020653893456356147 0.003220208192499467 0.004848568869289829 0.0067574522287602995 0.008247385205098627 0.009024344785507947 0.010504822897294347 0.013352917379027447 0.018770762675700336 0.029830717680925142 0.05264757616294166 0.09822615246018604 0.1808503739606415 0.15369402433696389 0.05810035491972645 0.022750842449918807 0.009355386089269863 0.004221810388302153 0.0020738338307702 0.0010458751001563727
2.02694242387775e-06 2.1807407710983925e-06 2.330657909949293e-06 2.4653382132804267e-06 2.571370498827504e-06 2.67944998508458e-06 2.849015260330986e-06 3.0964475403973167e-06 3.6401771320760855e-06 5.052004256425097e-06 8.190093315974218e-06 1.5014683166550558e-05 2.8706807173994367e-05 5.590469793504997e-05 0.00010888817390751318 0.00020803080843621573 0.00037115394863142785 0.0006384645077084554 0.0010955947901939542 0.0018820004235433078 0.003254193714215559 0.005683875064596791 0.009925178504680058 0.016996989667862096 0.02524388906084634 0.029072295001673167 0.0312158632254258 0.0374019820689551 0.05030473345731131 0.07740031846109395 0.1304926610736032 0.21570099043598012 0.2967865109461114 0.23761611916299427 0.1144494781030017 0.04798842850497844 0.021094530744935516 0.010225544069080172 0.005469485675479388 0.003018083381788069
2.1871015797693085e-06 2.246672899554527e-06 2.2652706819342104e-06 2.2342983054893924e-06 2.1509681528636483e-06 2.0613058692065647e-06 2.017446314196863e-06 2.070254047357953e-06 2.423078521569339e-06 3.3999849456385125e-06 5.641876258188595e-06 1.0872230547158686e-05 2.2772804088068347e-05 4.923846290524256e-05 0.00010755119856021908 0.000226199260542617 0.00041660756038146876 0.0007448813782667988 0.0013268332064097746 0.002369102453784216 0.004289885183387427 0.008011196071679721 0.016628036259969187 0.03865044169735183 0.07876291564363855 0.07924116004441761 0.06692848966369133 0.07193850295373783 0.09346318907248459 0.1394598231564071 0.21551855117929938 0.31290779017382675 0.36683998291640957 0.2936964544441896 0.1695009981135216 0.08339479526724317 0.04177446476452576 0.022697140458425975 0.013672638319547454 0.008522970642816824
2.3716740824190317e-06 2.3381931946281656e-06 2.204925677671371e-06 2.010077975856706e-06 1.774389784361998e-06 1.5609942311664317e-06 1.4521703302238488e-06 1.460338367521383e-06 1.6872102591927972e-06 2.3602369770943786e-06 3.960243334533922e-06 7.84735514793108e-06 1.7845019904313755e-05 4.2862057548492986e-05 0.00010482565807069059 0.00023035903536038527 0.0004381001533772079 0.0007993925966759074 0.0014360033748557093 0.002554448200906206 0.004563416119038409 0.00896528979878774 0.020447266074842523 0.054505586156837524 0.15824316328931926 0.12091910709541888 0.08852949494173967 0.0876586707326936 0.11324506605499894 0.16581431389549933 0.24824398210597337 0.34711330559044556 0.4007078258289321 0.3430415313643674 0.21843905907027622 0.12301847848947883 0.07053890895416802 0.043718546862115466 0.030242838148314605 0.022012500236879493
2.4898211323566884e-06 2.3795173177417945e-06 2.139516046124111e-06 1.8058697917725135e-06 1.461098882844708e-06 1.2291946766550997e-06 1.1139208967638501e-06 1.0894039009268104e-06 1.22212801241152e-06 1.6765104624412487e-06 2.8072281989015344e-06 5.687817030677141e-06 1.3690190561293791e-05 3.676509701614638e-05 9.802870962954476e-05 0.00022489498076839633 0.0004402798558695401 0.0008011798466026506 0.0014044792267247717 0.0023783647233670438 0.00417186827860249 0.008115011116186696 0.017214347224870617 0.03743517699050528 0.06638898916495252 0.07275782557278836 0.06576044279465659 0.06831153566392718 0.08868090950010181 0.13059937094593427 0.20482041663527914 0.30174515644268013 0.37178156840053816 0.3450509361662369 0.23865572170495084 0.14550792090580827 0.09170013091764317 0.06324699965629128 0.049802905532415044 0.043689263715884524
