_RESULTS/CROSS_VALIDATION_POSTPROCESSED_CLR/Berg/IZ/5comp/5/Berg_IZ_z_63_kriged_reverse_5comp_spherical_5.asc
ncols 100
nrows 90
xllcorner 5.6208707817415728
yllcorner 50.959635321741573
cellsize 0.00013419651685393446
nodata_value 1.7014100000000001E+038
[rows 57 to 75 of 90, columns 43 to 85 of 100]
-7.635329995075777 -8.126993414929753 -8.537863096919478 -8.808920320164942 -8.875821141576496 -8.713293204676559 -8.350800930804187 -7.83722800421846 -7.22623410449917 -6.554041317868951 -5.844022412433613 -5.158319609243799 -4.55317188205578 -4.031893349054485 -3.6104056613516224 -3.303731878256151 -3.129992942968784 -3.0920631298370904 -3.124345248872844 -3.155594340401919 -3.2119181277325852 -3.3071036173591395 -3.4334086256989487 -3.559766948368226 -3.7353984778526605 -4.161024507029181 -4.50855853028451 -4.757014745332662 -4.904180172307071 -4.954122362203126 -4.91545257342661 -4.799457553535201 -4.624942195985851 -4.411201819471051 -4.171016055219196 -3.915136511301251 -3.664832245571587 -3.4429604679332 -3.2419714391146917 -3.065464693752466 -2.916941387679122 -2.799118847629423 -2.7141380311797767
-7.323523299225256 -7.73949127354496 -8.069712965937974 -8.274783079298158 -8.320030493422822 -8.193335848280599 -7.905080513596912 -7.475775404956572 -6.944137327188445 -6.342568914257831 -5.695639742844407 -5.031053051020015 -4.433361200996658 -3.933736916454638 -3.541530380754576 -3.264125528248374 -3.115487397862056 -3.106092455710362 -3.1376797280257684 -3.030253540838911 -3.01941371029492 -3.07157747871411 -3.1774333233983043 -3.31636342633645 -3.514036114102151 -3.8024804995925763 -4.085290080280075 -4.305011553571556 -4.444896762964506 -4.502311166814775 -4.484443019255276 -4.404653997066242 -4.274130766574057 -4.1042446317814765 -3.905664076251714 -3.6879082133938503 -3.4770952998701863 -3.2907097827760783 -3.120877020655657 -2.9713235271340124 -2.8459822222318163 -2.748028550711504 -2.6816374250482853
-6.950052268455492 -7.303047991351061 -7.573626469884298 -7.7354897520435895 -7.768224367640524 -7.665171484460474 -7.4304523445588515 -7.06945310711191 -6.609352661728314 -6.076774822252387 -5.49463283644624 -4.886957645690211 -4.304384104273531 -3.8141147196077574 -3.426705575189115 -3.150165501224114 -2.988686573951803 -2.9289688312445517 -2.8861028111115097 -2.800059743881102 -2.7667224921424607 -2.8131815497708224 -2.930914271301568 -3.079832983558232 -3.2619082808475954 -3.479591505723026 -3.6966580805235805 -3.8759951800849253 -4.00027153566904 -4.063628493969159 -4.067430032729856 -4.017218067576831 -3.920735735174648 -3.78660270760595 -3.6234181932234772 -3.4407383946775707 -3.2682838312260465 -3.1165398351120155 -2.9776707057221903 -2.8556315039771616 -2.7545753173801475 -2.6852622335648046 -2.667232387357162
-6.535787714688313 -6.83767619202227 -7.063609506865413 -7.195572701018907 -7.220659943723303 -7.134900956284424 -6.940974436285423 -6.636025708499824 -6.238476616376226 -5.769780248225079 -5.255774536495314 -4.719180177954174 -4.178624694970807 -3.691895453811784 -3.2996874866500376 -3.005279806358824 -2.8049093491851824 -2.679313911509516 -2.5902551193080363 -2.5198296650249823 -2.4938448680492473 -2.5370513458471393 -2.6532714751783706 -2.799517678596483 -2.9655956960956917 -3.1452746219097367 -3.3216889712874944 -3.4737828409027935 -3.5862873846238545 -3.651657259294107 -3.6683926683615056 -3.639028797867702 -3.5685495555101436 -3.463222407328325 -3.329766944300749 -3.1806276242546754 -3.044819561678041 -2.9262849521889276 -2.8175739625188774 -2.726503199096027 -2.6694499484082814 -2.65525159310171 -2.6678703347548005
-6.0949329045772345 -6.355375178040958 -6.547119171384489 -6.657429971532075 -6.677683766606478 -6.605391271336689 -6.443485708176352 -6.1856552834055805 -5.844192961031352 -5.441490482163292 -4.996553714478848 -4.527350502007324 -4.050651953450519 -3.5834312740167906 -3.1814834694008836 -2.8662007528585702 -2.6320348399535494 -2.465540288868508 -2.349540384782332 -2.276981587533518 -2.25706377534177 -2.3044742060396675 -2.404578930436509 -2.523557222440315 -2.6615851337887824 -2.8126256460571613 -2.963113777828937 -3.0947454042546045 -3.195969544066664 -3.2600660871657268 -3.284457526769104 -3.269857274316906 -3.2192684664083133 -3.1371046976329238 -3.028495706678215 -2.913130626654418 -2.812740080838505 -2.732139551919338 -2.6694445027340468 -2.6330550190724162 -2.631259954230555 -2.658560708227709 -2.667991101328343
-5.637290680959664 -5.86380149213562 -6.028703927678869 -6.122717403850611 -6.139820220316816 -6.078396831886636 -5.942662598047763 -5.7310417973562515 -5.447356399401195 -5.1069843888951985 -4.725898164879682 -4.319805723050864 -3.903563410876556 -3.4906740047119436 -3.0944604237951654 -2.7606187304407137 -2.501738100987072 -2.3099279714345355 -2.1770712190513373 -2.100205802125136 -2.0837405154405517 -2.132792560985177 -2.209063402087387 -2.3008078526081173 -2.406931979464835 -2.52230678775638 -2.6380640512735924 -2.743633030926852 -2.8293135592747993 -2.8880183080447046 -2.915869190367638 -2.9120292339885974 -2.8781992688086544 -2.8180370549356226 -2.7391699006243506 -2.6686421901111865 -2.6194201575474163 -2.5897350031400124 -2.5794544018325856 -2.596530295227895 -2.63805359172438 -2.663391617913057 -2.667991101328343
-5.17252130951187 -5.368227266913496 -5.511535759624366 -5.593288015436947 -5.610627215368794 -5.563551555266013 -5.455962819779219 -5.28879867025047 -5.057359517931914 -4.77378691544121 -4.451667851648445 -4.104632869104677 -3.7457565460396127 -3.3870392474475444 -3.0389090659732267 -2.710081286681707 -2.433668965318786 -2.225510190637428 -2.0817658921425153 -2.0014015613911105 -1.987157238304402 -2.0228446222329994 -2.073530962487067 -2.1385152617109555 -2.2158868647248777 -2.3013090227877386 -2.3883049409682284 -2.4693644892557707 -2.5373813121432214 -2.586812222593046 -2.6142781994638415 -2.618667583625119 -2.6009309022117995 -2.5637358321201362 -2.5226715200400722 -2.4984819228773834 -2.498187167356954 -2.516509475121285 -2.556359551461373 -2.6113699836891033 -2.6493224080936124 -2.6669207093209453 -2.667991101328343
-4.715739065336318 -4.879348099296623 -5.008568914023329 -5.085586415742634 -5.107930221808028 -5.075911305388312 -4.992973337105347 -4.863304086028096 -4.679510443303171 -4.448095886467797 -4.180695974611551 -3.8891681253490784 -3.585066529808077 -3.2791978294799073 -2.9812648553148104 -2.6996647899507416 -2.441595189537214 -2.223697944759152 -2.072949304745247 -1.9904988712881517 -1.9730685302258713 -1.9810950662834361 -2.0050863735639872 -2.0437050288024077 -2.094555575144322 -2.153850651548348 -2.216588831996799 -2.277187164243111 -2.3303262198051717 -2.371708604302599 -2.3985445035014026 -2.409736341877298 -2.4058318444083073 -2.392258888119752 -2.3910276058719546 -2.4110708315387717 -2.456151782186715 -2.5197996434513006 -2.5832436920352513 -2.630264383889085 -2.659064507369022 -2.667991101328343 -2.667991101328343
-4.289973579150263 -4.422995228880472 -4.535665412952798 -4.609493421008164 -4.636935557040468 -4.618723837585193 -4.557557977857725 -4.458045513875062 -4.318170168832209 -4.135106205303886 -3.9188522319937524 -3.6798070171867097 -3.4282713342899895 -3.174095435133812 -2.926428630288546 -2.6936222544853186 -2.4833563437197665 -2.303029051987292 -2.1603914757451483 -2.0769039199318153 -2.0351371560015106 -2.013659682686946 -2.0103214630356483 -2.0229562467532527 -2.0488835235573886 -2.084685189554435 -2.12630157429962 -2.1694016912378267 -2.209896969148183 -2.2444383400751162 -2.270778979355483 -2.287959723901231 -2.2968367201243263 -2.3140628128364273 -2.35106010696513 -2.4136409536917265 -2.4914120416346273 -2.557911750489133 -2.610423758698491 -2.6470014468319625 -2.6658006248051422 -2.667991101328343 -2.667991101328343
-3.9024783541004107 -4.009910802871693 -4.098765789196098 -4.167920684099709 -4.20066125552337 -4.195081236601712 -4.153389752605201 -4.079433044728332 -3.977051121897895 -3.839238840658823 -3.671158229407459 -3.482024722368149 -3.281111626832684 -3.077477730501735 -2.879784797005457 -2.696236849871331 -2.534667489708655 -2.4027686629504976 -2.3083897009543284 -2.2406059974986254 -2.1773962891842835 -2.1261590133672117 -2.095269662026287 -2.0823391294744313 -2.0845424141164264 -2.0987236711323263 -2.1214467331118696 -2.149216531208137 -2.1787990245223656 -2.2075491971242522 -2.233673060844038 -2.256385811585825 -2.2859764295319955 -2.335449387717118 -2.4005432560858293 -2.472892523542991 -2.5388712269030966 -2.593398644051871 -2.6343861319035065 -2.6598621693807947 -2.667991101328343 -2.667991101328343 -2.667991101328343
-3.5586995908641796 -3.645049190796132 -3.711534927201212 -3.7655410071598228 -3.8021334999162457 -3.8081646693776148 -3.784095794241464 -3.7331840675144736 -3.6598556375540756 -3.5643132449692176 -3.44192758662841 -3.3004992355464915 -3.1484514788227047 -2.99416517005821 -2.8458376536117935 -2.711429368367559 -2.5987048430372552 -2.515351010718801 -2.455614276216761 -2.3975734190205302 -2.3429929544453985 -2.294462471519468 -2.2544184353179397 -2.2248101203999235 -2.206805893084833 -2.2008742942202835 -2.2063257419496995 -2.2203638154612326 -2.2403553351251335 -2.2641355696950902 -2.288370019162175 -2.3162163555988524 -2.3559252128923167 -2.406386761725513 -2.4664515417600414 -2.5286334829432944 -2.581966217960878 -2.6241848950452886 -2.653211068526478 -2.6670697129764824 -2.667991101328343 -2.667991101328343 -2.667991101328343
-3.2637277092291566 -3.3308930510469033 -3.380688722111562 -3.417817228516692 -3.4459951693745845 -3.461231488712238 -3.453281960999348 -3.4233885060743243 -3.3753374365263387 -3.3136832154473708 -3.234906565047147 -3.1392641509782138 -3.034465258048247 -2.928294497459701 -2.8284963584830383 -2.7427197024035768 -2.678521632919689 -2.6302867563317656 -2.580617311926453 -2.5311474679135024 -2.4839353903207235 -2.4410369336282427 -2.4043105443373354 -2.3751960897721816 -2.354517169565822 -2.34234777029026 -2.337965251725543 -2.339889604350044 -2.3459902897313154 -2.3536316538418705 -2.366652752900813 -2.3917226095850643 -2.4279769828350584 -2.4744660113550307 -2.5285200964964103 -2.5778900373604263 -2.6185000603052027 -2.648208036969617 -2.6649667709905427 -2.667991101328343 -2.667991101328343 -2.667991101328343 -2.667991101328343
-3.021447749111559 -3.072168394517227 -3.1094078213087015 -3.1326555190191687 -3.149439511417999 -3.1605475060918122 -3.164539655877192 -3.1540172586053115 -3.1293116615977614 -3.0944174575662937 -3.0534002473190376 -3.001853064425379 -2.942803858736243 -2.883503911020701 -2.831257385319843 -2.7932040356629706 -2.7592648317434754 -2.721028003618842 -2.680185864447263 -2.6384804120357095 -2.597662587434175 -2.559398514212952 -2.5251350821390783 -2.4959502157563187 -2.4724179835018516 -2.4545145134036224 -2.44157994964274 -2.4323384116518243 -2.425169527523216 -2.426037220765198 -2.438368909297078 -2.461698659675428 -2.495390417530139 -2.538545612138744 -2.581783837573404 -2.6184291034128986 -2.6463381305099802 -2.663438529218706 -2.667991101328343 -2.667991101328343 -2.667991101328343 -2.667991101328343 -2.667991101328343
-2.835905443187694 -2.8734617774593403 -2.8991289566463307 -2.9146891644980446 -2.920991018265953 -2.9255189746704424 -2.9282763686219133 -2.92911130431512 -2.926000028557384 -2.916123261946653 -2.903342940461667 -2.891420940483869 -2.876727688442768 -2.8630678661306144 -2.8533322632620632 -2.8365542179307264 -2.8129244696698468 -2.784050437045256 -2.7515235459632406 -2.716912258252359 -2.6817237028445504 -2.647332866841239 -2.6148875503639717 -2.5852047495949946 -2.5586771797036074 -2.5352065382418565 -2.5141739445153535 -2.496600732133964 -2.4885581709725892 -2.490756637025063 -2.5031745867963178 -2.5255500205014534 -2.5574459495324535 -2.5930614981242375 -2.6239854501060376 -2.6481163573056667 -2.6634160246806973 -2.667991101328343 -2.667991101328343 -2.667991101328343 -2.667991101328343 -2.667991101328343 -2.667991101328343
-2.7123571610590855 -2.7380983362832434 -2.754080835914553 -2.7632799279680262 -2.765837738200679 -2.7639425431601574 -2.764396003476677 -2.7673766910042703 -2.7733027200345552 -2.7832223074688964 -2.7967353561334263 -2.814082514955102 -2.8372369974731413 -2.852071013723534 -2.8557984814977564 -2.850085738242935 -2.8365306015754648 -2.8166732890072357 -2.791998381755645 -2.7639208921252836 -2.7337520257155767 -2.7026448688276385 -2.6715256302363697 -2.641020424158008 -2.61138945352728 -2.583528247853577 -2.562104644506932 -2.5485774981363565 -2.5436347122009275 -2.5476557555142216 -2.560751923537395 -2.5828145737848605 -2.6099848553174443 -2.6340974824281873 -2.653053398652663 -2.664911789373658 -2.667991101328343 -2.667991101328343 -2.667991101328343 -2.667991101328343 -2.667991101328343 -2.667991101328343 -2.667991101328343
-2.655848541956502 -2.6703650163321813 -2.678474162167952 -2.6817014779941792 -2.6826445230117644 -2.681042452097653 -2.6792625291696357 -2.6838211084543526 -2.6954713130770767 -2.714723545130787 -2.7380164047904927 -2.762914557388534 -2.7879056395517625 -2.81050578880858 -2.8260935118968837 -2.831255681468846 -2.8275164856808974 -2.8163384211897435 -2.7991014000000125 -2.7770862299110357 -2.751444877436866 -2.723158240109737 -2.6931599249025173 -2.664163730688638 -2.6382080080851504 -2.6167595699051085 -2.601046890575033 -2.592033291557396 -2.5904115025085597 -2.5966164229252113 -2.610851185625486 -2.629798191128186 -2.646685967626142 -2.659688197423294 -2.6670190885816716 -2.667991101328343 -2.667991101328343 -2.667991101328343 -2.667991101328343 -2.667991101328343 -2.667991101328343 -2.667991101328343 -2.667991101328343
-2.648415435871151 -2.6614097262345275 -2.667553356903486 -2.667991101328343 -2.667991101328343 -2.667991101328343 -2.667991101328343 -2.6687213707155246 -2.674847875662078 -2.685999074899243 -2.7007302030771925 -2.717625622676053 -2.7353232446735505 -2.752544350950652 -2.768128018928032 -2.7806897442519207 -2.785624850124347 -2.782646292305696 -2.7729655982730153 -2.757950327433084 -2.7390930949049284 -2.7179659021217586 -2.6961636204321224 -2.675242428333465 -2.6566598878336256 -2.6417229618099873 -2.6315487744448762 -2.627040726088159 -2.6288802343109525 -2.6375173853359946 -2.648920021483204 -2.658803685941779 -2.6656809845777603 -2.667991101328343 -2.667991101328343 -2.667991101328343 -2.667991101328343 -2.667991101328343 -2.667991101328343 -2.667991101328343 -2.667991101328343 -2.667991101328343 -2.667991101328343
-2.642795556068095 -2.6581455705706905 -2.6665187891278417 -2.667991101328343 -2.667991101328343 -2.667991101328343 -2.667991101328343 -2.667991101328343 -2.667991101328343 -2.6704338581884492 -2.6769406825754483 -2.6862067637555525 -2.6969897499614808 -2.7081355162983476 -2.7186067214203917 -2.727512771980545 -2.7341390774294565 -2.7378153762647344 -2.7361369559756077 -2.7293724415157907 -2.7188617940762962 -2.70600185935178 -2.6922024139753207 -2.6788387035615835 -2.6672050880928433 -2.658474193082112 -2.653665030757423 -2.6536221482304483 -2.6582128452790745 -2.663155854203212 -2.666810660806853 -2.667991101328343 -2.667991101328343 -2.667991101328343 -2.667991101328343 -2.667991101328343 -2.667991101328343 -2.667991101328343 -2.667991101328343 -2.667991101328343 -2.667991101328343 -2.667991101328343 -2.667991101328343
-2.6377313784252383 -2.6550305718286267 -2.6652403056861362 -2.667991101328343 -2.667991101328343 -2.667991101328343 -2.667991101328343 -2.667991101328343 -2.667991101328343 -2.667991101328343 -2.668024157603475 -2.6699937949868096 -2.674204921935004 -2.679610050272528 -2.6852755841346574 -2.6904060748992675 -2.6943673849853327 -2.6967069061894167 -2.697168986795143 -2.695704024385858 -2.6924685664910335 -2.6873801468484033 -2.6810997812840904 -2.674854327689347 -2.669802971641524 -2.6670047627262976 -2.6671176077541454 -2.667822631378673 -2.667991101328343 -2.667991101328343 -2.667991101328343 -2.667991101328343 -2.667991101328343 -2.667991101328343 -2.667991101328343 -2.667991101328343 -2.667991101328343 -2.667991101328343 -2.667991101328343 -2.667991101328343 -2.667991101328343 -2.667991101328343 -2.667991101328343
