_RESULTS/CROSS_VALIDATION_POSTPROCESSED_CLR/Berg/IZ/5comp/5/Berg_IZ_z_710_kriged_reverse_5comp_spherical_5.asc
ncols 100
nrows 90
xllcorner 5.6208707817415728
yllcorner 50.959635321741573
cellsize 0.00013419651685393446
nodata_value 1.7014100000000001E+038
[rows 19 to 37 of 90, columns 0 to 42 of 100]
-3.500523588540984 -3.462592909789247 -3.413694966290075 -3.3551905982470434 -3.2885403522871908 -3.2153317992996517 -3.1373136433354705 -3.0564367106353165 -2.974899733427053 -2.895193136884849 -2.8201252742734018 -2.7528019756890743 -2.696515222397231 -2.6544933939728934 -2.6294985075490667 -2.6233417634538188 -2.636490584152389 -2.6679571641552524 -2.7166094364547866 -2.7852158094637645 -2.8709571268095018 -2.970139376591726 -3.0793050807499744 -3.195304246885285 -3.315262370137609 -3.4338450344684497 -3.5403807145011053 -3.6298342728603754 -3.6974616901743937 -3.7429699054327403 -3.765567807364917 -3.764118074313394 -3.739159011860618 -3.6987299846854844 -3.649162460958823 -3.586148284074367 -3.5011178977163433 -3.390576944362411 -3.2657094392242447 -3.141480893340865 -3.02847529786588 -2.9341489311545415 -2.8683624738142024
-3.48459429082841 -3.4398048361350786 -3.3836534917737766 -3.3174498618824413 -3.2426001104438633 -3.1606379902261335 -3.0732664250851105 -2.98241237123752 -2.8902967478066732 -2.7995174035370227 -2.7131328900007032 -2.634713008316625 -2.5682855605643513 -2.51807080434606 -2.4879097899055487 -2.480443783204046 -2.4963707486664757 -2.534223624350221 -2.591381111791157 -2.668989508130622 -2.763472028447544 -2.8710745152899952 -2.9884254228060834 -3.1124883627411766 -3.240479634751167 -3.3629280018367798 -3.469366846398038 -3.5588663903756816 -3.628413979717105 -3.674000007917566 -3.694311080346683 -3.6894336008069173 -3.659670038425321 -3.6079418824527267 -3.545003683934848 -3.4698937060496267 -3.38021889109201 -3.2769940173423393 -3.167046059444466 -3.0600318444497354 -2.964561474003012 -2.8930597785478507 -2.857003511732117
-3.4686125428974806 -3.417657095050928 -3.354927915553171 -3.28166826734338 -3.199207521159931 -3.108992790126301 -3.0126339980052097 -2.9119681998914437 -2.8091506105637682 -2.7067798564977705 -2.60805879427342 -2.5169684319733276 -2.438370243890517 -2.3778371282935398 -2.340914996517938 -2.331701418731414 -2.351041247445057 -2.394640435401781 -2.458249319926227 -2.5419554726169418 -2.6433982391447906 -2.7582494915220765 -2.882876362813113 -3.0141752359640543 -3.147087178415247 -3.269354415117417 -3.3757437414695 -3.465044094857391 -3.5362974583234315 -3.584877241101908 -3.6058779101826026 -3.5986679363549263 -3.563316612776173 -3.502551511081173 -3.428043036009285 -3.3437676866226997 -3.2504835020542706 -3.1510063647197573 -3.0509353095009337 -2.957480004357647 -2.884182831503561 -2.846379202199262 -2.8423148254542916
-3.4536710587169286 -3.397375869567167 -3.328903684853177 -3.249421784413099 -3.1601663221397702 -3.062470603159493 -2.9578075664768697 -2.847854678731922 -2.734594329018524 -2.620469706243564 -2.5086228521298395 -2.4032361149525405 -2.3099385093380445 -2.2360236752350993 -2.189594102884702 -2.174452415846924 -2.1924530875866513 -2.2406709253938715 -2.312448861782607 -2.4038046896963614 -2.5128733007733466 -2.634900392979433 -2.766221335312569 -2.9037708913128584 -3.0360994082411548 -3.157045967801152 -3.26269055008235 -3.3510458686691194 -3.4211545073237346 -3.470467694255671 -3.4930006360318955 -3.4869216401562397 -3.4516458328107924 -3.386451242846628 -3.3016972985461432 -3.209315280859755 -3.1118775171535504 -3.013317942952522 -2.9190070974864795 -2.839940420831595 -2.7963737824470556 -2.7912735453210153 -2.824773004400323
-3.4407394927375643 -3.380062033518148 -3.3068424310821216 -3.2221706579243397 -3.1271839079005304 -3.0230877864621624 -2.9111895975737743 -2.7929521977754406 -2.6700838667070004 -2.544692919257031 -2.419560401571184 -2.298624289017699 -2.1878012193758183 -2.094397098007821 -2.0273450807612643 -2.0004102773437746 -2.019031769548433 -2.0762614724994997 -2.1599048366679052 -2.260997496011509 -2.3778513510582533 -2.506339262394156 -2.6431762171587203 -2.783166376248207 -2.9126773890024817 -3.0307827549146187 -3.13494720284921 -3.2216757024051708 -3.2899576728002735 -3.336622136691596 -3.3591059123873346 -3.353885545317186 -3.3192641663189404 -3.2548679720164744 -3.166915964394263 -3.0676762871495407 -2.964871874861933 -2.8645473017700445 -2.774096388848234 -2.71633301123738 -2.6984078791094723 -2.7210388619595585 -2.786670067551465
-3.430630530585243 -3.3666479187376326 -3.289826413011056 -3.2011876030748727 -3.101778371870083 -2.9926830216964917 -2.8750429932143007 -2.750090240001339 -2.6192063833636183 -2.484033288408634 -2.3466926271606905 -2.21025118446852 -2.0762671768360517 -1.9508973480247962 -1.8534985013624958 -1.8113377910437245 -1.8363156032277292 -1.9099405045882094 -2.0093682820771024 -2.1217171581873204 -2.245189359892234 -2.378272659202759 -2.5185691836791912 -2.6563989764357414 -2.781872538898027 -2.8956734511576685 -2.997086226358331 -3.0815817240361403 -3.147489211454734 -3.1911832253532024 -3.210547793097079 -3.2044715623641724 -3.1703710608623465 -3.106487909363037 -3.0175678642672183 -2.9176499851201694 -2.810577769957958 -2.7056894751752916 -2.6252549831566783 -2.585978698151883 -2.5897372125267024 -2.6353647958991644 -2.7254027685816666
-3.42396752294243 -3.3578548284937177 -3.278701919821482 -3.1874812838288147 -3.085173560732682 -2.972771621879326 -2.851287354327436 -2.7217634949712695 -2.585295480327908 -2.4430747010251306 -2.29648193859118 -2.142904017324229 -1.981495797811975 -1.8197261642348876 -1.677049781825636 -1.6099863118938873 -1.6569138899486449 -1.7571460717429166 -1.8734005247831063 -1.9954737516973724 -2.1221563462114705 -2.256342207399694 -2.3962122245027206 -2.5284614225639963 -2.648379740166728 -2.7566062655773456 -2.8533630182097944 -2.935129360228276 -2.998370791241117 -3.0391625590651654 -3.055481546132738 -3.046111626384947 -3.0100048645364743 -2.9460788250559844 -2.856160854164877 -2.755021323093943 -2.6475729940753965 -2.5431073721814577 -2.4731532578918767 -2.4487374431863733 -2.4720624312569326 -2.541257916543466 -2.6611191419878306
-3.4211570621166434 -3.354156209748211 -3.2740288159934883 -3.1817256584213096 -3.078187072096463 -2.9640619228613416 -2.8404208183112067 -2.7084902381674225 -2.5693964513560585 -2.424161769716034 -2.26971530988268 -2.101394557055613 -1.9213143590604023 -1.7319118547243715 -1.5371703798807697 -1.406434777688582 -1.5203416643564553 -1.6434345496315341 -1.7667810353514302 -1.8905104372730661 -2.0152506761905755 -2.145369410405211 -2.2793949177004844 -2.4036277344561543 -2.5162657381764246 -2.617646443437316 -2.708251938573951 -2.7862905319345144 -2.8468717010753144 -2.885118961572125 -2.8988688040747057 -2.8866905404245453 -2.8473598893548946 -2.7800704682575264 -2.687693455135098 -2.5844236729961807 -2.474527544635291 -2.3790580207041954 -2.318129057855111 -2.3049319297923523 -2.346940720542066 -2.4425657045476004 -2.596375627673309
-3.4223698225140367 -3.3557084757158697 -3.2748719813712137 -3.1808427023021286 -3.07516198082862 -2.959299356866759 -2.8346420793175633 -2.7024883381558245 -2.5640476509234524 -2.4180053305846867 -2.257575800935451 -2.0845915110389885 -1.9021295445498954 -1.715068978066253 -1.5374226156029858 -1.4398525405742468 -1.491995025806856 -1.5907133845548134 -1.6993480367739684 -1.812172067534441 -1.92820240912671 -2.048527551748909 -2.1715568410583845 -2.2852599611004667 -2.389184912143837 -2.4829923292645417 -2.5670563412838656 -2.6397499721362534 -2.6977170980837206 -2.7337995762952767 -2.745477902954999 -2.731186094962792 -2.6894337498608234 -2.6188905640314357 -2.5222474158470174 -2.413767952345662 -2.3009853524052595 -2.21219295147588 -2.1595864274489793 -2.1546063040312307 -2.214727538550896 -2.3408058815037567 -2.533414049102938
-3.4255648469951088 -3.356648490835905 -3.27351292131744 -3.177860273224503 -3.0713459879021605 -2.9555703504527964 -2.832075607478431 -2.7023546211702256 -2.5672296188394506 -2.4193530437255197 -2.258717219376247 -2.0891050130036066 -1.9159684823572216 -1.7490427511819635 -1.6088449470446307 -1.5316327453447882 -1.5351189375695933 -1.5902695352875211 -1.6686797962314959 -1.7599504004662077 -1.8601515508946798 -1.968290985755035 -2.0776307886074017 -2.179948943791288 -2.2746046432261764 -2.3606731597361295 -2.438164365604119 -2.5053809283947244 -2.5596300330352983 -2.594217143535209 -2.6043089135078388 -2.5879572093382683 -2.5434865284212647 -2.4696355811496327 -2.3696805107574894 -2.256649490089294 -2.142461607390218 -2.0532909588655723 -1.9991448895042272 -1.9983142210522356 -2.075490258151727 -2.2387660999405794 -2.476506058965051
-3.423871628961369 -3.353095685617446 -3.2687712230740993 -3.172734246790683 -3.0667950582734513 -2.952734935945569 -2.832312800455472 -2.707291515892159 -2.5739714990348195 -2.427090463212985 -2.2703859965191677 -2.108698393641819 -1.9488867483382166 -1.801502130887227 -1.6823521286542444 -1.6091944084862488 -1.5890452866092013 -1.6118360196934591 -1.662511025979963 -1.7309060161396137 -1.812709828431914 -1.9067113859520646 -2.0015670779435304 -2.0906953628907523 -2.1750523024062183 -2.253246941744043 -2.3243567317925624 -2.386762556570522 -2.4373330974247356 -2.47055337007403 -2.4807378610768964 -2.464161404014474 -2.418793468315891 -2.342993261682249 -2.240948631292951 -2.1242404589663195 -2.0118502537477205 -1.9202644002368212 -1.8548316468112471 -1.8405846251952325 -1.935930000396545 -2.1511772462309118 -2.440244656360284
-3.4169631296203913 -3.3452333364782083 -3.260691752514613 -3.165333053295891 -3.061150917788847 -2.9501379709812157 -2.8342979190473017 -2.7144849572151113 -2.5823486867254504 -2.438870444051905 -2.2883122832248732 -2.1359402801939087 -1.9886233918109324 -1.85538679155791 -1.7470348101929773 -1.673305585234754 -1.638096084037267 -1.6390644029398498 -1.6684909200697384 -1.7183502179763357 -1.7829168577708479 -1.8600950174564161 -1.9408920262504719 -2.0170288432951957 -2.090629166802782 -2.161333797213402 -2.2269798951010467 -2.2857806578827966 -2.334129463168948 -2.3664106219930248 -2.37742955141496 -2.3629559884492655 -2.3193444965757095 -2.2446202248841605 -2.1452698104157246 -2.0308642157138004 -1.9243515778828917 -1.8342690579770122 -1.7597557871044964 -1.7040399553968228 -1.8151781015397013 -2.111180637964014 -2.444841733757562
-3.4048905958880438 -3.3329860758037726 -3.249049853529294 -3.1552419503384064 -3.0537403038066975 -2.946754195897266 -2.8365489379962243 -2.72010095242332 -2.5906981348637226 -2.4520192339088394 -2.3084471145872243 -2.1651083041233967 -2.0281154654928395 -1.9045582189458183 -1.8018051086669054 -1.7261903410824035 -1.6823865277523695 -1.6687570412644175 -1.6806723388626357 -1.7131296088687584 -1.7621505421713635 -1.825059238639063 -1.8912035769423858 -1.9564056471482671 -2.02077186286372 -2.0848750198652595 -2.1469093267933923 -2.203914527786614 -2.2519635318780447 -2.285468045910832 -2.2982210511112964 -2.286730334915415 -2.2475755530366284 -2.177648870582048 -2.086646560661115 -1.9824541214366225 -1.8905898620046315 -1.816835126840643 -1.7630617076698685 -1.7461129135984743 -1.8786724541023156 -2.1676692948183316 -2.505552052658963
-3.3871554188948223 -3.3157058430716377 -3.233017438726833 -3.141432795821053 -3.043335549006784 -2.94114322411024 -2.8369888344288037 -2.7229173606861363 -2.597307527667854 -2.4641599210760705 -2.3277201896174704 -2.192649391077946 -2.0640680762158023 -1.947375742345756 -1.848267314363844 -1.7731814956262095 -1.7237403778873839 -1.6989127938582786 -1.696135219652581 -1.7125077084454774 -1.7457810640701101 -1.7947747310048006 -1.8498165302733647 -1.9040958658698146 -1.9624532539959545 -2.023517912789207 -2.08460142600553 -2.1424442230612755 -2.192644260445717 -2.2296617341627374 -2.2464985438387877 -2.23917047190158 -2.204934377298815 -2.143761116235524 -2.0659555532212437 -1.9783661201308638 -1.9087095738865878 -1.864192277118448 -1.8538486326669537 -1.9027194072982492 -2.0529280098585936 -2.302682039425499 -2.615097784267407
-3.363632787785404 -3.293101710299581 -3.2120725834330246 -3.1230741336435552 -3.0286994064920725 -2.9315874944365934 -2.8323235527880626 -2.721431839730748 -2.6005304499420894 -2.4734342115286116 -2.344092204481921 -2.216670438772102 -2.0953105330134676 -1.9845267549673482 -1.890869844638604 -1.8169816230062765 -1.7635463000147138 -1.7299073087686065 -1.7145512739803062 -1.7159050174480277 -1.73314669425379 -1.7667370669886462 -1.811149944392385 -1.8576802425793135 -1.911078355400051 -1.97349786920794 -2.0397098168366674 -2.102805888228179 -2.158052951190387 -2.2005799685806693 -2.223510741352158 -2.2221848503305095 -2.1942333038439847 -2.1440151005987467 -2.081369421055272 -2.0134217159979206 -1.9685809396272216 -1.9550689579195615 -1.982824399095885 -2.0684177010845013 -2.22822468696394 -2.461296999077465 -2.7497530590891737
-3.3342671908996455 -3.2649688469157545 -3.185818793613053 -3.099532266276613 -3.0089164041820466 -2.9168380052938625 -2.8214922266772304 -2.7143882759050526 -2.598724948546154 -2.4781700249301943 -2.3562509015434254 -2.2363445757706675 -2.121968330977538 -2.0193089098224064 -1.9315243673484639 -1.8596753179066103 -1.8039127355357523 -1.7635608115012458 -1.7374939676564778 -1.724780965333443 -1.7255125826844737 -1.7416667681581006 -1.7729825922694742 -1.8127276838184931 -1.8645904520420957 -1.9320859565273534 -2.008859476336824 -2.08447811527824 -2.149998667013123 -2.1999192888203067 -2.2301480256729764 -2.235800492905933 -2.2155844992619773 -2.1794377484013534 -2.1324441094026088 -2.0824043410988953 -2.059113833812665 -2.0709761457215246 -2.1254557487076173 -2.2317369028280964 -2.396790637281841 -2.6193095376601025 -2.8900891515935183
-3.2990228512106445 -3.231140420996926 -3.153915192602471 -3.0702463295521625 -2.983163412077712 -2.8957806575377676 -2.803787384695468 -2.700898216152585 -2.5908844379290725 -2.477256341455943 -2.363148415024532 -2.251296578323608 -2.1464009666271693 -2.052894973483733 -1.9718189123788719 -1.9034323580964305 -1.8473434714440942 -1.8026054321351013 -1.7680058991635095 -1.742602736654828 -1.7265982595700171 -1.7227285314631282 -1.736085391364234 -1.765772064230978 -1.8206436820775136 -1.899773371153039 -1.9936278304040669 -2.0862214087129916 -2.166242193014202 -2.2271367398261672 -2.2660569544920994 -2.279319042487824 -2.2697254007858554 -2.2477958614355558 -2.2161383821944085 -2.1819657917708777 -2.175152155139954 -2.2043335549613805 -2.274624811164891 -2.3912049085585196 -2.5569667228933834 -2.770024731427846 -3.0238111793911684
-3.2579286551056614 -3.1915449980507056 -3.1161454872705763 -3.0348049049399854 -2.950786275161853 -2.867463242317053 -2.7785743835358936 -2.680178020290826 -2.576197639987916 -2.470021588232307 -2.364392971941003 -2.262287729484923 -2.1692034519244934 -2.086166655235389 -2.013287660930744 -1.9503428350100787 -1.8964261734244727 -1.8502104329986349 -1.8101221068607911 -1.7746920929259558 -1.7432558205888853 -1.7175122028427805 -1.7050251242499734 -1.7161716046968145 -1.7761944733018535 -1.8808014392006989 -2.0002692775777753 -2.1133671597609376 -2.208736629231942 -2.2810478486434236 -2.327963187183383 -2.34964871936533 -2.3542465624319155 -2.346309452349594 -2.3286643793052306 -2.3072256344203312 -2.3110632050771063 -2.3502599134184035 -2.428211507095054 -2.5473847032266517 -2.7083760908130263 -2.9090976092989034 -3.144560937252664
-3.2111179591903007 -3.1462614270907414 -3.072487940527463 -2.9930266710147473 -2.911380594480829 -2.831138902661799 -2.745306650654724 -2.65151558385265 -2.5539332277135056 -2.4559089165218286 -2.3598123159375404 -2.2704280353876367 -2.190537114796317 -2.1197390707800414 -2.057262802033829 -2.0021989487787675 -1.9534433406629255 -1.9093563342010573 -1.8680215332141996 -1.8273578176046834 -1.7853763202433675 -1.7408783538727741 -1.6961640347612086 -1.6671933914607688 -1.7357374358462896 -1.8912194055612819 -2.0437447924565944 -2.1767667661251435 -2.2846439904015945 -2.3651806685749497 -2.417705012039644 -2.448815112433328 -2.4654566839312446 -2.4692439737795016 -2.463248351413041 -2.4516644021444645 -2.4604146308936423 -2.5027531728915884 -2.5807224867777405 -2.6956623191799505 -2.8458688805450607 -3.0262388475961184 -3.2336943860832976
