_RESULTS/CROSS_VALIDATION_POSTPROCESSED_CLR/Berg/TZ/3comp/1/Berg_TZ_z_250_kriged_reverse_3comp_spherical_1.asc
ncols 100
nrows 90
xllcorner 5.6208707817415728
yllcorner 50.959635321741573
cellsize 0.00013419651685393446
nodata_value 1.7014100000000001E+038
[rows 38 to 56 of 90, columns 0 to 43 of 100]
2.88250353020977 2.832209436674025 2.7846470216994086 2.7412169380622537 2.703699863546129 2.6739014055354913 2.6473797300847677 2.6226576472845795 2.601594370449596 2.5850299309614932 2.5725535407056204 2.562664775270097 2.55321366436142 2.5418527690028245 2.5263265813031 2.50461397202913 2.4787321558508157 2.450197184275778 2.4181358029565527 2.3817380306059723 2.3402417939616833 2.292934799079874 2.239211613135285 2.1792032058230957 2.2111424718572517 2.311750894908602 2.3901984664697977 2.451940325427758 2.4989784835932656 2.5315445575310433 2.5510598335217436 2.560540106687339 2.5610244495520167 2.5512506669958057 2.5340659314321075 2.511218142343874 2.484867433121419 2.4601458760183235 2.459875109591029 2.488547704412036 2.5468020603013155 2.6344293232200577 2.7499340124452747 2.89458709687901
2.7830720576280656 2.727936856038215 2.678046054669263 2.632888047574659 2.594136696127552 2.563857740742798 2.538390078710425 2.5167405048525886 2.501555671636054 2.4939954294586544 2.493211932738598 2.4967134319768456 2.501279598790908 2.5037482203041455 2.5013826200078446 2.4919236165530494 2.4740690002442074 2.45166505577584 2.425288344203036 2.3945162060150156 2.3592833696712594 2.3205892977509737 2.2829569632152222 2.261636292744832 2.292823790305527 2.362757359735955 2.429665048516865 2.483544006047084 2.5250333800724567 2.553677096423841 2.5715710996753787 2.579539699004247 2.5785825693230264 2.56948683998281 2.5489247055725 2.5213375223087877 2.490155218293406 2.4643486742348637 2.4658467925620258 2.49743321356444 2.5605232123256987 2.655606644105731 2.7816450662124 2.9408399633863094
2.681912211765094 2.621715059579743 2.5678865868892 2.5209093228240915 2.4805466128171156 2.4488774407843747 2.42363348650692 2.404245752826861 2.394935862417652 2.3976777296596095 2.410867944030907 2.430262210139758 2.451035575704666 2.4690829739806244 2.481300482558189 2.485411553949743 2.479731836896871 2.465417888949862 2.4470159554224358 2.424918804151679 2.400534951892152 2.377424247351535 2.361415614112405 2.3645357086186887 2.396142577858877 2.445712807670422 2.496118450574456 2.5372875608189824 2.5700155924473207 2.593818300882684 2.608057401794828 2.612799650240447 2.6086307654352536 2.596539339134179 2.577458757863102 2.548541956553814 2.5096878017634205 2.48016602094389 2.479440958983829 2.5099627174282064 2.5742553272973776 2.673977647091478 2.8087530584208817 2.9814334130721276
2.581096718601173 2.516487733433621 2.458760810146362 2.4085144421475304 2.366291322731196 2.3323210409016726 2.3058595964865503 2.2868535262015293 2.2826951942391416 2.2974917363575633 2.327972904143136 2.366389901097181 2.4055624511635454 2.440547215059565 2.4682099179287897 2.4865496285932265 2.494261860545956 2.4908223082004652 2.4816192830893193 2.4700500162064536 2.459007224442611 2.451436460652893 2.4523613529706463 2.4685269083510315 2.499177164244209 2.5389975878679465 2.576897055343899 2.606799798963051 2.631659549765061 2.6494897674601776 2.658853272096811 2.6592527380434388 2.6508184818826495 2.6341521267811387 2.609885147459992 2.5769318233120018 2.5344355907792266 2.5039563791098542 2.499618661490607 2.5255785370985553 2.5867845803526808 2.687711451192329 2.8295400003490547 3.015404106236681
2.482642651167356 2.4147202652317157 2.354462377718807 2.3018054655073077 2.2566249861551544 2.219470909465522 2.189815653072016 2.1674042660403687 2.165817794804264 2.1956524500044328 2.2487624465950447 2.309762238017382 2.3688562050415043 2.421157263289694 2.464166580930229 2.496505121482931 2.5173969653283015 2.526489602167174 2.5270815143951206 2.5271255072824084 2.528602935832253 2.534106489041051 2.547205404111433 2.5709342127567116 2.6005651770974727 2.6335835600176356 2.6646750196311713 2.6876044638972854 2.7055755320903874 2.7175137353256633 2.7217421524153056 2.717399539167668 2.7042373811349454 2.6822122087377473 2.649195180980822 2.6059189976016057 2.5557948417837446 2.522095321481964 2.5125377326426523 2.531727574258335 2.5869418927109287 2.686729443993086 2.835533367288885 3.0350436460182415
2.388362090779234 2.318728826066038 2.2581412820147975 2.205663390708306 2.1599424543529864 2.119900356239603 2.0849194884560136 2.052961847821116 2.0453868183169166 2.097795368854505 2.181928431611658 2.2675157222878726 2.3458117395771714 2.414022638974656 2.4709601709011064 2.516037364341779 2.5489995544520903 2.5699974639230967 2.5818705856146424 2.592453683930782 2.6046451321498276 2.620475711971782 2.6422785639958666 2.670723656557152 2.700227423540194 2.729584432937231 2.7562864732153827 2.774832722581649 2.787640236074549 2.7946650438390757 2.7942816730039346 2.78546705209137 2.7676648971911915 2.738091139077083 2.695898835161028 2.6422639189874984 2.580946862038485 2.536599137107417 2.5166876523194714 2.5232809603310202 2.5639438345053662 2.656016840084881 2.8131098005947948 3.0286551094066785
2.2996874702703485 2.2304314337593163 2.1726070268466082 2.124204429828318 2.0825756272680023 2.0451863959199104 2.0099147672577438 1.969831964968314 1.9253209562335658 2.028554134211971 2.1439263166139257 2.2479567090468544 2.3401347002741115 2.420237252831024 2.488130736131441 2.5437549899945786 2.587139721794 2.61965966546256 2.6428830269360235 2.662725359443672 2.6837291111820285 2.7075532720188056 2.736279193311841 2.7694096166641495 2.8003062679060906 2.827744099706776 2.8499732422606066 2.8647760821643065 2.874380452499943 2.877938507741314 2.87399743371612 2.861509263342236 2.8381641642049686 2.8009259490483682 2.7503196319311742 2.6872334364469928 2.615316848510039 2.5587651521057055 2.5233903906179718 2.5101099826291877 2.5239307859531754 2.5936553310995643 2.7683614095313773 3.0037654002695606
2.2175208817875536 2.1511532720114963 2.100025371434006 2.0605751053002352 2.0288982683573047 2.002081762529083 1.978984267856547 1.9602119491880832 1.9632908214402358 2.039623153465649 2.1478026085905784 2.2539126144422266 2.3511682554414857 2.437712305722269 2.512828711252812 2.576217289381865 2.6282159076321516 2.670933962005223 2.7047161004254106 2.733299695524975 2.7632239288145657 2.7955062882245336 2.8309200581289864 2.868022938972745 2.900316102669716 2.9267369115140993 2.945922316291831 2.956325421428186 2.9628531308219266 2.9645776075607815 2.958443058837731 2.942961768280881 2.9137111463205367 2.86996414068841 2.812227493331781 2.741299332139576 2.6603394219303818 2.593064641542641 2.5453685327143294 2.516785607269645 2.5069914249497245 2.52881748961822 2.735089159744059 2.9763068603967517
2.1421645705234624 2.081684802548077 2.0420874179397073 2.0168034816561238 2.000382335100679 1.9901784202940935 1.986350895129365 1.995337305503732 2.0273759475033573 2.0946383051163133 2.186669439361994 2.2853207932954733 2.3807547307031696 2.4687179220175057 2.5472949099698035 2.615569290005164 2.6746494458145973 2.7256135648166677 2.7682571536631686 2.8046203509963483 2.8419232651362365 2.881176448830778 2.922651595720371 2.964538591662396 2.9991754986552235 3.0252619193703327 3.0424866050972534 3.04997557756131 3.053188959651254 3.0522533272309094 3.0451796408524325 3.02659384221018 2.9927907869638157 2.9439378141201358 2.8806111864327293 2.803755773832318 2.715907397148965 2.640190326139641 2.585102852112903 2.552361539690321 2.5488345817165117 2.6037119538479825 2.7531307359693873 2.9640697648798793
2.073362855259388 2.022975728750219 2.0011982790379577 1.9948298511445421 1.9961590324688063 2.0026011606804315 2.0166278642527504 2.044359797935427 2.091972061173879 2.1594287129800014 2.2430020569774918 2.3340356373131037 2.4251275638700145 2.511674796267382 2.591062291730019 2.662117064356242 2.726248272809365 2.783241022101976 2.8325887241589425 2.8752120790231634 2.918281320676454 2.9629929216160207 3.0092350362868117 3.0553508472549646 3.093430166209849 3.1214114292224417 3.1379833227946046 3.1439607178804376 3.145581197932828 3.142466835152328 3.1326351538304706 3.1104372972138132 3.073556643291055 3.02103380168023 2.95360328083213 2.872553172009437 2.77998968872463 2.69718039195078 2.637141304278293 2.603522562568223 2.604863096554853 2.6608841847746976 2.7819876529349226 2.955806876245518
2.0104369650607534 1.979069831517463 1.9833301863301849 1.9970830948489302 2.01401161904589 2.034751174835959 2.062430372265436 2.101720122080613 2.1573000297353944 2.226933689744003 2.3066766043602995 2.39223645723553 2.4788460133118138 2.562713127373465 2.6412124894977884 2.7136196289683614 2.780815294121541 2.8418612428853534 2.8959557523809702 2.943309492268227 2.990763534534955 3.0396521448491085 3.0895619427297554 3.139195112374547 3.1807369791970523 3.2113242407212166 3.2296651350437178 3.236466639749027 3.2380746538469105 3.2344469914173355 3.2223275416505652 3.1962292459687855 3.1552083960869415 3.0991344737668465 3.02859835205299 2.944546809718197 2.8491759721718974 2.7589790116971358 2.6929968675412814 2.65497573730551 2.653947112881271 2.7011828446931814 2.7997848898766575 2.9376664147170146
1.9524590819219039 1.9711542040564995 1.9999284542611457 2.027168750268766 2.054620720245146 2.084822327429621 2.120943396742317 2.166458323117629 2.2243145047945516 2.295052793269064 2.3728718941164413 2.4545807509993285 2.5372222600004033 2.617991429624929 2.6946237591560154 2.767291124266123 2.8359476353686395 2.8993684375265776 2.956502434981989 3.0071515858626197 3.057833115314976 3.1098155062050736 3.1624440022460254 3.214729105810567 3.2597159787116596 3.2931614291449143 3.3138418380141728 3.3244135260540357 3.3285678528562683 3.326009273027017 3.3127633172924003 3.284595977879005 3.2405152326615045 3.18040548191722 3.1053202950966874 3.01730069920051 2.9190214328012125 2.820767655714478 2.746058949470953 2.7002875254970755 2.692280235480052 2.726185146230151 2.8029093093014787 2.9060743398560467
2.0531145849443333 2.0402436468196914 2.0608694356608472 2.087818827424897 2.117684563903235 2.1513207924796953 2.1907131381841802 2.2380852354998217 2.295215300738983 2.3628012137560264 2.4388248674986546 2.5174626739888613 2.5965459171499927 2.674084704906675 2.7484042964897997 2.8203348762768226 2.88918298537538 2.953591042933236 3.012313971357208 3.0650006019318212 3.1179596574832944 3.172122758195777 3.226638878866337 3.280493225386425 3.328804495331015 3.3652203093670163 3.388828857832655 3.404543912718722 3.413705635916799 3.4144239054149272 3.401868819909412 3.3735932674609628 3.32791743337389 3.2644997747335074 3.1850165699978152 3.0924859573215744 2.990277969106775 2.8838898319912865 2.797524941066189 2.7431754291769552 2.724310127024022 2.742682052321345 2.7965508678200015 2.8675700037190075
2.1828790203489152 2.1542704241882165 2.1566865651286458 2.1742686698364793 2.199909180166682 2.2317522257605797 2.270055936760189 2.315763907338619 2.369726981728469 2.4322032365961794 2.502615905052019 2.5781736948141507 2.653829287917233 2.728018145046936 2.7997052633195865 2.8700709406282336 2.938101365212775 3.0023642986196393 3.0614655446459036 3.1151778051678884 3.169649916332275 3.225226298849924 3.2808921002191935 3.335514022006123 3.386312029975397 3.4256412630798816 3.4533271714272504 3.4748383492359145 3.489886025080077 3.4962383894852005 3.487075883773797 3.4610359297620406 3.415350683283158 3.3487780490511256 3.2643363079463636 3.166819036798905 3.0603496148578766 2.948546751442672 2.852095538739303 2.787297348707816 2.7553586139281414 2.7568271010865018 2.786926395797084 2.827305359644229
2.311185594374734 2.2783927576151406 2.269471632333305 2.277089064272933 2.295678890943537 2.322503521319515 2.35665895666485 2.3980955365419496 2.446949431142822 2.503118200758979 2.5660407722523866 2.6346575100201024 2.706525077343826 2.77716779870475 2.845865922790715 2.9139832410007043 2.98038145305377 3.043582714847471 3.1020681267917976 3.1561040519162535 3.21148832097755 3.2678359167521953 3.3239887935618904 3.3787122696460483 3.4304968661216586 3.4724960258024358 3.50560465839766 3.5330919471810582 3.554334389555802 3.5670173080120193 3.5646054995902627 3.5441143151997263 3.5007408392232398 3.429942780725602 3.33897733065321 3.2359727623907473 3.1256748444907325 3.0144639682831125 2.910191014101109 2.8337178035431387 2.7877509121548787 2.7719848031582313 2.7787958545483535 2.790557014744027
2.4365489329370678 2.403107584235322 2.3879519242682283 2.387780527923552 2.399118026064804 2.4195637827239698 2.4478162107075376 2.4832696826898664 2.525598986678018 2.5744494064329495 2.629251728767546 2.6891494177741198 2.753003960565411 2.819150758080859 2.8844451871752192 2.9497211763353888 3.0138245704688282 3.0752346997300455 3.1323079095320816 3.1863390708262562 3.24217980682562 3.2987666707003482 3.3548089016822487 3.408978159785209 3.4598957703299975 3.5050272359179466 3.5439914768143908 3.577104363322013 3.6040375288216895 3.6226307970298803 3.6275802085715716 3.617175348886572 3.582004442709105 3.5017716370139857 3.402691214207257 3.2959196158411017 3.1869546635002144 3.078348937160914 2.972350245281964 2.8839516802553864 2.82400791529577 2.79162984087407 2.777136409723618 2.763553725666805
2.5576094759175843 2.524915852644477 2.506350002569027 2.500505473935804 2.505388267261547 2.5192415398015724 2.5408215438440136 2.5693255481873853 2.6042011347752174 2.6449623516001557 2.691059731464727 2.7418081378066823 2.79635267212022 2.8536446449186204 2.913202439411374 2.975083047880813 3.0363616449113078 3.095426596991283 3.1504870877002147 3.2046180957145474 3.260591013286083 3.3169841123956294 3.372378285596759 3.4253546317005372 3.474535846982318 3.522789075103884 3.5671014459166797 3.605044392818693 3.6363901903130023 3.6590015205266537 3.6679683118086164 3.662664055897383 3.6339609864494395 3.5484106380355476 3.4498969746553336 3.3473070976527333 3.2428663175706447 3.138517754573062 3.036123498991416 2.939706225393456 2.8665732592794955 2.8189661456212045 2.786415125142111 2.7523510214758526
2.6731136090669874 2.641820951115579 2.621436308313752 2.6114858140029034 2.610896501244739 2.6184891035218874 2.633246914040898 2.6543787851029452 2.681270717230837 2.713406402826193 2.750299206253259 2.7914441753514865 2.8362739822065635 2.8840916413296536 2.9346508803189923 2.9891960912726763 3.0460706782518767 3.1024053836759955 3.155531648870342 3.2098879797847264 3.2657883164583486 3.3216421337388526 3.3759075363034783 3.427081435956342 3.475807846907539 3.525468390889327 3.5740058626735207 3.615814159279808 3.650060835559809 3.674423729082888 3.6830217191214016 3.6725883708184353 3.6355163263308454 3.568193890178142 3.4828183251323095 3.3893258630160443 3.2921659599221464 3.19395774960967 3.096718341257054 3.002156199112666 2.9175899638718192 2.8565298637420335 2.809735015234719 2.760746977618206
2.7818929508695933 2.7523593525636114 2.73112396050617 2.7181893771116297 2.7130360731981726 2.7149146481076536 2.7230534718929866 2.7367599999580277 2.7554474130417503 2.778629271394979 2.8059113568423215 2.8369863965245057 2.871609752054849 2.9095106292293718 2.9506793502119844 2.996713964201464 3.0461833630011657 3.0966006119538916 3.1471755701465733 3.2013549084429793 3.2570725964772023 3.3121096516900237 3.3648114963624423 3.4145740574101975 3.4646916261746457 3.5148946478827745 3.5642759740136927 3.609112244828382 3.645174989651721 3.6706672558565145 3.6795897566960556 3.669069696742413 3.6353374057054717 3.5785807357600286 3.5057957977153045 3.4230708601093207 3.334883516825998 3.2442893048802697 3.153564142098699 3.0645460345631257 2.978777813885802 2.905998448665465 2.8484115796422103 2.7893162652921566
