_RESULTS/REVERSE_NEW/MHZ/GZ/4comp/MHZ_GZ_z_710_kriged_reverse_4comp.asc
ncols 100
nrows 74
xllcorner 5.5967023331506844
yllcorner 50.982320383150686
cellsize 0.00019249369863007826
nodata_value 1.7014100000000001E+038
[rows 0 to 18 of 74, columns 43 to 85 of 100]
0.2341462483673077 0.19883465041556186 0.1658180926627631 0.13784289791010085 0.11644005645885258 0.10199427354807424 0.0942295304847496 0.0927248361097182 0.09721182454087204 0.10758802119706151 0.12368556649610127 0.14491625083241755 0.17001058064655789 0.19708406223786368 0.2240721446431117 0.24928006324178173 0.27170411247701987 0.2909995931936896 0.3072363353610912 0.3206501887813101 0.3315028194181107 0.3400486013017211 0.346553177736564 0.3513123462691857 0.35464882091346356 0.35688929590542023 0.3583349473775331 0.3592377819442816 0.35978927982208253 0.3601215608092239 0.360317378204814 0.3604240547894204 0.36046721246243507 0.36046170388890447 0.36041871740159587 0.3603492173970169 0.36026461306968477 0.3601758464704606 0.3600920251305007 0.36001940225282925 0.35996107506022906 0.35991738106026105 0.35988672930221693
0.18159611134539375 0.14016594756207745 0.10513604607178852 0.07849159270860966 0.06015394828767955 0.048887994656899234 0.043304429806623454 0.04247722332373338 0.04616499295313771 0.054775321417261186 0.06911775753929864 0.08990252985508908 0.11704970747371284 0.14916340833240094 0.18364211738754166 0.21748913142468515 0.24828355038126493 0.27469424830847244 0.29640170630056073 0.31371308295197736 0.3271915356251456 0.3374410090119031 0.34502910483405974 0.3504767237099434 0.3542602842591594 0.3568056634477876 0.35847505542726066 0.3595553410670061 0.360254785695372 0.36070995406567585 0.36100053292729 0.36116774935162643 0.36123207068914576 0.36120704255495284 0.3611077203899726 0.360953709879226 0.3607680556691903 0.3605738927813735 0.36039080516511685 0.36023231355332586 0.36010510827134645 0.3600098797691541 0.3599431240981713
0.12799816547808296 0.08666883504621521 0.05621272563315405 0.036216502723514864 0.02429176745064937 0.017823208036408352 0.014914659452981094 0.014584726563863422 0.01668243295385247 0.02182392179581183 0.0313676286346425 0.0472065059232862 0.07106221229883977 0.10329440969831612 0.14197330428617883 0.1831968367524182 0.2226319391338888 0.2571051220300518 0.2852282086399024 0.30706766795882345 0.32346078007107365 0.33546354323732697 0.3440666166518837 0.3501066565853959 0.3542654296851791 0.3570889736403473 0.35900206252361566 0.36031726269640346 0.3612450501603189 0.36190966963108157 0.36237112167930446 0.36265028409608335 0.3627527069563212 0.36268690139278 0.36247449226847434 0.36215185071255984 0.3617650475214149 0.3613614288369816 0.36098135139081056 0.3606526890313731 0.3603891667558678 0.3601920849808621 0.3600540775363724
0.08161299070263392 0.046715385872232895 0.02514452354299232 0.013410773079467845 0.007583256804831653 0.004882415166286597 0.0038014690966508124 0.0037074767807229823 0.004535941244584544 0.006739579208228601 0.011473818596332532 0.020867300511914995 0.037917484468818596 0.06534641356942775 0.10351509266700838 0.14908256788467147 0.19611588341031844 0.2389070495538164 0.2741087218028086 0.30100035328473507 0.3205409500229669 0.33430350988341523 0.34382213526096617 0.3503463752010134 0.35481897269261536 0.35792747705333755 0.3601582587352557 0.36183531666385016 0.36314930076663565 0.3641858919266954 0.3649583397220937 0.3654432519263868 0.36561464187005327 0.36546984150279693 0.3650423436847983 0.36440027284150023 0.3636334522447311 0.362835077549597 0.3620846084856914 0.3614367086959666 0.36091802249062244 0.360530705817488 0.36025992387883393
0.04762407000341509 0.022307346835821473 0.009611168365433314 0.004091572741326264 0.001887649145611448 0.00104047620707204 0.000744068586391313 0.0007244075256310535 0.000962188034898025 0.0016678334424769783 0.003483118760351344 0.007958095702032352 0.01813423050466126 0.038338456305807574 0.07197328123792972 0.11813105061102933 0.17062352711029669 0.2211686269263531 0.26365394317090357 0.2958855686245192 0.31867625873101135 0.3341317236541278 0.3444351519217332 0.3513411811663842 0.3561057629861116 0.35957590257916394 0.36229432853025795 0.3645757759112039 0.36655917917542485 0.36825192516481053 0.3695776649480906 0.3704296073978285 0.3707225995225677 0.3704328619607395 0.3696156059967001 0.3683972652206686 0.3669475290761058 0.3654425250213841 0.3640316220249197 0.36281664773812955 0.36184634100826657 0.36112350770134044 0.3606193931235734
0.026263350302008437 0.009863198669939857 0.0033255360115215854 0.001104558356177673 0.00040742840105231575 0.00018941129986458353 0.00012350656291161682 0.00012024007118643565 0.00017524987899264282 0.0003609191637832068 0.0009464849563313216 0.002786770096667492 0.008162681502454345 0.021633339447168366 0.04896727575567739 0.09273981602017449 0.14824696913079474 0.20536190013828595 0.25480587009194827 0.29229594814834625 0.3182027371815445 0.33515144794954704 0.34605838693541474 0.3532577482671517 0.3583576280239617 0.3623736584045765 0.3658930837721437 0.3691925652829835 0.3723145304822281 0.3751292422742561 0.37740410188151435 0.37888583588851843 0.3793847350175821 0.37883996403748743 0.3773461251042757 0.37513369329762936 0.3725130485223303 0.369804100451105 0.3672750570040259 0.3651058488374896 0.363379974685739 0.362098932780336 0.36120878777571397
0.014423982127595457 0.004339179723343538 0.0011438950527455174 0.0002962519177796183 8.736426637820575e-05 3.428250571662876e-05 2.041928129790336e-05 1.993514867501855e-05 3.2001296790538964e-05 7.863425634860824e-05 0.0002600456316491076 0.0009904011263083341 0.003739279698379196 0.012441654235871452 0.033959028865043255 0.07413043138755546 0.13087844957905004 0.19325056528917164 0.24888216394722673 0.2910847714214363 0.3196192283383987 0.3376481969774196 0.3488894698101978 0.35630243328277444 0.3618624357799585 0.3667486073783991 0.3715725429766088 0.37653512507893167 0.38152172033895215 0.3861803800620524 0.3900200654168797 0.3925401916622622 0.3933722937915443 0.39239295483897246 0.38976736280374685 0.3859075386446446 0.38136454470146075 0.37669826870904605 0.37236919121872347 0.3686783214279359 0.365758348276279 0.36360265926747026 0.36211285868993554
0.008432958866938713 0.0020811914057781945 0.0004405774833248096 9.145051463133034e-05 2.2119210472955714e-05 7.479568798154894e-06 4.123651165698379e-06 4.054115443327182e-06 7.130370201137599e-06 2.0621387340851682e-05 8.429186689270555e-05 0.0004054807253054369 0.0019245242924843618 0.007848202343477322 0.025280300544672694 0.06245715477949636 0.12000982268251403 0.1867443547899163 0.24753126226995906 0.29339063011323385 0.32360518165358737 0.34200605952624286 0.3531798348101113 0.36071927731289316 0.36694933582512146 0.3731898712903048 0.380049526365667 0.3876091326717808 0.39551984105499854 0.40308814109539515 0.40941030336236184 0.41357848528938473 0.4149246541957745 0.4132222836188292 0.4087620633752976 0.4022678113288627 0.39469263797403475 0.386983303008627 0.379896198803583 0.37390647646685454 0.369206513271574 0.3657637635404411 0.3634031160451358
0.005625669638801959 0.0011968238277503041 0.00021503567264578172 3.7859807976139714e-05 7.912519412749294e-06 2.402883215400778e-06 1.257386796957545e-06 1.251730980009894e-06 2.3771886157556696e-06 7.834530399673382e-06 3.782969014682041e-05 0.00021809246757833656 0.0012330098729108284 0.005859044435519735 0.021314009282294308 0.05749143143799155 0.11692888405443347 0.1878643132324923 0.25263453331412944 0.30054389970383505 0.3309518134171962 0.34866139644881866 0.35919882890349697 0.3667509313354528 0.3739357613663875 0.382174665549522 0.3920454260002845 0.4034660942670579 0.41576375894799045 0.42774273859902273 0.4378588482433254 0.44454681900569737 0.4466448215509902 0.44376063721152154 0.4364071188202109 0.4258364501407469 0.41365854516885586 0.40142246194105285 0.3903158957026848 0.38104228423707653 0.37384812659131395 0.3686358145837599 0.3651015886536258
0.004536345029136 0.0008929890408772566 0.0001473797622032119 2.3862259074980693e-05 4.640634436648939e-06 1.3416135593654608e-06 6.898987925969395e-07 6.999237052980673e-07 1.4033353030362045e-06 5.024048297701989e-06 2.6815583614085593e-05 0.00017165586316561317 0.0010694205468378623 0.005507563507855434 0.021255583695813325 0.0595117117012266 0.12327439782381547 0.1988808133891934 0.26618871923821863 0.3138754493663035 0.3423952464468419 0.35798172605651823 0.3671431794070891 0.3745551934536522 0.3830302257729771 0.39404187039505073 0.40812118455497765 0.4249975503059871 0.44358283132006027 0.46197498928389985 0.4776649480909386 0.4880506534177275 0.4911745706951169 0.4863885391786134 0.4745960186154931 0.4579286291628873 0.4390401863205893 0.42037950471345165 0.4037229273078159 0.3900367341734786 0.3795799662795358 0.3721159233145128 0.3671337742230363
0.0045678669807922975 0.0009038201450464048 0.0001502773081986412 2.4588027605182845e-05 4.850418446114693e-06 1.4282934970591623e-06 7.510941601243226e-07 7.816567211160709e-07 1.6097507543540173e-06 5.9125042067287185e-06 3.2243879708733616e-05 0.0002094425154190549 0.0013121827268161078 0.006728981937329237 0.02561781802526503 0.07022492634158406 0.1417527497617638 0.2225006761011504 0.2901123462801961 0.3344141257715725 0.35835667685289074 0.3700786738107508 0.37700005536473896 0.3840852836165626 0.3941997275600318 0.4088200775667097 0.4284423264931829 0.45261774508284236 0.4797695324054392 0.5070491771615196 0.5305470559200496 0.5460821884805912 0.5504633714563074 0.54267448955286 0.5242943044775308 0.49887392918588574 0.47065969915466915 0.4433712509289537 0.41952044335234334 0.4003161774213849 0.38592774954991177 0.37585870856023457 0.36928392868508675
0.005740827079164441 0.001239805435067058 0.00022766092955662777 4.133982050401436e-05 9.010620319121285e-06 2.8890378441527046e-06 1.6151224392603148e-06 1.733560080029653e-06 3.5637427288147198e-06 1.267004534840024e-05 6.520447169567649e-05 0.0003925659508693302 0.0022569082598144423 0.010591035479551399 0.03700874983001231 0.09378069357569871 0.1766968410269293 0.2617583527132722 0.3257948509996449 0.3624312775750533 0.3786080158172306 0.3845857761997997 0.3883923132483612 0.39496081914018644 0.4070308902348436 0.426042895844359 0.4525066214688172 0.48585596912890877 0.523989868917224 0.5628587545982763 0.5966189783399306 0.6188106613976961 0.6244483516301782 0.6120529544764769 0.5843318381581972 0.547013142626227 0.5066245875438979 0.46854139784396653 0.43608239993300024 0.41058013643646246 0.3919338175720562 0.3792213704746287 0.37117708066282207
0.0087085414881012 0.0022009892460630605 0.0004824105782723939 0.00010521649007043691 2.722813600703264e-05 1.0049226378023301e-05 6.164507857428131e-06 6.844774280451513e-06 1.3685777977117846e-05 4.4751979140412554e-05 0.00020285287679101577 0.0010470718669982576 0.005108119798649209 0.020420140739153596 0.061646798092190654 0.13768554454076432 0.23380227367252282 0.31906309087527435 0.3731684617809942 0.39682001613418233 0.40191766765568904 0.4004597001581681 0.4004556581591786 0.40637577840657146 0.42063732031018414 0.4446197733762098 0.4789254148337647 0.5229733236508565 0.5741457943633194 0.626954809418044 0.6730547626600486 0.7029428057151881 0.7092690379844063 0.6901121358860857 0.6499633151772508 0.5976412868019575 0.5426533307679304 0.49229170303995656 0.4505881712781178 0.4187511209254772 0.396163074498438 0.38129379461991963 0.37231970769000383
0.015040775933137523 0.004666530656941815 0.0012874729834946694 0.0003559333428010873 0.000114790998385009 5.059622644629449e-05 3.4735401164733186e-05 3.988189016059685e-05 7.596941029846005e-05 0.00021995786740802508 0.000835315953901198 0.0034967681284128116 0.01370210563028887 0.044415078194677264 0.11121666657655088 0.21224139075326814 0.31779924943457 0.3939099122550789 0.4293163795320214 0.43446269885615935 0.42581143885056283 0.4158982519760422 0.41181457875049626 0.41710209777615254 0.4336815859006605 0.46286204575890144 0.5054177084654852 0.5608558754553074 0.6260672718660363 0.693933699289182 0.7531239212812091 0.7904773986946559 0.7959482479058729 0.7674684860979929 0.71213435831921 0.642709497408082 0.5721200016566085 0.5095194103463261 0.4593207829581971 0.42225245327526406 0.3969272406179544 0.38106712538513815 0.37222513798789186
0.027577850397742784 0.010733107458048766 0.003817508561553203 0.0013698846767774009 0.0005620655033366159 0.00030016482910818934 0.00023194255346692058 0.0002741788371289684 0.0004905548118507072 0.0012299895347667135 0.003808284446785744 0.01256267347603497 0.03848697591277859 0.09887910991320614 0.20186566383438026 0.32544687489072754 0.42704985685692276 0.4796672960909516 0.4872710973890111 0.4700202260326178 0.44667242190881723 0.42848689861005085 0.42072065871886544 0.4256367677909294 0.44456576041197304 0.4787517568217369 0.5291831916618914 0.5954988531719649 0.6740889019724295 0.7560726146772488 0.8268744069504665 0.8694855350442154 0.8713729216807478 0.8310286112824652 0.7589953974135657 0.6724413095618789 0.5875796724176674 0.5149062712910906 0.4586614657238654 0.4187227685253763 0.39277116201712525 0.3777529308127173 0.3706209329358678
0.050185763023449875 0.02441936861105402 0.01115179546550768 0.0051687527949011245 0.0026822459396152088 0.0017237601038611798 0.0014879220685187684 0.0017965034005054366 0.002995584633321671 0.0064593257595548514 0.016218409164757336 0.04203026812868821 0.10063633036287638 0.20544910921239967 0.3437788500169872 0.47171151643530695 0.5471260877320818 0.5618208248092051 0.5363772232206907 0.4967199602190225 0.46038229977015926 0.4356380886448816 0.4253700840240384 0.43048972669567676 0.4517776960272145 0.49044182287003674 0.5476721688537937 0.6231867967339471 0.7127955208524154 0.8057853974084104 0.8843917890324713 0.9281514497455781 0.9229113324072367 0.8687935242290102 0.7804322821283527 0.6792146282214173 0.5838156181836491 0.5051394392194323 0.44661698639473485 0.4070215098390152 0.383112244888443 0.37117763349435723 0.36768659513746865
0.08591388233031778 0.051088410705453155 0.029196030236756217 0.01701086167173208 0.010874534449246982 0.008217932181736824 0.00778599682884493 0.009502591276481571 0.014730992435638829 0.02746160588659399 0.05659111940186086 0.117205856039861 0.22389533629619973 0.3714436228911376 0.5211709046730031 0.622046628683503 0.6504691070053543 0.6211747285452758 0.5653238354631485 0.508328321304665 0.46345739270885156 0.43524625302989145 0.42432519728565626 0.43052772558032393 0.4542757241851618 0.49680852405269565 0.5594762992712211 0.6419582018428616 0.7393535747445027 0.8391075265050665 0.9205890706270167 0.960722171189004 0.9449977615834764 0.8763006594734816 0.7736487860402713 0.6618963211376393 0.5609132072425079 0.4809529679639404 0.42412397122472906 0.3880471371799032 0.36874690540274563 0.3620875065954422 0.36422758569850966
0.13368913864783358 0.093873151451037 0.06459179720932531 0.045445295079127625 0.03444642047221777 0.029636429624459334 0.030121312248803832 0.036751293053836315 0.053051403834470975 0.08666167612420778 0.15000633618343 0.2558350618715587 0.40324757871131894 0.5627501270408057 0.6843334690673023 0.7320135238422685 0.708089739377328 0.6424209235409669 0.5669368080444682 0.501549620277301 0.4542357890631917 0.4263095033197802 0.41687713498116274 0.42522693267079426 0.45172439983782303 0.4977626110731594 0.5648423681105996 0.6525068822838276 0.7550331017010277 0.858044743889888 0.9384168495501312 0.9713187183126353 0.9430206595287125 0.860006459898818 0.7456528348611853 0.6273729845209612 0.5250485024824201 0.4474756295105262 0.3951962506726203 0.3648171626558992 0.35191157838769754 0.3521940621802373 0.3616956981124305
0.186202129517659 0.1486220181117825 0.11799424410504197 0.0959307476325687 0.08271730351276065 0.07828533801138078 0.08338092868619976 0.10071341404514333 0.13600187881334386 0.19818286497354856 0.2964566117301347 0.43139204131374753 0.5832330219612192 0.7116611524317134 0.7774627735866226 0.76917349720828 0.7067372150134645 0.6223672318507779 0.541596863946535 0.4774028704113885 0.43347245749536095 0.4092161014034798 0.4031831644610278 0.41470933842899466 0.4444399651989196 0.4941020304419423 0.5654309707425271 0.6578514094081457 0.7647896279152108 0.8700277078300992 0.9480559418778312 0.9726488578820858 0.9313986802276097 0.8347875753717809 0.7104649286393233 0.5878387109151499 0.48616442935881565 0.4124486549936378 0.3656848337851978 0.34167846258170914 0.3358181479547472 0.3439123413203829 0.36202926434296245
