_RESULTS/REVERSE_NEW/MHZ/GZ/4comp/MHZ_GZ_z_710_kriged_reverse_4comp_test.asc
ncols 100
nrows 74
xllcorner 5.5967023331506844
yllcorner 50.982320383150686
cellsize 0.00019249369863007826
nodata_value 1.7014100000000001E+038
[rows 38 to 56 of 74, columns 0 to 41 of 100]
0.19676692923778286 0.20983892858243747 0.22038462948932372 0.22905171754832057 0.2364288325709788 0.2424845513212311 0.2463162150667821 0.24639573192990538 0.2413002963070525 0.230593081327971 0.21529126302621127 0.19756926275604358 0.17991624130662792 0.16432486964396373 0.15190574035985313 0.14290862982125077 0.13691260357971666 0.13298882617026914 0.12978688972967506 0.12562916512247285 0.11876843988035017 0.107915964575931 0.09291554940696628 0.07511606460445268 0.05696738952917721 0.040928747476848756 0.02845340772252499 0.01973497141937196 0.01414905925745988 0.010846413702274902 0.00911832563218407 0.008504339982012141 0.008761415387182775 0.009786447745170061 0.011522676098561682 0.013856639595057691 0.016543709147448377 0.019280064195922177 0.0220137024916948 0.025169309861707657 0.029244238563377798 0.03409320316124221
0.1573968791645691 0.1704119635102909 0.18380486125187004 0.1976117428974395 0.21142278560190747 0.22410366440690901 0.23378194776846492 0.2383039553983731 0.2361180458852679 0.2271293213711132 0.2129170120674404 0.1961180141969099 0.17941288869130168 0.16474484038880305 0.15305382800091363 0.1443931002007424 0.13816540959323975 0.13331845161196684 0.12848860650224236 0.12218003349234459 0.11308246898649023 0.10053829584004954 0.08497054368048419 0.06792331338250726 0.05150943332647292 0.037531178512695676 0.02686464388832385 0.019447952770657882 0.014686834054300183 0.011883820749695925 0.010476088220097537 0.010090305348197577 0.010497817918164306 0.011527177832959468 0.012952536048347157 0.014365657614319233 0.015132493601463487 0.01483924019768788 0.014164282359560649 0.01456866650428618 0.017169406155925118 0.022177476617403942
0.12445609111860953 0.13748259337782326 0.15317092863781007 0.17130892665964279 0.19085917045912135 0.20975596096437654 0.2250877249276926 0.23389565402365245 0.2343810673908588 0.22679780987698417 0.21335730798135982 0.19720960979444707 0.18123114462141832 0.16728868965589838 0.15611057464092915 0.1475099505795893 0.14068317261416596 0.1344621321788822 0.12753482515248785 0.11869958383431203 0.10718789228236938 0.09299140491171004 0.07701064134540295 0.06083263781262378 0.04615256950368893 0.034155068392039314 0.025231278259520287 0.019121970984003638 0.015265686850953556 0.013092395501029929 0.01215990375965648 0.0121606215381547 0.012856235266677193 0.013978149898702835 0.015104367229101367 0.015509495627890961 0.01428127315701862 0.011602573851759756 0.009395385351761478 0.009137312371864085 0.011507788706185733 0.016997387244871164
0.10100545284965577 0.1145596014207813 0.132512676937288 0.15464170241317352 0.17949530807100966 0.20409623491954967 0.22432811472993236 0.2362823799722081 0.23799001358374322 0.23032926680091104 0.21641835605105622 0.20004113256329048 0.18423566836319846 0.1706801518659456 0.15976610605695132 0.15096374083390074 0.14320811972624722 0.13523269316604442 0.12587247146456906 0.11435362980432823 0.100534646590007 0.08501229566606133 0.06899659615747594 0.05393803233726186 0.041048029781218506 0.0309603790163139 0.023696188433111207 0.01887704813703175 0.015996746790085434 0.014603765116263354 0.01435846042448221 0.014994604027552164 0.01622702123336633 0.01764751070434003 0.01863717973035893 0.018303500598760698 0.015878122478305428 0.012325577865140571 0.01005666831438834 0.01034387750416019 0.013712663034732878 0.02001786579877625
0.08727660289060479 0.10239927049784245 0.12352445334837027 0.1505303368117405 0.18148805799089635 0.2121401637026997 0.23665998508692662 0.249972801677329 0.2502759078000727 0.23974891777314664 0.2229873337619897 0.204635722274922 0.18783979508671936 0.17391678809371935 0.16274276900229848 0.15331237819842222 0.1442427855287358 0.13420625252863083 0.12229743378250459 0.10828267629315502 0.09265602030017318 0.07647476315135099 0.06102750993009606 0.04745357172958143 0.03645821045136192 0.028228297287778134 0.022547712786945763 0.01900974806242908 0.017203900394136523 0.0168096151465211 0.017588624743995692 0.019293815397705315 0.02153455837379127 0.023686334698270924 0.024946729787372637 0.024560076926772728 0.022341030544222845 0.019531925430114568 0.018289024246636473 0.019822680669782274 0.023814354530085183 0.02903915478980956
0.08260970491028793 0.10103238325719412 0.12753219940652388 0.16212543708806973 0.20195704856022767 0.24045453900788813 0.2689732745575497 0.2809757118688183 0.2756621045779347 0.2578329790334976 0.2344997779060323 0.21144702348313044 0.19178550915623074 0.17621049979919332 0.16386200188225528 0.15312882793078472 0.14228280777758925 0.12999952758437047 0.11573222009947803 0.09981875326936573 0.08327119725222275 0.06736185745500514 0.05321032221655198 0.041526924735832034 0.032555790446002195 0.026173962193689792 0.02206522986223678 0.019888489172843443 0.019387178181655564 0.020415252452153306 0.02286516683089738 0.026490758547829583 0.030684943367621103 0.03441741740818229 0.036571713711976706 0.0366019083659959 0.035029385491604344 0.033264918035297665 0.03264553298601404 0.03367548670016622 0.036428915396865456 0.04115282785615785
0.08677277579537186 0.11132377592748073 0.14733607453691633 0.1949142271440995 0.24917629234741906 0.2990505057248944 0.33105910585718334 0.3370800751375999 0.3192626911310471 0.28740129776856155 0.2522375589508045 0.22083281734211396 0.1958556243710693 0.17694186371060164 0.16221516399770533 0.1493467103579601 0.1362804397215903 0.12177494843837414 0.10568232971492854 0.08881566670136043 0.0724597364357712 0.05781121042620238 0.04562940759695184 0.03617589008830564 0.0293462192396795 0.024861189685640557 0.02243491999112036 0.021890850938457065 0.023218572279055417 0.026550766623502 0.03200250482646297 0.03931608512824708 0.0474285304294163 0.05443311700965978 0.0584173175411077 0.058748633159116374 0.056508046623793794 0.05361469321214388 0.05174870740090904 0.05202688513651613 0.055156928365673104 0.06156425316668013
0.10050047470001376 0.13575234295389232 0.1883328965247975 0.2581840800134441 0.3361122651551467 0.4024408439623496 0.43571963733596364 0.4270754196347067 0.3857037071787868 0.33021030347294855 0.27650747914599577 0.23254540518383424 0.1996446516460479 0.17568107579847933 0.1574050722243954 0.14167559756692316 0.12615594578429867 0.10974524373818129 0.09263809812032554 0.07590320937023345 0.06079174597325703 0.0481822502943387 0.03839877704888527 0.03133681561888719 0.026699447775501903 0.024203859222984205 0.023721411106936853 0.025368221813232936 0.02955371277558138 0.036927959459298346 0.04806315294621316 0.06269630245849078 0.07878394886925164 0.09247649292990247 0.10002791330338541 0.10037983728916648 0.0956893267648171 0.08955482996118601 0.08510719482413734 0.08428527759082419 0.08803519342513941 0.09664035878007429
0.12520898277247128 0.17794400124661192 0.25773209621510595 0.36364952100573206 0.47801661224402936 0.565911407868722 0.5941561707377084 0.5563596997674964 0.4758788169741426 0.38504257279304144 0.305723370785788 0.24538693112936866 0.2025082201547227 0.17229345676306854 0.14974207051055893 0.1308351200421954 0.11300421678230729 0.09528780655544361 0.07807226201020397 0.06240777163013752 0.049250326035430066 0.03904139038790786 0.03171849742110727 0.026958716159358742 0.024436235292006336 0.024007342940018692 0.025843004343229854 0.030555208930235594 0.039312680299288465 0.05379101793718666 0.0755470441130865 0.10435867949564925 0.13609956137671603 0.16280335323720638 0.17697517133774876 0.17670410393094108 0.16635987064707755 0.15305168252866055 0.14265868530858206 0.13834807645819144 0.14115954677655815 0.150793268949118
0.16143253905418087 0.23974449352343274 0.35929209406178053 0.5167266117890733 0.679831688691338 0.7905721775037884 0.8019541227190393 0.7167480822271867 0.5812248207286919 0.44526495301318086 0.33571317783238497 0.25721458796331387 0.2037402480749346 0.1670709389144415 0.14024643677220797 0.11839299634049656 0.09875937110994559 0.08046762071816622 0.06390708757229253 0.049879278340124705 0.038907308586695354 0.031009838324206295 0.025860933221606194 0.02307155039646562 0.022421646142731313 0.0240307984913235 0.028537821689334674 0.037358452437625346 0.052991031159824856 0.07902846315208689 0.11894063602276049 0.17254225143129878 0.23157966863157498 0.2805574098653344 0.3055407083804599 0.3028085554692789 0.2806234062624179 0.252790217123656 0.22999138397410904 0.21708356866794332 0.21478715860961517 0.221490357541898
0.20585247102330567 0.3152699234916064 0.48221690897034064 0.6983918708558046 0.9118659345518297 1.0379478408537612 1.0191103253575022 0.8749493849557601 0.6790855838459894 0.4978665983010295 0.3600606515822375 0.2654687386941784 0.20290662152724534 0.1607776940197267 0.13039967065974714 0.10625067127663244 0.08548279625938912 0.06724236756632197 0.051773862978962346 0.03951141060673651 0.030539683126805415 0.02455049825965629 0.021082757390950998 0.019787915298582863 0.020629334290134797 0.024071751747684906 0.03137531877697896 0.04509519641064757 0.06972374663322115 0.11180912237781901 0.1776509383093806 0.26649776247265883 0.36324321629093054 0.4425258635942712 0.4820792480927222 0.47387597240340285 0.4318236178838587 0.3805524881189355 0.3375650064640264 0.3095155416075768 0.29619708853379256 0.2940411542993522
0.24884411441506246 0.3859370476151106 0.5923094417187421 0.852458845454627 1.09639827719842 1.2211525595614616 1.1684166179242375 0.9760206521734881 0.7373613097430985 0.5270116521551754 0.37217089401294723 0.26814343689380904 0.20014094553230105 0.15453095077173953 0.12175318812103593 0.09608098344869533 0.07473577208529517 0.05688271496131468 0.04256453862368973 0.03184439995330847 0.02444586133259701 0.01984533930851451 0.01753515343423936 0.017251334700487196 0.01915217649439367 0.02405476851771779 0.033882184941022624 0.05245705889291857 0.08651826064574537 0.14581403614786914 0.2390716150754858 0.3631670144564695 0.4951370596200569 0.6028190588846672 0.6564484145674533 0.6407446606881074 0.5759797725319339 0.49899426261941726 0.4338104824084526 0.3882657149199219 0.3609032148457989 0.34627619573416996
0.2766446382649472 0.425648856234923 0.643758508527845 0.9088898382856418 1.1449281385592263 1.2507797987560418 1.1783543038328967 0.9741184210439294 0.7319163318134299 0.5220946756759409 0.368362831738792 0.2646881636537721 0.19618983472690904 0.14954322111209561 0.11559014294051531 0.08901725357099624 0.06736529586063457 0.04989114466386517 0.03647025746625006 0.026865067136593836 0.020538369485291336 0.01683669416582408 0.015246803742925629 0.015585135337308056 0.01816501553702013 0.024078028613698815 0.03575983132065037 0.057973581775692215 0.09896058557311081 0.1701204151001463 0.2802123732686002 0.42245682587034533 0.5694466409342273 0.6879280584258111 0.7450651098756635 0.7229284169568123 0.6461904330796422 0.556721565125305 0.48037630859932834 0.424903040694408 0.3880777600198179 0.3637002672828291
0.2792852812418934 0.4179713874472925 0.612733121960499 0.8393586474211864 1.0317348063998093 1.1102554770470177 1.0422315218178286 0.868422397332451 0.663831443917543 0.48435999200093 0.3497658045257026 0.25620024488830184 0.19214269238256296 0.14683249456413563 0.11275925024400543 0.08565104626930393 0.06366155181745507 0.04627865757884627 0.03330827036473721 0.024311404511995118 0.018577317573891847 0.015372710281509645 0.014186092117028547 0.014886570019293678 0.017878217248830243 0.024390305220946124 0.03705013597665356 0.06079463945098876 0.10369533404356782 0.175915005214639 0.28346599126475414 0.41726374266370275 0.5509514996342186 0.653695481584631 0.6980970063431753 0.6747554907301998 0.6071626448777186 0.5293029839879787 0.46199729845708204 0.4115100901987247 0.37579221214953357 0.3494054367755524
0.2575528925766956 0.36894994499617584 0.5175465831068702 0.6824538957499559 0.8171798844208102 0.8706101480782691 0.8237300718474939 0.7034400973483435 0.5581905030509068 0.4257044717327901 0.321400578981951 0.24475247681947163 0.18898156430054303 0.14698767559166703 0.11364392919395287 0.0861767457655561 0.06362858740803748 0.04589524453352749 0.032846228072563516 0.02394628918920451 0.018378489250169338 0.015354175733566105 0.014354409171139025 0.01526755458941391 0.018520986753089493 0.025327180162561653 0.038125447296544886 0.06114800889694014 0.10057923452424238 0.1629292538230452 0.2500447719698764 0.3526105867882437 0.4500291818071432 0.5195509350537131 0.5459928500528756 0.5298360938875281 0.4876401585922447 0.4391468866263207 0.3965867582641957 0.3637363903358238 0.3390033238893759 0.3183651804948912
0.2214934863209409 0.3005864976062599 0.4003398778174797 0.5060617020649533 0.5904382380423836 0.6258009973106692 0.6022369471429616 0.5336811047161428 0.44603295057134223 0.3610467368350007 0.28933037233857234 0.23235145670788449 0.1871620294883581 0.14999678826901708 0.1181385478517544 0.09047864044857662 0.06714234465655927 0.04861212818927934 0.034971010714801215 0.025696312125700366 0.01992411974748576 0.016826147128359434 0.01586368176817762 0.016912849956381086 0.02036118459261779 0.027260732106137997 0.039540155987707264 0.060109128360002734 0.09240610585331427 0.13875526154522774 0.19751220400868905 0.26090790088957483 0.3167525985947117 0.35408437210763954 0.3685048345426776 0.36367385755445103 0.3482434753285035 0.33065978352836894 0.3158592574066707 0.3048649130449865 0.295825257984489 0.2854509980809219
0.18281498833975096 0.23411374383910474 0.29538794372206323 0.35785137954791885 0.40755595041433934 0.43136894113272345 0.4245209315224106 0.3929188955142134 0.34830207267893437 0.301373108467035 0.2581545559214301 0.22016933837434646 0.18636803805557597 0.15511222035134625 0.1255378387721962 0.09804753339754606 0.07389917499823763 0.05429447516087215 0.039675872255861847 0.029649584078294735 0.023372667170066704 0.020001392887144656 0.018972105139301948 0.02012129709128788 0.023736225985859033 0.03058536613124321 0.04188020221219015 0.05901103473015102 0.08287194630316191 0.11282725764514975 0.14592802643440092 0.17735198991618709 0.20235482934277213 0.21853766509643113 0.22674870566798286 0.23017131031261856 0.23253163442954308 0.2365643383360906 0.24319151529230554 0.2512799341612967 0.25787694459634425 0.25911567436882316
0.14913413714789617 0.18057224488997903 0.21641730780396942 0.2520202141405676 0.28096496572503127 0.29762157029360364 0.29990068074564324 0.2899667295506583 0.2724175440169328 0.25163305945246706 0.2301218569340984 0.20834047805586564 0.1855071042975157 0.16079920542927148 0.13438607450916254 0.1077650009680351 0.08318354390141557 0.06258689177416614 0.04688181237218384 0.03591942574972124 0.028963628404723312 0.025200645466161277 0.024052288199212766 0.02529418399956322 0.02905384809412789 0.035715184093104695 0.045686688690595105 0.05899498964218381 0.0748216987040693 0.09134432002834617 0.10624476908208672 0.11775784926741642 0.12555442672718126 0.13083747127966283 0.13572649513195498 0.1424775312133316 0.15291742208996356 0.16804849722133738 0.18758659862299001 0.20939142620168416 0.22923113777885856 0.24165592946351205
0.12317130648190348 0.14190003015226266 0.1625517335711902 0.18289110576249545 0.20021503840254756 0.2123508021037657 0.21854727505015878 0.21958854193629956 0.21705180995796317 0.21226336963122766 0.20557365784711212 0.19624894569741722 0.18299578923922188 0.16492901331407814 0.14250577224481328 0.117770503714816 0.09362503636039685 0.07262291900751408 0.05614954954811777 0.04438799280866485 0.03680338832038332 0.032679482455004905 0.03145340798358505 0.03282825063758632 0.03671691920380654 0.04304356397878363 0.05142517087016634 0.06086545256656262 0.06975785196380019 0.07643220128686987 0.08001032697301447 0.08091175259691258 0.08062314559969953 0.08104669217302188 0.08399717516992855 0.0910666482142169 0.10365987092122804 0.12284206834565851 0.14869407439070836 0.179181432164233 0.20925783822698477 0.23159707479311267
