_RESULTS/REVERSE_NEW/MHZ/GZ/4comp/MHZ_GZ_z_500_kriged_reverse_4comp.asc
ncols 100
nrows 74
xllcorner 5.5967023331506844
yllcorner 50.982320383150686
cellsize 0.00019249369863007826
nodata_value 1.7014100000000001E+038
[rows 19 to 37 of 74, columns 0 to 43 of 100]
3.8493637321978067 3.8338026942643717 3.813544247724149 3.7888168113966345 3.760524810797684 3.730433519397219 3.7013414006811596 3.6769554578603705 3.661367449416591 3.6582866727024523 3.6702270732694173 3.6978079941660567 3.7393092803225993 3.790602288178003 3.845563827733931 3.8971332077962244 3.939139333979333 3.9681460519113023 3.983499277949163 3.9860322735739557 3.978432690515451 3.9666937127298447 3.959934401260766 3.968860534986274 4.0041832091712415 4.075139830214919 4.187735178774428 4.3425722583476025 4.532679838584976 4.742348771584109 4.948242955155776 5.123359088025052 5.242823458063102 5.289267548253407 5.255902923440241 5.146999819597656 4.976550816623634 4.765638027566697 4.538377367264321 4.316812835903532 4.116481244968104 3.9445744293616998 3.801222230548859 3.6828687393839266
3.8980880722149003 3.8850835414643923 3.8623636057184663 3.829239206769513 3.7866358550332277 3.737527829284911 3.687046577234808 3.6418726589866766 3.6090362176839856 3.5945622992052337 3.6022789468217735 3.6329519904709744 3.6838482169396864 3.748814765327238 3.8189742394519666 3.8842033196235795 3.9355388532795486 3.9676681853537565 3.97933780205379 3.972021643097945 3.9500024553169406 3.9211439521849014 3.895903357306043 3.8853102030069566 3.8992488752316365 3.9451275234500924 4.026584838370761 4.142119539781523 4.2839362073387965 4.437688996716356 4.583893635903582 4.70126502377192 4.771240638279557 4.782186821350874 4.731893242702861 4.627741864891326 4.48474587599932 4.322125249098041 4.159194653704492 4.011476022706549 3.8881984263404057 3.791996023981756 3.720621577676491 3.6697157884590483
3.9420392063113945 3.929192202765285 3.9007411522508626 3.855038217566547 3.793127124096049 3.719534341501591 3.642259868249219 3.5714744184354323 3.517504954101422 3.4888926494136094 3.4908932054530557 3.5245123582688187 3.586084080574766 3.6674367438372255 3.7567792788936774 3.840524251633949 3.906250253328186 3.945993721129949 3.9573348707672 3.942207861552071 3.9066650931919593 3.860823546013211 3.8169447559952228 3.786887566172561 3.7802159614068507 3.8029529668683297 3.856671846352442 3.937823482140601 4.037499199605535 4.1420554860915555 4.234987192279527 4.3000100249823054 4.32466809192 4.303350760330474 4.238687639868608 4.140806864077604 4.024691446779145 3.906577122144237 3.8005169093222686 3.715948252212288 3.6567961614684985 3.622199572604628 3.608351725592435 3.6106462876700234
3.9758740767228025 3.9601982335196553 3.922521684330792 3.860278473352391 3.774783432103805 3.6725187273498374 3.5648349782530486 3.4656776152749624 3.3886957568677283 3.344811340631219 3.34055974024986 3.377146316401604 3.4500643070075396 3.549264366090626 3.6601028256392754 3.7654089170204017 3.8489259955225252 3.8994238057331954 3.912791915014877 3.891340519153652 3.843158330916726 3.7809918036919825 3.7193484942012938 3.671440777908093 3.6470762354147803 3.6514247345068926 3.684401274520801 3.740565517233827 3.809663752666781 3.8780565149833586 3.9311282934307337 3.9563653650234536 3.9463360857700844 3.900624136796221 3.825988305200169 3.7345719592135103 3.6407302231121776 3.5576445980675655 3.4948149241706696 3.456927516980384 3.444129064244933 3.453374939277571 3.480206739514028 3.5202986187896994
3.9947096413108847 3.973171822478884 3.923263972421561 3.841596503263479 3.7299787217647142 3.5972546638154976 3.458370214279613 3.33093792925791 3.231564777993421 3.173102081931923 3.1630103858527705 3.2025776868650846 3.2866031311036767 3.4034675463839226 3.5359763271897195 3.6635475376878404 3.766069212809363 3.828771050742383 3.845499510060418 3.8188631698910145 3.759150154791639 3.6819720014122455 3.6044195968570136 3.5415113777753895 3.503817853189402 3.496186097068912 3.5173276058890646 3.560148704006152 3.612902389225122 3.661294155189937 3.691430220491243 3.6930482173256904 3.6621163563506336 3.60190524218986 3.5220706522536678 3.435976118536204 3.3572006401034686 3.296514052331647 3.2602054830279212 3.2499268940974497 3.263749122095214 3.297843987908014 3.348070248980975 3.4109310456173456
3.994767042477227 3.964959494727629 3.901072168498591 3.7990514494366736 3.6615143592849018 3.4998898412865187 3.3324999215493056 3.1800665320751884 3.061470505947522 2.990848606451561 2.976147454475284 3.0186155351043444 3.1125634714878343 3.2452411510518004 3.397410200973695 3.5455075925477204 3.6658733997314243 3.7403434348410083 3.7606820661666283 3.729710958233807 3.659865595523226 3.5696463470674775 3.4788865949546897 3.4046875695062115 3.3587518817211977 3.3460459842835917 3.3645201088417203 3.405717634187977 3.4563397424909894 3.5008658980999052 3.524995097447862 3.5191422370079737 3.4808982203206247 3.4155411627967003 3.334341836164602 3.251256266823712 3.1792632615707235 3.1276618042570883 3.101007798209125 3.099617669516335 3.121110819161825 3.162205161184106 3.2199919038051408 3.292296389024553
3.9738768113115963 3.9346064061945825 3.856878206038856 3.736251427195616 3.576417387757506 3.39114029705614 3.201354736651113 3.0299936591850747 2.897379029262677 2.8182844138243017 2.800769679313939 2.8459796565996878 2.9479642040516234 3.0933089973694687 3.261341731503538 3.4261497679543265 3.5611097425075706 3.645168338364991 3.6682959631656464 3.6335033939419565 3.555159479453529 3.454454135657978 3.3538670766244802 3.2725962836478386 3.223626783248177 3.2123437318543684 3.236321784489143 3.286057696998061 3.3467355326960955 3.4011742276358996 3.4336886872385426 3.4339433648210975 3.399515306454464 3.3361724020710644 3.2557301714589295 3.1723534957761506 3.098788642070158 3.0438533664538046 3.01174243064657 3.002935530572935 3.015988945999801 3.049254412493202 3.1017420466229675 3.172897452631303
3.931697095994007 3.8833264842914628 3.7941513229592263 3.659670793705786 3.4845587967972227 3.284073417932335 3.080608970484963 2.89825934734992 2.7579915478038832 2.6747339788212554 2.6564661593244785 2.70425332840351 2.812082905037758 2.9662558619157275 3.145241456251656 3.3215114047608054 3.466287085854843 3.5564097965650685 3.5806098263193724 3.5421893538686895 3.4571721878697494 3.3490259028666705 3.2424903880627984 3.1585921558596226 3.111523577670201 3.1072318447374943 3.143217858107087 3.2092413975829714 3.289080302578857 3.363617091543754 3.4150361669122864 3.4311073973971173 3.408072408155373 3.350995008450523 3.271468215296473 3.1837171252520884 3.1007351106751733 3.031812650393978 2.981989404215415 2.9531333621190874 2.945765280939881 2.960558586119659 2.998761068010413 3.061456979261578
3.869755247701212 3.8142608573549746 3.718235683123531 3.5772755326001096 3.3964385635994834 3.191240612939878 2.984227838194896 2.79960796706272 2.658353388933279 2.575304340335648 2.558366059027952 2.6086227602697134 2.7201329266682435 2.879144296711977 3.063717488023365 3.245442884306679 3.394340584546866 3.486141959211432 3.5090959153857093 3.4670328481811334 3.3773304171198135 3.2651379017871185 3.1568219445806256 3.074743690701716 3.034047440540911 3.0412454929545323 3.093963775025465 3.1814832731331295 3.286315337571757 3.387266455074405 3.4638967663779585 3.5012887295777992 3.493433946575037 3.4439024867849937 3.3636384395865844 3.2670032254059165 3.167794424966993 3.07665859123572 3.0004722018906067 2.943355921930458 2.908347769065753 2.8986364919250653 2.9176268277533586 2.9678134024313554
3.791407203375759 3.7321053719818984 3.635383136613647 3.4968080981998306 3.320920997253596 3.1221785111186353 2.921995122813479 2.7437358054702905 2.6079039961925887 2.529189550291542 2.515553823137372 2.568226300434926 2.681400514897244 2.8413713271912044 3.026114690155376 3.2070287267064144 3.353951634581103 3.4426302135715168 3.461725499993911 3.4159141255539454 3.3235885945290367 3.210860092854157 3.1049534079624235 3.0289475122076635 2.9985683208536185 3.0207795681930056 3.093411095329931 3.2054240595395203 3.3381727796913165 3.4683384615362307 3.5726023484770026 3.6329407357795134 3.640632781102999 3.5974133216945896 3.5135130013091613 3.4037172736538763 3.2832158199642985 3.164747209876531 3.057703209341321 2.9688695221850367 2.9038339206808197 2.86801290898755 2.86654889163142 2.9029588854572066
3.701656005228901 3.6425635705938215 3.5517202872426594 3.424386339294736 3.263717706459797 3.0819695109103553 2.8983002828491524 2.734395860161607 2.6098952697917017 2.539309379460926 2.5307819614303573 2.5857832472791236 2.698656874762076 2.8557873585761855 3.035338426709711 3.209178235299243 3.3479896497158657 3.4286946936505456 3.441289533080076 3.3915785564361394 3.2985624955718698 3.188584325540943 3.0889683087176567 3.022870870757078 3.006168776763855 3.0460677499978313 3.1405545503951005 3.2783036361223648 3.439553821479885 3.5988684218017144 3.7300199822037126 3.811842210331106 3.8329062106028684 3.793215716024069 3.7025501753620675 3.576544907680792 3.4322901444139755 3.285073634890116 3.1470606730204804 3.0276429037066 2.934559098072202 2.8748266084081835 2.8546709443623146 2.878107765788405
3.606875385235622 3.5518618654088394 3.4726508705833323 3.3639680819114663 3.2270042860944113 3.071025368740114 2.912083420844211 2.769475017116822 2.6615523006988595 2.602499224855837 2.6006390826228283 2.6576957499652485 2.7681593006304537 2.918577109146718 3.0876168821682506 3.2482923062779534 3.3731231584023047 3.441302808320964 3.444950330190259 3.3910870985204835 3.2988975720430003 3.194371589880496 3.104279290813881 3.0512431914895504 3.0508396835179132 3.1102393879523893 3.2274342958409377 3.390738899478756 3.579263511537081 3.7655179651956563 3.920553361800601 4.020400883764419 4.051377039543617 4.012240829150705 3.9127882914265175 3.769909254915145 3.6028569015974328 3.4295099881083257 3.264590801938763 3.119638342151233 3.0039033834616924 2.925261057621947 2.890254498098116 2.902732922453801
3.5145737703409536 3.4665886935878936 3.402934605307169 3.3177564331005036 3.2101003025083825 3.085914229790742 2.9576571649705405 2.8416829349242936 2.7545682038472608 2.709824562945585 2.715750656787122 2.774224398463828 2.879884435826237 3.019606929760823 3.1729808315791077 3.314864985926492 3.420532132619427 3.4723507679697843 3.4649859277173345 3.406539453539459 3.3161092731976547 3.2189393485543865 3.1406853768391465 3.102893943613494 3.1204237145475036 3.2001067618077785 3.3397243162505355 3.5271074874933244 3.740239989159877 3.949748993780412 4.124360768466989 4.237966298981483 4.275459975191747 4.235118320000274 4.127256999019503 3.9702047564031444 3.785232427370508 3.592358854464449 3.4081955561089305 3.245681741513916 3.1148640181582143 3.023790090798718 2.978607109100596 2.982365701109165
3.4331843579295294 3.3937835301422616 3.347218223977037 3.2872025968285805 3.2108473605502073 3.1209242832093813 3.026227613821162 2.939845436662287 2.8760922996332314 2.8473053807475073 2.8613679624857413 2.920105458324229 3.0183215425843724 3.1434841486211904 3.2766049467827774 3.3950759621102016 3.47768779212628 3.5104791390227352 3.490611223113338 3.4271348597260403 3.338974421908789 3.2502820718454957 3.1851375392680494 3.1636184910352765 3.1995408604577635 3.2991066712545245 3.459641915761892 3.668368205079558 3.9022327347934547 4.130343347695606 4.319728996166244 4.443023260299399 4.48476009540916 4.443649748929672 4.330934706744439 4.166199928160081 3.9720895146235295 3.769829260754036 3.5768887946007766 3.4066694137193494 3.2692789504059725 3.172373707940352 3.121236429819494 3.1178400099635883
3.3717218131541027 3.3409692170992806 3.3105625693832583 3.2740686987880387 3.227158903895127 3.1699632633915407 3.10795099692263 3.050937227172181 3.0106334997160467 2.9976890076434914 3.0190967594148037 3.0763609718932234 3.164470868897206 3.271789979121395 3.3812613633610935 3.4734072632153628 3.5309751809248655 3.543604320324202 3.5107059155289386 3.442277123075542 3.3568964687534475 3.277270817846784 3.225626802140836 3.220367160516228 3.274047401133895 3.3919848931412755 3.5708085927410713 3.7970245532702873 4.046736897231736 4.288129260330715 4.487445467039421 4.617106757771806 4.662379929083741 4.6233265803258785 4.5123890675950795 4.349855107256521 4.158620809038437 3.959782281425854 3.7703807407378864 3.6032226669194105 3.46773278564244 3.370742166505193 3.3165452467074164 3.306243989428511
3.3391724660161333 3.3158513150176936 3.298550925628111 3.281025978034994 3.258160368729239 3.228243198856888 3.1941055604841853 3.162637732792981 3.142887545581398 3.1434634673420088 3.170051159339026 3.2235694699807222 3.299199475875407 3.38646769127364 3.4706671788310968 3.5358047273598934 3.568530086710559 3.561693545071707 3.516795519351447 3.4446205739854907 3.363040161942288 3.2930652123538295 3.2549716267889655 3.2654136028089225 3.3355525721877126 3.469613825281078 3.6633140912819653 3.9023706045646667 4.162314740207885 4.411173746454275 4.615591950065897 4.749011336917592 4.79843539728097 4.76599668692749 4.665474674562343 4.517112954690545 4.3426415289301525 4.161415925903727 3.9885971311100965 3.835266009826608 3.7094021021660115 3.616659257840486 3.5604876227939313 3.5417252455312442
3.3435971667238134 3.325568962600474 3.3167569760170394 3.3114433223082433 3.304436161449522 3.293129311407813 3.278645128185854 3.2656100321069053 3.260668417678627 3.2702963133661904 3.298616918661949 3.3457609381504994 3.407085299891107 3.473451081273208 3.5327165822502495 3.5723516380172593 3.5825317288630107 3.558978121858572 3.505024809937269 3.4317870768677263 3.356045044617293 3.29696767735889 3.2728572955470514 3.2986023595104053 3.3838851656674462 3.5316688225582515 3.736570694765387 3.9834767630687877 4.2476628129621075 4.497845299235444 4.702403509452626 4.83720535152166 4.891915898443158 4.8710988202363374 4.7897867849735665 4.667475804131181 4.52337738269915 4.373491414347401 4.229650589830176 4.100080831959296 3.9904370001111653 3.9046647458445585 3.845560538237489 3.8146732967991204
3.3909788604710096 3.375504694262097 3.3695495916049896 3.368279342609077 3.367169243531299 3.3637310447804394 3.358435721798278 3.3545020088229993 3.356670332486552 3.3694253382115438 3.395244513379763 3.4333443638511913 3.47921293239103 3.525077295970046 3.5613209939934727 3.57861464894123 3.570301146432698 3.534646734043218 3.4763143782017525 3.4061941639777467 3.339640798626332 3.2938473439866 3.2851093286410302 3.326530380386651 3.4262358694233455 3.585766589697604 3.798463289432811 4.0483519209907115 4.310787851302693 4.55602593217291 4.755502052272457 4.8889384670539116 4.9495262353198 4.9442126729046905 4.888677670938223 4.800821939553468 4.696290696324561 4.586819952041843 4.480644414671028 4.383058201229157 4.296123215638502 4.2199185579767695 4.155954008916643 4.108079867798818
3.483790674553955 3.4676713491050233 3.458318596937597 3.452216328777739 3.44630901344669 3.4392718445233825 3.4320012441700363 3.427199013883671 3.428270144910949 3.4379434909477293 3.4570522268779555 3.4838062469005933 3.5137357136607656 3.540346599823908 3.556388504291055 3.555485486348535 3.533859379972737 3.4918890769658892 3.434982084334856 3.3733078648311197 3.3204832571867597 3.291553309029987 3.3007215363325577 3.3592400992022715 3.473562609267258 3.6436230688977256 3.8612980455870383 4.1097277793398925 4.364684456207488 4.59876550471743 4.787639976520119 4.916122672160835 4.98163503794389 4.9929932538006705 4.96461354877679 4.909805562140471 4.837470401436398 4.754805150164844 4.673484120672786 4.606825790370532 4.554353598264351 4.501716044579144 4.442310129162506 4.383277339195571
