_RESULTS/REVERSE_NEW/MHZ/GZ/4comp/MHZ_GZ_z_1000_kriged_reverse_4comp_test.asc
ncols 100
nrows 74
xllcorner 5.5967023331506844
yllcorner 50.982320383150686
cellsize 0.00019249369863007826
nodata_value 1.7014100000000001E+038
[rows 40 to 59 of 74, columns 0 to 43 of 100]
6.45825548374292 6.426657664256741 6.392367297855346 6.35559985587644 6.316180486136831 6.2732282110028335 6.223383002695892 6.159796694184403 6.073003952606094 5.953622796801052 5.7961365487469 5.602360138618181 5.382937501399213 5.155903050398617 4.942746771785051 4.763600900738555 4.6333247321701725 4.559493219810217 4.542374464233491 4.576491227496041 4.653223479998139 4.76378527015607 4.901742438216304 5.064286347786942 5.25191359514748 5.4667817895128765 5.710458445681628 5.981896910130028 6.276322949231507 6.585355889840547 6.898103877936657 7.202071135339813 7.480997395111139 7.702859816347973 7.782413102841542 7.504812099846761 6.5572665055180615 5.078125762810944 3.884256826218014 3.483066222045178 3.9096764898456393 4.97499415593924 6.00306034310737 6.410099717554109
6.561000809057672 6.504098848116289 6.436589145327734 6.361417502581573 6.283144982822848 6.205388356300947 6.126865327378182 6.039810479600996 5.931550841764767 5.788705906118386 5.602812145878917 5.37530632974395 5.119504350176101 4.858340800276702 4.618793153657277 4.425545840427486 4.296321970618753 4.239812842556651 4.2557416427193635 4.336238563842596 4.4680991389814535 4.635810259936159 4.8249903430922805 5.025376523725494 5.232352352677141 5.446539474147693 5.671820406220664 5.912730203693304 6.172178249139599 6.450068075340289 6.742784965490429 7.0425651694351155 7.333881879001404 7.5795864945356906 7.678650210049639 7.3841794717200395 6.3855739602012695 4.956054025592732 3.969120164465356 3.8557742132225354 4.593174461752385 5.742688983291716 6.467357619440972 6.599168309799182
6.607425288536694 6.51609916788785 6.4058267467655705 6.284366373353851 6.1632950042822845 6.051477603454729 5.949362998820081 5.847603005877931 5.729623575706011 5.577344337550995 5.378619706620249 5.133718255752939 4.857747486400329 4.577532866819043 4.3244369982983155 4.126677368045551 4.004179105899178 3.9666901042257563 4.014031678807624 4.13718283095014 4.319875776720408 4.541232933326476 4.779798431472098 5.018223760339943 5.2469042019096435 5.465043231465384 5.6788797359113445 5.898122350473976 6.132123560971568 6.386954702587746 6.663675380077096 6.956944484266627 7.251864475588363 7.514799788827997 7.670065685361122 7.568455494781149 7.06415390693598 6.343318644640197 5.942877816500563 6.136009862713733 6.613183024474988 6.844957514037329 6.75034012417316 6.5715296411097635
6.581215783469012 6.444207564927326 6.281323707025771 6.108991998522581 5.946831167333818 5.807898163563172 5.69314329064081 5.5908153678842165 5.479874668918656 5.336958338258742 5.145442714164595 4.903362439945721 4.6263643870968885 4.343907213943461 4.090688439809644 3.897787548156897 3.7871216771225957 3.7697439763515486 3.8462387348770317 4.00745206627779 4.235303184987417 4.504823068195907 4.78855580594835 5.062843167744088 5.313609539161807 5.538923987915172 5.747296306408922 5.95290982578417 6.170100390969215 6.408938556068397 6.672464501840855 6.955031589595745 7.240831042078103 7.501629129293856 7.694442402737348 7.769305615978701 7.711136166429233 7.589067704879238 7.479522619165345 7.333294950850269 7.07222112018169 6.736623741480906 6.430235612094422 6.238005442517467
6.472132133967973 6.278745231485471 6.058589990171484 5.838200868298386 5.643211743445569 5.488778977999653 5.375259629320399 5.288146591586066 5.201912173951396 5.087802428154353 4.924176308797092 4.705743263758393 4.447231358433843 4.1793127770903515 3.9390356668642235 3.759965123769414 3.6661468102191273 3.6703606024576736 3.7744787733796104 3.96980079361109 4.237142465504374 4.548337954698887 4.870994253963105 5.176268468919419 5.446618393655271 5.679616337356509 5.8860670735059415 6.08389799984802 6.290924288274405 6.518942178360314 6.7700645877940415 7.035258672240166 7.2947468115485234 7.520278906976138 7.680502395392338 7.749826174146852 7.713945327743367 7.563643277283625 7.293565798517363 6.9243374620518505 6.513522614935435 6.1354135416576545 5.857163628889587 5.727193772799003
6.281724601527196 6.029167842718165 5.756754472197864 5.498347728024523 5.282683885905063 5.125497634274765 5.0260739731808055 4.967392445025486 4.920076300952169 4.850554528951304 4.732191689329031 4.555590214472817 4.3331501645242625 4.095255151976336 3.880265735389742 3.72389587815433 3.652523325300483 3.681037055914407 3.812867259915708 4.039865339809558 4.341851056190771 4.687873867766701 5.041531554783112 5.370183607319313 5.654303306511336 5.892038059255543 6.096766595446186 6.2895063573228525 6.489978133045041 6.70938215379214 6.946272343614616 7.1856860195327386 7.401342978233731 7.561293547031249 7.63597428936835 7.602067484160918 7.440834921018944 7.146118296188485 6.741047094660671 6.280218442073999 5.834109897916788 5.469624760856076 5.237198250353304 5.167434400026823
6.0330424586077545 5.7288416837885565 5.416283201071697 5.1330859992324225 4.909082567088881 4.759691570653166 4.68308970247705 4.660428223209443 4.659653658106898 4.643635561323488 4.581525293801595 4.459685656324654 4.287156634972137 4.092591261906579 3.914449517576299 3.789980679012029 3.747806298605526 3.8050032104150957 3.96646655508939 4.224246698268272 4.556789724371241 4.930406558070242 5.30552818697126 5.6473260443143225 5.9361511533758 6.172128427591661 6.37164485911603 6.558145749966993 6.751733679268631 6.961101982781748 7.179272136322677 7.383412373941771 7.539954399746186 7.61627775283287 7.589124688457476 7.436743810385414 7.140720825501168 6.712568606329156 6.202724073646167 5.682823007148753 5.224045364966886 4.881979514089845 4.691185890658909 4.667493609343435
5.7662565297872606 5.424171745099479 5.086108563117838 4.791136929773248 4.568790178808412 4.4336787977320675 4.383131427187309 4.3973261974637605 4.442929761656746 4.480986920456686 4.477975489544363 4.416762056199255 4.302711629989159 4.16162332594263 4.030700230279308 3.9476385256692783 3.9426172354164404 4.034411617664563 4.228807000293075 4.517312688818607 4.8763571616042265 5.269469265107469 5.6548655971408905 5.9973676273070575 6.279251284089373 6.504038531937269 6.691439739729718 6.866643560827926 7.048919572370309 7.242952871787965 7.434099812297903 7.589332938587312 7.670815585636019 7.659608581699256 7.546557288479535 7.297645270601816 6.889452549158767 6.357606801388764 5.776387429207697 5.225045724287996 4.7690027872851735 4.451345020099714 4.293358917294393 4.299796612124307
5.52406090073046 5.160099742503884 4.810963367664871 4.515225858417163 4.301210018514723 4.182562651441834 4.156078151049778 4.201706468559501 4.286179216050213 4.370634057080851 4.420955869207142 4.418126076054691 4.3644515318067745 4.28238320456235 4.206600435219791 4.173734181956746 4.21412718875804 4.347037762137225 4.578006565079414 4.896959771262307 5.277646909717347 5.680991737289113 6.064257072638629 6.393923760572642 6.656108770411598 6.8587720302358575 7.024937122118841 7.180866715182543 7.3439886512567245 7.513171235992516 7.662388799526361 7.7456189777275055 7.734078316734793 7.652048915399867 7.500063692379981 7.198662810495065 6.7168813959915195 6.121227021476846 5.5039830118894635 4.94507562275314 4.502011334470462 4.207389967076565 4.072992625329824 4.095939840557335
5.340730566515535 4.970849630682118 4.6235127967514495 4.335534772908918 4.133517414399762 4.030026198301276 4.021449655927327 4.088077557693386 4.197911420986716 4.314021670870469 4.403960834621512 4.4490254409941015 4.449955269537101 4.426170343327058 4.408968771838348 4.4322843529157785 4.524711444348358 4.704137089668489 4.974237933295432 5.322160822740965 5.7185187211460065 6.122217939912987 6.491146698671551 6.795385396722624 7.026292329904425 7.196639981201611 7.33235807454824 7.460099864092107 7.594543567821065 7.7267913082642155 7.815913684428658 7.805418426064022 7.700019429497673 7.58697586565043 7.449426071057777 7.13977851475928 6.627550456235258 6.009943686122011 5.389462818456094 4.8427297939768374 4.4199626643014005 4.146499133334534 4.028223154787468 4.0573656952803185
5.237107045314666 4.875903293779399 4.541257030356374 4.267406528602549 4.078822439004317 3.9866834736368055 3.986917506432298 4.060635448906637 4.178167976079523 4.306109278195281 4.415782906472695 4.491156531154745 4.533405665959072 4.559934849457517 4.598407805081426 4.678715977965353 4.825729991918151 5.053865917716678 5.363145331507664 5.736830687949071 6.1422886700817285 6.5373613339627825 6.882177361339373 7.151871870972191 7.343614738456727 7.4746343142269485 7.573045389296189 7.665375955269828 7.763597594564484 7.852390796541912 7.881771367182773 7.799190204803966 7.646074150847294 7.53527971432703 7.416407274847795 7.112829152267997 6.606062263389494 6.004802404112609 5.4103111701686375 4.8932902770160425 4.49801950286772 4.2454693615886105 4.138445849384469 4.166412062201506
5.219553812454671 4.8795831217260535 4.566509028523453 4.311333542860598 4.135923394743325 4.0496784856931844 4.047994960029505 4.113236269489507 4.218940076372492 4.336519223195974 4.4428312053628085 4.526601626527348 4.591404503520415 4.653925389690856 4.7384673311969205 4.870109194904323 5.068480976626743 5.342755934484903 5.687819715264195 6.082333484367454 6.4906955718884785 6.870749392351971 7.186060124034599 7.4173950506401685 7.567397519059911 7.656857120609346 7.715282902392752 7.769073847175655 7.829472750644218 7.881808764914125 7.883404254392078 7.7978621812925875 7.664301507049953 7.554562375639668 7.409335286739579 7.099538350490064 6.622708959942394 6.0694447376784275 5.526457431863309 5.0558732104605495 4.696766652154863 4.467530760568293 4.369755275549061 4.3918464844149065
5.281390998910304 4.972737412309877 4.688060841811191 4.454445793612966 4.29066252825285 4.204053149582208 4.18951992694681 4.23106643363437 4.306160743648732 4.392095051215231 4.472608804728797 4.542662815726621 4.609610329854416 4.690462169502559 4.806656018051777 4.978296647954177 5.219047234906489 5.531869741851864 5.905769996782671 6.314700670422795 6.720706078528027 7.0825444050414275 7.367703991230296 7.562203164924698 7.673121119204356 7.723681542603258 7.744080835613147 7.760882858506873 7.787049981886192 7.814990574960984 7.818259441790543 7.772685511589349 7.685081509256869 7.568200052542768 7.381195736430944 7.068859146541709 6.6414256032132775 6.159703105597634 5.688725924161245 5.27968892537274 4.96629491322627 4.764984821696 4.67713475888591 4.691497201951232
5.405839446769228 5.13571156428011 4.884117516723001 4.673529367894877 4.5191617410905005 4.426169770574803 4.389140384415691 4.394152781845356 4.4232975820444285 4.460616801658915 4.497566862328555 4.535981112479721 4.587462801834132 4.669769186710061 4.80186458540146 4.999145501077029 5.269380085488945 5.609299712360019 6.0021807914719565 6.41781321298949 6.816748980390861 7.1593429768372125 7.416903805280758 7.579696676936754 7.657853949287809 7.675851198011148 7.663847961111872 7.648476461047836 7.645002476532237 7.652976125106588 7.657809332045885 7.639495419382443 7.581595479585667 7.467618797936977 7.274992577051659 6.990885309648684 6.631302230483499 6.2356797367465795 5.849647906533933 5.512815145276936 5.253010022232521 5.084624727841875 5.009224814806677 5.016966212964091
5.569975296603161 5.342319805678521 5.126256785093437 4.939075407879616 4.7920464021264015 4.688097063956137 4.621794716101525 4.581837092394064 4.5556116172180285 4.534478447396792 4.517790876974175 4.513995361638331 4.538519619772745 4.609640810257533 4.743998725580318 4.952739725717463 5.23835671735634 5.592076644722818 5.992335897699098 6.405829599270694 6.792649655748647 7.115298230630093 7.348589559671996 7.485922087040706 7.539090703502768 7.532642778187602 7.495859955113272 7.454796465768493 7.42599861171407 7.413232866722232 7.4079111255379875 7.392703627715741 7.346456025468445 7.248912177135186 7.086244674085641 6.857435272903954 6.577175978094234 6.272351757556333 5.974658688491789 5.713380185010041 5.510441624788769 5.378015056155854 5.317996826534595 5.322589984480926
5.749306754940245 5.564602196462853 5.384203978715896 5.219975281530444 5.079043562949426 4.96215337467335 4.864185700130227 4.776956390243145 4.693568574959625 4.612726176936014 4.541124397186456 4.4928303185179415 4.486092164246956 4.539112887652717 4.66619873043427 4.8747481535579045 5.162832595977516 5.517274224905851 5.912961320663412 6.314852183697775 6.683707849216813 6.984715826070588 7.195960768387337 7.313101594369248 7.3484458655183955 7.325541757354087 7.2719396860612004 7.212319123341879 7.16331909205499 7.130845025691757 7.110060729115986 7.087779851468101 7.046698979886688 6.970675827154721 6.849820618188884 6.68384842153599 6.482588479176759 6.263698004329613 6.048649544004324 5.8583802924184365 5.709668282845997 5.612708541532785 5.569900983845255 5.575747461763568
5.922266147119264 5.7777701822493155 5.6309972279419345 5.488634930170658 5.353817239015352 5.225290558158421 5.098498521698878 4.968546034516099 4.834089569079495 4.700472707299286 4.580514663556428 4.492493079073807 4.456318671239341 4.4895214097063905 4.6040872135728925 4.8041749932592 5.084305457070351 5.428053639089844 5.808132175898189 6.189167835110434 6.533710699431647 6.810175561742877 6.9998248215515035 7.100020425755689 7.122790197602782 7.089877390850027 7.026426382262484 6.95512880439851 6.891935896741306 6.843887483496222 6.809183484149741 6.779252529893112 6.742200060254852 6.686691520188397 6.6052517203467564 6.496249056348277 6.364323329187335 6.219443780018363 6.075002170909012 5.945379818691551 5.843383195680122 5.777903068481314 5.752161191234951 5.762952713550105
6.073551464813738 5.964134139909005 5.847314649100201 5.725366740240926 5.597993398513644 5.462292250686561 5.314347342437268 5.152219458872537 4.979237554756235 4.80597555933849 4.649703547298111 4.531393668173299 4.471613489648277 4.486842225937678 4.586899116746608 4.773231312523783 5.037619250823979 5.361461490247764 5.716569571295753 6.068523137454613 6.382650310956222 6.631058702817101 6.798151596542572 6.8826566018527835 6.895865048744859 6.857255508615904 6.7891830904624095 6.712013919290924 6.640584757030756 6.582487931606089 6.5383064848488255 6.503424612004273 6.470605053501786 6.432467179205359 6.383323562730061 6.320272834188885 6.243730430155338 6.157572801401926 6.0688592369380725 5.986929396088906 5.921746507251116 5.881645224989439 5.87101978299773 5.888808482416227
6.195431518710095 6.114789713135383 6.0234543510422025 5.92040172670994 5.802783801477063 5.666527710831955 5.508276159697101 5.328281977886507 5.133112248661672 4.936703470507156 4.758906242525778 4.621952015911023 4.5462962215806115 4.547224682480666 4.63268220346821 4.801963773446984 5.04487997085673 5.341639417490282 5.664295675298262 5.980476281014659 6.259057667673695 6.476131637119321 6.619145763064246 6.68794435055723 6.692856049713619 6.650940289626065 6.581663554837077 6.502962960177686 6.42835433898366 6.3655681808987925 6.316850351987446 6.280464651756758 6.252539054566447 6.228527487646165 6.204044091952758 6.175330697206674 6.139817452892162 6.096989868831788 6.049278511240269 6.0023426961769 5.964204307413533 5.943132064704955 5.944792260801308 5.969900265646117
6.28693665706029 6.22877448610958 6.158468341527524 6.072919281737313 5.967728919958144 5.838185875301362 5.6813410307664975 5.498702245365078 5.298452346083165 5.0959245413500085 4.911718444200799 4.768026597413123 4.684576162895474 4.675426184272772 4.746996903808965 4.897019069965823 5.114116032897778 5.378269113849988 5.662814559660517 5.938321258086165 6.177724990264152 6.361163418829964 6.478902409289325 6.531649860494514 6.528662227843196 6.484623289699318 6.41621561876725 6.3390029786465085 6.265100289368865 6.2020797071573455 6.153218006915517 6.118616145871028 6.096479610034041 6.083987931657516 6.077578617745883 6.073026719058864 6.065958041988282 6.053092714900844 6.033840319872173 6.011377632621471 5.992378902709971 5.9850595532471855 5.99596029231736 6.026995925314658
