_RESULTS/CROSS_VALIDATION_POSTPROCESSED_80-20/MHZ/GZ/9comp/4/MHZ_GZ_z_0_kriged_reverse_9comp_spherical_4.asc
ncols 100
nrows 74
xllcorner 5.5967023332191781
yllcorner 50.982320383219182
cellsize 0.00019249356164376555
nodata_value 1.7014100000000001E+038
[rows 0 to 17 of 74, columns 41 to 81 of 100]
0.0019081055646547312 0.0015993776616822033 0.0013209088703094367 0.0010870159685596422 0.0009016241781872263 0.0007623835463073192 0.0006642081985450686 0.0006017330971743667 0.0005707578341780068 0.0005689698981810315 0.000596231129853063 0.0006545926189128628 0.0007480480244350263 0.0008818783338876991 0.0010613150998010255 0.0012892210329886915 0.0015626733560310253 0.001868862969902714 0.0021815937179193766 0.0024605624578208137 0.0026558078758855837 0.0027192783194545924 0.0027192783194545924 0.0027192783194545924 0.0027192783194545924 0.0027192783194545924 0.0027192783194545924 0.0027192783194545924 0.0027192783194545924 0.0027192783194545924 0.0027192783194545924 0.0027192783194545924 0.0027192783194545924 0.0027192783194545924 0.0027192783194545924 0.0027192783194545924 0.0027192783194545924 0.0027192783194545924 0.0027192783194545924 0.0027192783194545924 0.0027192783194545924
0.0015645948637737594 0.0012472512230375038 0.0009799652599850103 0.0007682770666408462 0.0006088514279472595 0.0004942552147829423 0.000416318994039179 0.0003680547184953554 0.0003445334855020088 0.000343184360214918 0.00036385651755108084 0.00040882097173197164 0.000482722105570701 0.0005923236671374103 0.0007457266966653876 0.0009506070844037205 0.0012110456196237763 0.001522897713150193 0.0018685399113624209 0.0022131226168078896 0.0025054798261173288 0.0026864433864134127 0.0027192783194545924 0.0027192783194545924 0.0027192783194545924 0.0027192783194545924 0.0027192783194545924 0.0027192783194545924 0.0027192783194545924 0.0027198106245568754 0.0027277871750141175 0.0027408220380922194 0.002753931916104805 0.00276333672348427 0.002766667030708573 0.0027631293063214543 0.0027535671981185968 0.0027403964809946638 0.0027274374276281574 0.0027197073381834357 0.0027192783194545924
0.0012738166528438667 0.0009492227403206447 0.0007067662061870779 0.000526072402524419 0.000396564584679128 0.00030748026828049277 0.00024910812394577774 0.0002139836183037185 0.00019717945505948067 0.0001962221861295895 0.00021096866593422987 0.0002435972154005195 0.00029872211178581494 0.0003834961236186909 0.0005073916510723667 0.0006811522558800274 0.0009142753005975833 0.0012105389867393312 0.001561816726471516 0.0019418648813714506 0.002303481547417747 0.0025831274969568187 0.002715225007749382 0.0027192783194545924 0.0027192783194545924 0.0027192783194545924 0.0027192783194545924 0.0027223870589678837 0.002743903215325785 0.0027791745929963444 0.002820692855368448 0.002861519131105892 0.0028955537313477306 0.002917961185499965 0.002925622881348016 0.002917479805133857 0.0028946576112808256 0.002860333827500659 0.002819389856859049 0.002777957095384812 0.0027429949081360346
0.0010728361813691174 0.0007364711563988409 0.0005053515694855642 0.00035338940265189367 0.00025213600210210004 0.00018555508355797123 0.0001436097512241112 0.0001191442605270078 0.00010767641690612478 0.00010702812308678398 0.00011707482066656869 0.00013972969028555607 0.00017916872659958375 0.00024219658543584092 0.0003384971542786455 0.0004802823645834431 0.0006806016961740998 0.0009495011296863599 0.0012876843991448243 0.0016786882723741374 0.002082722166218375 0.002437085811071056 0.002667411113141215 0.0027192783194545924 0.0027192783194545924 0.0027194161498449334 0.002739792252522468 0.0027885344264047727 0.002857026858360145 0.0029366366980637317 0.0030185379757149923 0.0030939332896318832 0.0031546335758128414 0.0031938783505012685 0.0032071933579869687 0.0031930401374591585 0.003153053643581568 0.003091789961078106 0.0030160668274575564 0.0029341035045037087 0.002854705298106518
0.0009411196785743127 0.000594839817732898 0.0003740214565124804 0.00023895328661336938 0.00015875412254925407 0.00011006215764407873 8.06460912544918e-05 6.406710676515976e-05 5.6473098924319155e-05 5.604754318686667e-05 6.268773117267935e-05 7.79852890651879e-05 0.0001055124996600951 0.0001513525433027697 0.00022468733412683568 0.00033802504999796176 0.0005063238335568395 0.0007440051704080648 0.0010590227020091702 0.0014442704865156376 0.0018688980746494096 0.002274711238309746 0.00258352112500307 0.002717703775138905 0.0027219765772755374 0.002759560374964644 0.0028346486015094693 0.0029388918231209996 0.0030634626357956703 0.003198440537209565 0.0033326717372856906 0.0034541976663311335 0.0035512719441284347 0.0036138226332390025 0.0036350200300197958 0.0036124878457009374 0.0035487509480779883 0.003450760066767159 0.003328662726820137 0.0031942320661921143 0.003059414179424618
0.0008652359469801398 0.0005040994921432603 0.0002904425322178893 0.0001690371671757843 0.00010182905669584293 6.526680819374673e-05 4.474726042720884e-05 3.3610396983279154e-05 2.8640557554378755e-05 2.8364847557094357e-05 3.270093392363315e-05 4.293616285426219e-05 6.203946071515891e-05 9.527634807573317e-05 0.00015100881469608528 0.00024134886324070893 0.00038197350811784426 0.0005900089189844358 0.0008788008347199801 0.0012492024458096536 0.0016792254041307262 0.0021170653581493695 0.0024844436732409532 0.002698542382339177 0.002770728518206953 0.002866828751452553 0.0030042268218038464 0.003175293152199766 0.0033706842964659404 0.003578479425743412 0.0037839096890315963 0.003969957724169718 0.004118996216231961 0.004215324618674143 0.004248029279166752 0.004213266293035189 0.004115119127998871 0.003964688452691998 0.0037777773261660303 0.0035720285363864818 0.0033644092312726946
0.0008386606927540236 0.0004519569079532616 0.00023926260859623215 0.00012698161441530677 6.91722389876291e-05 3.982330818918082e-05 2.5038301220985773e-05 1.744495301026191e-05 1.4151200487179817e-05 1.3970475633484563e-05 1.6837319842304797e-05 2.3785943588364972e-05 3.727082931081298e-05 6.181472383427209e-05 0.00010492320620327742 0.0001780214192073952 0.0002967957406299143 0.0004798346905776801 0.0007441659878156987 0.0010968061983947872 0.0015234703918612816 0.0019790472529156384 0.002388808376923026 0.00270427028949756 0.0028752293290593245 0.00303711595192431 0.0032486612797877736 0.0035032877199796942 0.003791167930505025 0.004097760731267476 0.004403061677829655 0.004682196226120878 0.004907892624563802 0.005054829575405425 0.005104912831733522 0.005051680861821046 0.004901996411563119 0.004674251908198422 0.0043939067185224355 0.004088215337528449 0.0037819287108558967
0.00086130393580004 0.00043209962875892337 0.00021157840681643346 0.00010299767686988813 5.0901157383577056e-05 2.6214847118334142e-05 1.4604743133210554e-05 9.171636768897748e-06 6.876819879922087e-06 6.751943373852344e-06 8.7455174620069e-06 1.368980317186776e-05 2.364626044045713e-05 4.2557018643220105e-05 7.720435703554731e-05 0.0001383175981920585 0.000241279449148385 0.0004053469531546973 0.0006498609664034504 0.0009861972417335467 0.0014060345171360861 0.001870085671895113 0.002333441978097345 0.002749367367415791 0.003029534860848494 0.0032675093869920374 0.0035692524147493553 0.003930238709589375 0.004340832318076759 0.0047836352217001795 0.005231543823839649 0.005647777437207589 0.0059892788863602844 0.006214068676902613 0.006291139325002064 0.006209230988835607 0.005980299507911763 0.005635838771499013 0.005218003546325534 0.004769748154991247 0.004327585598292226
0.0009399531594892061 0.0004432886215848755 0.00020305773732172167 9.18174331396922e-05 4.168598594302855e-05 1.9382623620405988e-05 9.488987245896168e-06 5.1365626595794115e-06 3.3444433439472678e-06 3.2451288723595123e-06 4.805904395684807e-06 8.65605118137836e-06 1.6596469664184153e-05 3.2191704903771825e-05 6.172129308870801e-05 0.00011538119448512463 0.00020821579638850013 0.0003597233431318731 0.0005903648771299257 0.0009139285950039433 0.0013272272102721433 0.0018040896134273359 0.0023281196064778484 0.002835433317668026 0.0032273450763605927 0.0035543090218540744 0.0039661573976000845 0.004462710964326876 0.0050363999907302535 0.005667784770187909 0.0063210406279190605 0.006941960477701657 0.007461755252761129 0.007809146176428318 0.007929226895940228 0.007801625484410142 0.007447965734578691 0.006923959694231775 0.006301069355338591 0.005647770413130824 0.005017721900244639
0.0010780741811432589 0.0004892719125657838 0.0002130879068985263 9.129141916077632e-05 3.901693270355007e-05 1.6866134853395036e-05 7.483254453457129e-06 3.4756109284258874e-06 1.7579432866556709e-06 1.6419889103752095e-06 3.1748302287435247e-06 6.585016204376131e-06 1.3627669679133079e-05 2.770631861251862e-05 5.470329108018558e-05 0.00010302489944124527 0.00018498725740923497 0.00031691605235235963 0.0005176040787687702 0.0008037860035204457 0.001181319894223831 0.0016626065678832767 0.002247081612468563 0.0028755512563911688 0.003428510105919776 0.0038908787611898602 0.004435459198132852 0.005102563458361777 0.005890637902585608 0.006781373785239966 0.00773024504439333 0.008659111693830214 0.00945782770811237 0.01000278842515557 0.010193298856271096 0.009990893582808073 0.009436382795415798 0.008631801958652372 0.007700811915413569 0.006752747352479487 0.005864668375522432
0.0011959553495377948 0.0005485522612713757 0.0002409962561314572 0.0001018531350376214 4.237690273322972e-05 1.79079935179184e-05 7.810974583688072e-06 3.5793661998912158e-06 1.8212922271306062e-06 1.7105217138633124e-06 3.279293837625305e-06 6.763254340271286e-06 1.3817386965614002e-05 2.6952582783180213e-05 5.024263273447412e-05 9.00417238583571e-05 0.00015563506013119922 0.00025906280041198014 0.0004152500297599497 0.0006395930327036524 0.000946672152689708 0.0013715254770070074 0.0019295677036545364 0.002597599688876331 0.003290045589894314 0.004001787863496825 0.00487107595167763 0.005840862584924574 0.006904287101763012 0.008144941650354409 0.009514946059441028 0.010906182107030784 0.012142476308447978 0.013008881476197012 0.01331639524020925 0.012989777093181045 0.01210879258343268 0.010864595177835773 0.009471670047020632 0.008104399618394938 0.006868750276875632
0.0012604311420196957 0.000595401061496455 0.00027248519331580877 0.00012208630690877708 5.3945584784430765e-05 2.3811995046374056e-05 1.1091293600138626e-05 5.745224336685111e-06 3.7319187215603418e-06 3.65084841813998e-06 5.382665788407269e-06 9.321181134071571e-06 1.6433755019498162e-05 2.843204000624635e-05 4.78623994108757e-05 7.848150556807724e-05 0.00012589179549331046 0.00019851054516817148 0.0003077881666822862 0.00046487999488306907 0.0006897618912891139 0.0010194504059070704 0.0014819691795548082 0.0020860449665701737 0.002792529396001356 0.0036450270441483017 0.004801925397322345 0.006275655493547594 0.00798418259088164 0.009733798106894615 0.011660859779650557 0.01370570673541012 0.015611723306410754 0.01700345029455785 0.017509501382066774 0.01697227074491306 0.015558666309810433 0.013643216741539115 0.011598874873565639 0.009678009184034074 0.00800450499779304
0.0012556479758366714 0.000624648777382309 0.00030945049392608006 0.00015299065713092643 7.571278786664676e-05 3.783732104832201e-05 1.961329382407902e-05 1.1583808166280693e-05 8.592772186477158e-06 8.516449526252293e-06 1.0485456732520774e-05 1.4650177486454424e-05 2.155800074984298e-05 3.2067367625458046e-05 4.7432809911709024e-05 6.951386232920741e-05 0.00010115656638144777 0.00014678534929664716 0.0002132369820336416 0.0003108173842850644 0.0004590882723752463 0.0006862210665034646 0.001023555510491731 0.0014978769827931043 0.0021098347568439813 0.002960916166614795 0.0042271849385757555 0.00601742623942615 0.008378402655807473 0.011185183709217337 0.014034351770369314 0.016991550792421154 0.01993497270533763 0.022222170687343636 0.023087444111260652 0.022169522430164432 0.019850331520773323 0.016898420793206227 0.01394768900383631 0.011332014238806693 0.009160141508790257
0.001181107110577708 0.0006436372088794503 0.00035443625085843127 0.00019727964146968728 0.00011140792826072996 6.44811301375371e-05 3.903192153362052e-05 2.578914520893385e-05 2.056667998193043e-05 1.942967687002053e-05 2.0686551948269382e-05 2.4160635307455978e-05 2.9793466204513478e-05 3.769272839002084e-05 4.8208072724807706e-05 6.206727367387062e-05 8.059340896703905e-05 0.00010602177804822946 0.00014195223689037758 0.00019440979409802121 0.00027994906900205145 0.00041989203982010825 0.0006390782588481344 0.0009705216353799767 0.0014407448852656445 0.002176417758559922 0.0033517938326813462 0.005170592042143198 0.007858221761958707 0.011547071143931657 0.016020818115888277 0.020526871033940488 0.02502415846427426 0.028885436332498893 0.030457198797515884 0.028792028319023884 0.024888271363919343 0.020391594252103195 0.016278466802899873 0.01287392114817393 0.010187101825486544
0.0010602157338305493 0.0006463282434968236 0.00040269178197804097 0.000256172035542816 0.00016686293555505467 0.00011221867412694458 7.911507664850357e-05 5.973235984573913e-05 4.783109766382577e-05 4.2203852979828956e-05 3.9896207921809184e-05 4.001299714265241e-05 4.1879007094949916e-05 4.5061356200563946e-05 4.944394352301857e-05 5.527161790503824e-05 6.320401398094539e-05 7.441618132174566e-05 9.079101759909435e-05 0.00011611815740266051 0.00016202401930757562 0.0002448059778854656 0.00038773764983733496 0.0006180717008484606 0.0009755121244553738 0.001585294753974993 0.0026221557026477136 0.004332732561328336 0.007032650793756078 0.011045521792627966 0.016552908905248232 0.02332365063088694 0.030274270182255092 0.036923913970845705 0.04010048228611839 0.03674600678196393 0.030061010872581673 0.02351924613893146 0.01816276275692144 0.01403202227491425 0.010919532032649915
0.0009070845609649927 0.0006322161743561387 0.0004528540825750112 0.00033236924792943957 0.00025029906940724514 0.0001946539054578598 0.00015812339734360862 0.0001313755894548756 0.00010608280142705497 8.755241030531647e-05 7.450192179784369e-05 6.526542726994927e-05 5.864331523526972e-05 5.383751224481429e-05 5.0489289399763076e-05 4.859187104582108e-05 4.840401909901898e-05 5.058726587691671e-05 5.71996344944465e-05 7.05782839969735e-05 9.704592153432823e-05 0.00014682882287319956 0.0002390014084140282 0.00039883687411995753 0.0006735207538024963 0.0011791881714583107 0.0020930837003180994 0.0036914051890189134 0.00635822848996297 0.010544609254610713 0.016640717343460527 0.024739204072018118 0.03429177848584709 0.04467535258268315 0.05254776630200652 0.044324342582850416 0.033612463027102364 0.025242694071375135 0.019049226666283506 0.01451599859254462 0.01120131356883459
0.0007683901729644278 0.000624674640873379 0.0005214725857818214 0.00044476877899560355 0.0003872182885488284 0.00034515681833963455 0.0003140531147703038 0.0002712710145359658 0.00022220970936351006 0.00017431352168016 0.00013468078616370958 0.00010418157632721445 8.102674275852219e-05 6.365156778500334e-05 5.088031604759794e-05 4.185372584587149e-05 3.6532771285245966e-05 3.513021167031563e-05 3.739866576715714e-05 4.4356904589674346e-05 5.9905225006266796e-05 9.076564809096562e-05 0.00015003225410030997 0.00026117933351289395 0.0004777581700048831 0.0009029231198657983 0.0017176272536106366 0.0032170720753016283 0.00582776811594637 0.010069407214676397 0.016418750196126663 0.025058669916270957 0.03555350473209147 0.0465055414294248 0.05552199164966863 0.04414350946785507 0.03288771928539246 0.02457986640683944 0.018540699167700167 0.014159874320585495 0.010972705280494746
0.0006458213640693909 0.0006221776320621693 0.0006118978825920707 0.000610206734905253 0.0006152344233630247 0.0006272938569804536 0.0006170805053438915 0.0005511677347467994 0.0004532780211053824 0.0003405325332833514 0.0002369657845918152 0.00016287178670903215 0.00011025882865248257 7.423515838981213e-05 5.0423264010029463e-05 3.616257946556788e-05 2.8561854952772863e-05 2.5163770034134038e-05 2.5017847607477398e-05 2.8372897809393974e-05 3.759725410232636e-05 5.7244851309681504e-05 9.640201529825618e-05 0.00017663037760718336 0.0003520920067437859 0.0007201658938359427 0.0014656483342096443 0.0028973503875963256 0.005461358271784775 0.009679651803299147 0.01595763499383235 0.02422923323588875 0.033430215367688816 0.04064175245897059 0.04098245001456349 0.03494610803588581 0.02783415385312247 0.021641922007933204 0.016763042163120044 0.013066264731877006 0.010295690581397404
