_KRIGING/CROSS_VALIDATION_CLASSIC_80-20/MHZ/GZ/train_1/MHZ_GZ_1_train_z_125.asc
ncols 100
nrows 74
xllcorner 5.5967023332191781
yllcorner 50.982320383219182
cellsize 0.00019249356164376555
nodata_value 1.7014100000000001E+038
[rows 19 to 37 of 74, columns 43 to 85 of 100]
22.950235324869684 22.74932237533303 22.389996429368701 21.856924104123838 21.141973678243779 20.247144595445093 19.187524820806807 17.993739701145998 16.713193751826928 15.409347814562858 14.158373610109084 13.042819941409972 12.142408138435668 11.522701461846363 11.223068421252856 11.245946914178903 11.549756952118269 12.047755554817307 12.614575462282229 13.101120829287789 13.357001703469829 13.257990667866254 12.734400240079808 11.795186131220255 10.542338389070505 9.1709781432557591 7.9525800145944601 7.2016744483006807 7.22976404760335 8.2933190319792303 10.544833937744961 13.996383909945418 18.503582180958908 23.774434933340316 29.402928680258277 34.922262417714578 39.868592533336347 43.843978108716918 46.567448696614449 47.905715940308134 47.879368748717035 46.645366810921772 44.461098241427393
24.120384947698362 23.951419180466164 23.605921580307196 23.068477098690522 22.331742314615703 21.399410148103438 20.289311449188176 19.036098831735785 17.692742936894973 16.329964335340122 15.03279741174849 13.893784868686669 13.002839789392896 12.434536806443155 12.234393865298143 12.406417915032385 12.904619940439112 13.631175487522549 14.443291605815869 15.169618207180402 15.635325352449554 15.693016067679689 15.254833989484023 14.319891749870541 12.990893031554046 11.474815585251287 10.064797706021036 9.1036650459345623 8.9332908638432968 9.837425669299007 11.987923580439038 15.404738138458603 19.938317651733563 25.279256688622588 30.994940526353972 36.587543086444754 41.563346181355243 45.501003640730239 48.10666816889465 49.246769310565782 48.953969635702435 47.407273594000827 44.892130881072404
25.380114646605652 25.245084845163682 24.912507420199862 24.367980286426416 23.606340184000409 22.634539064389596 21.47475245883394 20.167165128478388 18.771607794394207 17.367057628418586 16.048054584909373 14.917391499538311 14.075025127790292 13.603976857844447 13.554919443816619 13.931988256038883 14.682884915565303 15.696341574584595 16.809337475536779 17.825080647405152 18.540822015560529 18.782358939180135 18.440045440755714 17.49975115992806 16.061947854757413 14.343234748158087 12.657158797694088 11.374832732030791 10.869974405986035 11.456732933334242 13.3311248427388 16.527341112906747 20.898255253830488 26.125353305516384 31.757768526542133 37.274312160108487 42.157674984029484 45.967467940795352 48.399100640478927 49.318594223892021 48.768530948364869 46.946214074590898 44.160364117006893
26.692755384291672 26.59116503565733 26.26821254091368 25.71174828506788 24.92032875110165 23.905863281463361 22.696568986241758 21.339700324292799 19.903190631182994 18.475122617639428 17.159943035987737 16.070637722894912 15.316715923699395 14.988766280528743 15.141400512525843 15.777375157748914 16.836313086765809 18.191482738268569 19.657361276087265 21.009178523270815 22.013467658503316 22.466182440286858 22.232672712717989 21.282292615469114 19.710139742093844 17.7396871443854 15.702871739751314 13.998183229230998 13.031760789334438 13.150525724734223 14.578991901204919 17.371831600531934 21.39218218480751 26.321278705884716 31.699095901338708 36.9895274226064 41.658621863351371 45.251729471817768 47.455750357155281 48.135943716056879 47.342162303945216 45.285608725139483 42.29280625471435
28.009007697568407 27.937751838024642 27.618790951208485 27.04349399897211 26.2156745620366 25.153861314832788 23.89393119992933 22.491616109882287 21.024007475539452 19.588900141727621 18.300766373146864 17.282436877771769 16.652230966992128 16.507273822955874 16.904912349230074 17.845246161263141 19.258527261357649 21.001262216779825 22.864075044063192 24.592721548952493 25.921261490871792 26.613682208330921 26.507776754229159 25.553420713094241 23.837096713536244 21.585896658799658 19.147268256936837 16.945058223793829 15.417179397983146 14.94450318807994 15.783336137434356 18.014282558339232 21.518075133414449 25.984319245106793 30.952897236414344 35.881319449753079 40.226047308929537 43.522992468113472 45.452705086674527 45.879138964159672 44.856505287138113 42.60524673768365 39.464054375530289
29.269079906604631 29.222503219546226 28.899807252540981 28.29703420759499 27.424619018635525 26.309146110759443 24.995501674386766 23.548999756234537 22.056619556924865 20.626143421118627 19.381878494613325 18.455904459712738 17.974473430929386 18.040252560237541 18.712382925591211 19.987559806123947 21.786185348542134 23.947779711625714 26.239033962130431 28.376102166060047 30.060151608745279 31.022246462079167 31.070936009334389 30.134118163918295 28.286424599166054 25.754851182982563 22.898598322874172 20.163640091704877 18.017590548843529 16.874934074924859 17.025575690405987 18.580130321408458 21.443061604505289 25.319970776956325 29.758911294457782 34.218907576828514 38.153382771233666 41.093227518016057 42.714485764206458 42.879044095243259 41.642468451820712 39.229859978690826 35.986733187652554
30.406854734505536 30.376956863231197 30.041076611831599 29.400830945572327 28.474298252314966 27.297148471169173 25.924181698220401 24.430942709909253 22.914588155052705 21.492769949278642 20.299129164396717 19.474214735811131 19.151326564015854 19.437898195508851 20.394412899592254 22.014198466639961 24.208404357352073 26.800668559631571 29.535173711661145 32.099914502850439 34.16425179721729 35.426674842680306 35.665785671150694 34.785575937405213 32.84569726881422 30.068971838625419 26.821797306613441 23.567880444598799 20.801017785431785 18.967335011541024 18.390408050159053 19.213187831529417 21.368297368478117 24.583351003501658 28.421369857843228 32.349498948014592 35.82358714276716 38.373069719973643 39.670734302806721 39.575325772137909 38.140749247358173 35.592484749895831 32.278144288270774
31.356021005447815 31.332781993627449 30.972975050685783 30.284313286997055 29.293056712879199 28.044441518961918 26.603513520922387 25.056140744038224 23.509446541083626 22.090427627887948 20.941283587574453 20.210151549528732 20.036607532031379 20.532442127126018 21.759675617964149 23.70924107577844 26.284838869693452 29.296755455316173 32.469654005111252 35.46640794638008 37.927165283410069 39.519490543683332 39.992331310804929 39.224463543404084 37.257634613191357 34.306202189038316 30.738597691537123 27.030903617471367 23.698312579979216 21.215097994922743 19.936854348709286 20.039320062749123 21.485743120807506 24.02978651531026 27.254315309106389 30.639429720052334 33.647331196269903 35.808340036640153 36.792383783836726 36.453546208144303 34.841032599039593 32.176810116831525 28.806631395333323
32.05777360410891 32.029596520327516 31.634273639042107 30.885660417492709 29.818161764694246 28.486436319370114 26.965484543285918 25.351016822778888 23.759430592531668 22.326188589247622 21.201079502227039 20.538943057925106 20.485071297976077 21.15565155906938 22.615133645335717 24.853969835933654 27.771372752459271 31.168131184603638 34.753793104498079 38.170567284362022 41.033310351445479 42.981463069551523 43.735515999870557 43.148333297968115 41.241134893222345 38.215509809104603 34.43644040899256 30.386412791158747 26.596325097804673 23.563915741702992 21.673678881730147 21.13286953854459 21.93589369119934 23.864431512560447 26.523971323649278 29.410400046782414 31.994416805253906 33.808120224170793 34.517945502000586 33.971231330086376 32.209349221124683 29.447208183210311 26.025480121877123
32.469335978901881 32.423636918293916 31.980827108296644 31.160425049184333 30.004345614251413 28.575912452248048 26.959215191860238 25.258836707762896 23.599387137521354 22.123691469925475 20.988091473922502 20.353344348209419 20.3701706917183 21.15964071885378 22.790142807706069 25.254336672290421 28.450816375713934 32.175730896167963 36.128968539300921 39.937573268120957 43.196012524193463 45.519276195254847 46.601325589392971 46.268987299375617 44.520733046780755 41.541308406273259 37.686808974001032 33.439989851118163 29.341358096886793 25.906743017428411 23.545408839136428 22.49351624828315 22.775521269574757 24.201221684363372 26.39952882873137 28.882999969381451 31.131209404936989 32.677469968608676 33.18303647621515 32.485806984779018 30.616012176885448 27.778179399695833 24.305229449417546
32.572255854709226 32.496259334606705 31.994140339588714 31.090075608641847 29.832307494969754 28.29155727549988 26.559716430816088 24.748971533951668 22.990924343059639 21.434636796586339 20.242070361406753 19.579320504261023 19.602536130872156 20.43850602701605 22.161463829585678 24.769400411646693 28.164625818857218 32.143994643717065 36.403692904482028 40.561608285793177 44.197231627572741 46.905285575992202 48.355643122419707 48.349485353098494 46.860833755693832 44.054018111937978 40.271258776617216 35.989782708003197 31.753759721406475 28.0916199081855 25.432819829353768 24.039002136744841 23.96240331498954 25.039598434364379 26.922118815181541 29.138456756185942 31.175952659075975 32.567339443896373 32.966109180597741 32.197490011420811 30.277066594457175 27.395738893501957 23.876286527130031
32.379228014325051 32.26103090251798 31.688599204446398 30.689285430527899 29.316048184895209 27.645416379344788 25.775618759176993 23.825159249798805 21.93153986054071 20.2491751488419 18.945013269396355 18.190211174230761 18.146598155471281 18.94768143824431 20.675504163517978 23.336465828957564 26.840799131292645 30.991237534438184 35.486052583733461 39.939867956067395 43.922596455323635 47.013007137902065 48.859628831153593 49.238876405130142 48.099277330584897 45.581961651540169 42.011135159997778 37.853515968480238 33.651667467078539 29.941564413056518 27.168388342099355 25.61558767453694 25.360308652677283 26.263682835663641 27.99801191790079 30.105910619929691 32.080398059334264 33.451051262774968 33.860478885341898 33.117706988815712 31.220047628679836 28.341508587995051 24.792342201341057
31.938158295605731 31.768092617598505 31.116038983018949 30.010651705663633 28.507735633448416 26.687961852714963 24.654561860171732 22.531393354574334 20.461234227556794 18.603500695851036 17.129999118711169 16.217049986308581 16.032586154405365 16.717743372392761 18.363972935186894 20.988545395325843 24.513022663303332 28.750298739058991 33.405645665944107 38.095573856077031 42.385307192985451 45.841774009058902 48.095053929828978 48.898180730673801 48.173967137791003 46.038623588976321 42.795400124880352 38.896732209905942 34.879396180613654 31.28271538035747 28.563685365703101 27.024110457583589 26.76309983680995 27.66381851211051 29.417069252605401 31.577355958630037 33.64096463521377 35.13156690352367 35.677744451926294 35.068863275979332 33.280416310251411 30.4662371676622 26.921463833407334
31.332331011850773 31.104578683573266 30.366381436577434 29.145540944549822 27.498776167499702 25.509431841852347 23.28486551250381 20.954000408362987 18.665071660652973 16.582961054921974 14.884890240994059 13.752867433786268 13.361403454386075 13.859791325340028 15.34967186834473 17.860454231275682 21.326977400155307 25.575009465390288 30.320234385264751 35.184930788433753 39.733630450357666 43.525115581526023 46.174007179842583 47.411931683384381 47.136771373334767 45.439398500964273 42.600617925876769 39.056260437442134 35.334452770574515 31.974757074759545 29.442877486111321 28.056054614387925 27.932724614034626 28.975746463116288 30.892317232870447 33.246832510941616 35.536799897085473 37.27773704619478 38.081635170465184 37.715296365555261 36.129243684522372 33.453961959883671 29.966610061482967
30.675885853682576 30.390184286943558 29.563337117546592 28.219981149980818 26.41595203048221 24.236255243954758 21.792254707100113 19.218636459740893 16.670365457945032 14.31929039747695 12.349414317630433 10.94937501241562 10.300638279727625 10.560509402923479 11.840365416635874 14.181320688092736 17.531435618613894 21.729970607980675 26.504474026481159 31.48526460466951 36.239085861081158 40.31979113807629 43.329690770319701 44.981710349682118 45.150769707268239 43.903452634571238 41.498202298579287 38.353435448832712 34.987093954364909 31.936942202595766 29.675100684669005 28.531931925273003 28.643055111308534 29.929176904533122 32.1123830441908 34.765745064536596 37.386927215611912 39.48217672544137 40.645506129884218 40.619314709446932 39.326788168279357 36.872233605688265 33.511764678638308
30.104335951852633 29.767487143588248 28.854662631491134 27.384989831156776 25.411932607617178 23.02180866462874 20.33084895635659 17.481398670646101 14.637693505637412 11.981202537811422 9.704915871478395 8.0053931134102285 7.0711670845921546 7.0664795840136652 8.110433810596227 10.253363411766268 13.454151750096573 17.563789461420427 22.3209868196979 27.364678144321175 32.265653673224804 36.575694249613719 39.888277809504679 41.901250856094933 42.469866164550908 41.639002059294093 39.646360097292039 36.893508961912431 33.887783105554206 31.163936756090351 29.198797435980374 28.333981697675544 28.720594722002971 30.295929893040707 32.796288356344647 35.803335439433972 38.815246294757564 41.329497888123626 42.922399623990124 43.311629687008725 42.391846692523828 40.239009782722505 37.085138866305925
29.760530597452213 29.387326516046649 28.397176664256136 26.801448508015312 24.650191736017334 22.03148372217057 19.068372753005129 15.91403009094706 12.745793048189123 9.758521322113852 7.1571445470874906 5.147643756333574 3.9252877774286219 3.6590574135298564 4.4720383518227731 6.4191108402932251 9.4651741551775874 13.468827334207905 18.177197828430209 23.236910701609204 28.223823924064526 32.690417459444127 36.225397055902398 38.516247767341582 39.403248534743426 38.91362450170768 37.267289904015783 34.850583711855215 32.160516779082407 29.728005405733651 28.033039306719555 27.426719384999537 28.074144370328327 29.928400469286515 32.740169053868186 36.100875597694113 39.511180274206524 42.46216741291888 44.514681079642898 45.36320002737304 44.874172282589171 43.094026319291835 40.227976800028571
29.777223991818474 29.390372157331882 28.337625307348642 26.620565829905374 24.285328196751387 21.42303296569672 18.166557871657972 14.684238265342795 11.171469234434932 7.841175203695224 4.9136893621869273 2.6058957641448366 1.118844220346876 0.622831462054938 1.2394479376337415 3.0213796785437737 5.9325657934124365 9.8330791972269651 14.474103580240946 19.507993180151672 24.516332248521351 29.055374068325801 32.713969943438705 35.175184445042007 36.270373195078257 36.014421029254443 34.61338601921662 32.440578372624429 29.983140306035232 27.767156649134019 26.273879125502845 25.861767102150132 26.708256277556323 28.781621390317021 31.847734897279288 35.510078897292033 39.275336443568349 42.632454327757429 45.131068843323071 46.445943627316424 46.417336533575828 45.062228990372361 42.557013073779068
30.258164408998976 29.886875967637078 28.791440775062469 26.962000729154088 24.440872328691501 21.324286343120285 17.758853790497199 13.933304894233318 10.06681498008574 6.3955550510774515 3.1588586462093211 0.58567309362564579 -1.1189242659782686 -1.7879743724817239 -1.3084082584743459 0.36183038274400658 3.1771097465057458 6.9914760315806621 11.554886454319533 16.523096474126937 21.48428905688905 26.002291238186892 29.672106126152734 32.179563719243511 33.354324026520885 33.205152425943893 31.928678582451408 29.887412001270953 27.558672992403714 25.461994823244822 24.077121775333595 23.766934521287109 24.718986239309608 26.915970816136294 30.140083199516447 34.009982318352911 38.043188873604002 41.732391264250268 44.622101291202476 46.372712746651594 46.802040567183916 45.899139595478218 43.810580759203553
