_RESULTS/CROSS_VALIDATION_POSTPROCESSED_80-20/Berg/IZ/4comp/4/Berg_IZ_z_180_kriged_reverse_4comp_spherical_4.asc
ncols 100
nrows 90
xllcorner 5.6208707817415728
yllcorner 50.959635321741573
cellsize 0.00013419651685393446
nodata_value 1.7014100000000001E+038
[rows 40 to 59 of 90, columns 44 to 87 of 100]
62.801736526471565 63.42019979204332 63.99933011219695 64.56851780399501 65.12848114844432 65.66382003617963 66.15992150106305 66.60249568137299 66.97779646006232 67.27442486785345 67.51142797513242 67.71484950539303 67.88246472799736 67.97257106092484 67.94384097855097 67.94950955665578 68.03966009308411 68.21389438440659 68.4611964300444 68.74373725461729 68.9383886642465 68.82872650972025 68.48094538899313 68.06423806425457 67.62548139980143 67.1777808244421 66.7282407209056 66.27646099528594 65.79323279491544 65.27418087994803 64.71404066493336 64.12694061461991 63.52781681332059 62.907212168973736 62.26275921507507 61.6141488623722 61.02567877495106 60.62298636799815 60.637355758905024 60.99421197098849 61.50869775453738 62.10837058197092 62.76855722365643 63.447270192253015
62.90285563407154 63.477630946793575 64.00352807421592 64.51051716492574 65.00097663451692 65.46180949820548 65.87915388761724 66.2395113818658 66.53012019878652 66.74586668035049 66.92322078825954 67.06356200888983 67.16918164165224 67.22577119974363 67.24803098991029 67.30729456817292 67.46514105926221 67.74606652890057 68.12398410220828 68.57442531098378 69.04499868859645 68.93629067218862 68.55322707913007 68.16322767375091 67.76264880556602 67.35268944258188 66.9382748338095 66.50637350337803 66.03832114883107 65.5310137870662 64.97852603331889 64.38811119433694 63.77508278586789 63.13227480339305 62.47113489204247 61.79679773583323 61.13777228849063 60.5451849689832 60.60870133936967 61.01318663388498 61.493499399113794 62.0440430229315 62.65232081389027 63.295771576467594
63.01675255304705 63.55504399280345 64.03371592733576 64.48308721134059 64.90577735844938 65.29079130406505 65.6263901768975 65.8994128931697 66.0964339592628 66.22748772861922 66.32478324488038 66.39207428193666 66.43492077879858 66.45456029656171 66.47716491495983 66.5530668989274 66.73708599928511 67.0743266608926 67.54402705343739 68.0711022159516 68.5090117686142 68.59077060516923 68.39942229486435 68.1231793878623 67.80529580038419 67.45979686146948 67.09332724147394 66.68842961182601 66.24224049324214 65.75336726114898 65.21804619103358 64.63546611299591 64.01924301491691 63.367072787605636 62.70042438826814 62.0475542326684 61.43568861405857 60.989610222891145 60.92941351360788 61.18629308741252 61.565103431662884 62.02622537912546 62.557370480960316 63.13729566351125
63.16092679973402 63.667288442509864 64.10171601553954 64.49437961737104 64.85150347791246 65.16199110904546 65.41401766637924 65.59400462295648 65.68897172955225 65.73262522812112 65.74687787487109 65.74111194789673 65.71705361060864 65.68403940094176 65.6682482298461 65.71433523275701 65.87944580037669 66.22436943313714 66.74800536098809 67.34003498606401 67.82423663778538 68.07312653380085 68.09615534507171 67.97477506112511 67.76554246368414 67.50055970597745 67.18490179523768 66.81436625403792 66.39564969533839 65.93246975317342 65.4220945714347 64.85789416492021 64.2475153520401 63.5994583624158 62.94467844033049 62.3275745894374 61.79628593147769 61.4312752695202 61.31398738966931 61.43658687180579 61.701472803949244 62.05296795642802 62.48934078088884 62.988537266363856
63.35086750853031 63.825367041629555 64.21666566584004 64.55185273270808 64.84354177894014 65.08041038968653 65.24715172779698 65.3306743036802 65.32673608004276 65.28504794394333 65.22355152683798 65.14305082631896 65.04697881749152 64.94554287258899 64.86084062404007 64.8314631395187 64.92076458136286 65.22954327180844 65.80201131022763 66.51730850527586 67.14084292362507 67.55314919008455 67.74883705878806 67.77176842578324 67.6711684179246 67.47964496646077 67.2074834154963 66.87424531721372 66.49100608454458 66.0601469604858 65.58034241260945 65.04346980807006 64.44564620435646 63.81142370486328 63.18029712749633 62.60304575019594 62.12171658299434 61.788295559579765 61.642452028649295 61.68229256194635 61.84997598112706 62.109736419303 62.446752344524626 62.858932369146636
63.600419911012374 64.03676307475406 64.38411200964606 64.66060382244184 64.886371904198 65.04555915285172 65.12676841470378 65.11759239617125 65.02920909101184 64.91455991335194 64.77851103840672 64.62397465037746 64.45524570729665 64.280358625188 64.11348779937175 63.97850642997711 63.925588657322926 64.1089317176282 64.76718443590829 65.68877778995208 66.50293159358112 67.07407147207448 67.4110796854634 67.5513017222877 67.53763360988208 67.39616403953018 67.16222857833826 66.86482977807736 66.51875052433316 66.12682554961549 65.68381320353129 65.17943842898227 64.6019448043867 63.988783118932226 63.38752196377073 62.84903645843124 62.40401791861074 62.0789731888309 61.90569652660495 61.888285349378826 61.979987116984724 62.163213563093976 62.42361994237492 62.74972372796097
63.91432568234957 64.30420072188721 64.60561413000487 64.82419912081812 64.97976426089777 65.06227735753207 65.0610315624125 64.97202513288941 64.8138582547842 64.62984390033863 64.42451576181801 64.20247567307673 63.96932562856381 63.732134265939465 63.49945906286704 63.280286731971316 63.08505545482204 62.955374403313016 63.78738381164628 64.996210903686 65.96418683352448 66.65686473726267 67.09714525798307 67.32308519687608 67.36160497392197 67.25340176955159 67.04708514313397 66.78159388556696 66.4737823006134 66.12380667095424 65.72391074284273 65.25653327355833 64.71090240805809 64.12557968366151 63.55881979239779 63.05772018789 62.642000460804404 62.323222341138 62.1282963442933 62.057082334601645 62.080011377077426 62.19528851822956 62.39330625047962 62.65794853492967
64.27857804502842 64.6202974342392 64.87656642372178 65.03783077961913 65.1234705144189 65.13580881751085 65.06662287619622 64.90739890819559 64.68306781245758 64.43308495459895 64.16435795124373 63.88445264271277 63.6017927764953 63.326135811152206 63.069273953420954 62.846969460567145 62.693403082956436 62.756792843351086 63.497375499802544 64.58722043668577 65.55576189886764 66.30217922876987 66.80355369354257 67.073477273387 67.14061321650985 67.04575323275247 66.85042828780777 66.61618019905005 66.35273524559412 66.05013489226407 65.69656401905377 65.27264651135567 64.77300229094237 64.2251227930926 63.69705071079606 63.232427221584466 62.84161007870067 62.52910791707457 62.31982655119168 62.20224404532756 62.166543946542504 62.21845170928022 62.354180514918966 62.56364871154446
64.67114619096924 64.97050579282856 65.18408036783264 65.29990545263246 65.32722492795342 65.27923650926482 65.14623591403581 64.9209205722017 64.63311183699162 64.32106186321288 63.995333082148065 63.66734817843549 63.34992671226336 63.058578755718266 62.814161816164116 62.649207368762085 62.629435262317934 62.88629234310707 63.51955446136592 64.38634673955033 65.25538412041266 65.99102862396276 66.50168481912895 66.78840250063634 66.869135616345 66.75787830677609 66.54379224931998 66.36825948130432 66.16389451803319 65.9147437008748 65.60844579555473 65.2326489442591 64.79044690874888 64.298243309295 63.81165270580112 63.38165372407955 63.01149836370078 62.70507164801664 62.4823921145234 62.32469716168936 62.24105425726284 62.2403058264085 62.32271031069768 62.48213227827137
65.07722340610405 65.34821413651287 65.53252515281733 65.61673911821813 65.59439466522393 65.48690514484319 65.29174996199943 65.00393497100042 64.65472199422231 64.28442090042158 63.90747159273265 63.5392932329342 63.197240829391745 62.90235761966257 62.682225377925285 62.57521737541073 62.642104080376605 62.95191697768156 63.5139287962051 64.24258695675864 65.00241410796698 65.67689572977824 66.17129506136618 66.46201524706949 66.55254088055722 66.43950161258653 66.22775366804751 66.09741872139445 65.94231330551835 65.74053897356812 65.4781645775654 65.15308076412524 64.77227320153973 64.34950892869217 63.913963243091786 63.5146622584603 63.160188940476935 62.85917320160237 62.617898890741564 62.426859921837185 62.30416253502853 62.26025073517375 62.29818843425602 62.415007265583775
65.49823965725268 65.75301639077202 65.91776520163896 65.97660758278245 65.91549850381413 65.74775669984766 65.49043442350678 65.14288065791791 64.73447133739458 64.30973660873286 63.886495961354306 63.48341360188001 63.121179389211136 62.823991760590246 62.62105215388907 62.54708048514126 62.65001068276619 62.96003092822471 63.46113141690225 64.08157671869576 64.73340096233471 65.3370035659103 65.80924755408404 66.10043092412128 66.21047231176287 66.15468055095354 66.00831844521407 65.86811914808439 65.72781557802033 65.55366989593962 65.32899809686599 65.05326097662577 64.73310944567842 64.37966171269348 64.00694394246611 63.638094184371795 63.29436129744215 62.99539567083947 62.73034078800366 62.51201387232567 62.35801600782257 62.279447780357856 62.28124839725998 62.36288453845583
65.88938052442012 66.15605296093268 66.32398427451344 66.3676120964017 66.2726262776701 66.04653904856292 65.72517125847872 65.32039534077138 64.8565581455016 64.38205779815523 63.91731936252556 63.482940955980915 63.10126271555312 62.79719169544069 62.59821237730294 62.5342294648454 62.63891677530551 62.915428074842474 63.341664440808934 63.86902351671474 64.43392020034457 64.97320204801433 65.42179399197235 65.7163217105032 65.85382957005316 65.8546473431426 65.76899645813668 65.65401579253417 65.52570880680018 65.36995667381507 65.17803428228106 64.94825420067245 64.68451099872054 64.39293822648797 64.07810354874718 63.75013329647506 63.41848936926219 63.10882659916095 62.82379462955103 62.58406881192066 62.40586552194438 62.3004164427453 62.27387800566725 62.32753087737903
66.22287187117475 66.51334801267748 66.7080859316782 66.75841971053615 66.63242587054093 66.3565154877862 65.97296465236509 65.51659469693985 65.00506236943589 64.48762799922739 63.98718238278369 63.52474411868384 63.122060408221834 62.80181037451021 62.586732534912336 62.50307819206022 62.57506451670412 62.80132833095515 63.16048530623838 63.612885728557444 64.10809898029467 64.59449134446935 65.01867015117008 65.32052031602014 65.48809423510387 65.53924827383759 65.50839686038101 65.43118905844494 65.32379913629165 65.19117474936817 65.031982875948 64.8452606539338 64.6318057129086 64.39238374876413 64.12566450458141 63.83164289151876 63.522953688466266 63.20225117584803 62.90263834780402 62.6475120378863 62.451842283328205 62.32675886939315 62.27919267456866 62.31173735363714
66.47649747264124 66.79585798065742 67.04192516214643 67.12172047168148 66.93555347146915 66.60077870497739 66.17649603388486 65.68300899092799 65.13940855924554 64.58916422878413 64.05799016609336 63.56633168686553 63.13523406101474 62.78602419514997 62.53980691794641 62.42547904299357 62.45770993127425 62.633686878107156 62.93424490620604 63.325614307384726 63.76539555327889 64.20993989955389 64.61394482569428 64.92064302137813 65.11837184347907 65.21436878382707 65.23168970496388 65.19194036589303 65.11577422114686 65.01422880978264 64.89061651261517 64.74473882092944 64.5747495744535 64.37722635386518 64.14724025961041 63.8789688889185 63.57946927946545 63.27063821971546 62.97179730175316 62.707438718469845 62.50081866963866 62.36293432665908 62.30119599267617 62.319111589352474
66.622453753164 66.95411055196449 67.24119525764583 67.42230229227104 67.10058659294145 66.72614058562395 66.2908480064084 65.78772560123875 65.2273115777583 64.65352436593437 64.09805916904297 63.58071017702317 63.121541629516045 62.740435580387555 62.46112909515698 62.31043868206335 62.29939396312011 62.42706609704172 62.677243539484664 63.0196875442793 63.416462713270896 63.829224837883736 64.21815093216577 64.52752779510973 64.74878350355863 64.88333315571751 64.93969363047027 64.93943864977652 64.90132431772946 64.8370514595942 64.75126699157327 64.64347376129973 64.5098648928559 64.34476993903793 64.14089333537058 63.87928910799088 63.59026641536285 63.2975439418508 63.01760080910756 62.76618835581158 62.55828246655404 62.41403445938067 62.34450771198998 62.353798659626214
66.64779094087966 66.9494588220335 67.17787973545298 67.23747123174905 67.04374375536656 66.71236987261977 66.30198338671896 65.82154694839134 65.27202022612634 64.68458893508334 64.11148793847737 63.572452701568906 63.08649983699842 62.6731451914479 62.36061757715968 62.16871890997461 62.1111360816595 62.19265638477323 62.401106589892606 62.70664225738691 63.07202709792185 63.46205440277224 63.84000940883172 64.15123417093412 64.38481369450061 64.54430773654678 64.63869146104369 64.67997032639869 64.6835323506758 64.65930972546882 64.61098847479683 64.53707600598771 64.43281388843539 64.29086032820813 64.08699963492779 63.83423865189305 63.56003623114967 63.28673307983246 63.028700655393344 62.79996735411466 62.61374899943557 62.48186289099545 62.414045761269556 62.42013606796739
66.5688907595055 66.82008111269221 66.98574044601487 67.01003325707 66.86909953428281 66.59528832620332 66.22740705581498 65.78233977836966 65.26722307815132 64.69206169491072 64.10736936319078 63.55059709664316 63.03998418396982 62.59969591604509 62.251688120738294 62.012662837318565 61.90134165865285 61.93676156082826 62.11478480278614 62.397640244399064 62.74305439998009 63.11799035074797 63.48616242451798 63.79332172271381 64.03350884790898 64.21152326020356 64.33732881960242 64.42069576128857 64.46644238981703 64.48124270957247 64.46698398637417 64.42140792340727 64.33664413017587 64.19093693582153 63.986717502775356 63.748672164422615 63.49351072133695 63.24276769847598 63.00949071466333 62.80630334598939 62.645195316745685 62.53690136899059 62.490203897988735 62.50591783871726
66.41383410046451 66.62030643867503 66.74385875252659 66.75829153034279 66.64539669338933 66.4172923646044 66.09283867400767 65.6864583719353 65.2092026082963 64.6688222897744 64.09482287565996 63.52738480290705 62.99940645093179 62.536604881208035 62.152868414916426 61.86001270759374 61.67614356878705 61.6566975473105 61.82760747097248 62.10642544671996 62.44080187872457 62.803374292110625 63.15921171276471 63.462166052118505 63.709676730066434 63.905507203199484 64.05661675347307 64.17064977878078 64.25321870354085 64.30251391405133 64.31659625631124 64.28398769024226 64.19226047408995 64.03963937949767 63.84710335104169 63.62790661939097 63.3954285205331 63.1702218987365 62.96440805112758 62.78944022393149 62.65619948324711 62.57436653758428 62.55173427894491 62.56890830808882
66.2052432479365 66.37705859950266 66.47219421015413 66.47958245869951 66.38684313635798 66.19250204216827 65.90739527423285 65.54200908482251 65.1057871708548 64.60701967148047 64.057935263155 63.50568167518621 62.9812843034253 62.50263000695949 62.08891907124895 61.74603602746574 61.4696660969131 61.35016328743653 61.57470671429215 61.856647851580234 62.18091358595825 62.533989994996695 62.87804845408073 63.1775042625277 63.43156560243213 63.64245203326875 63.814060336693714 63.95023829408041 64.05325621409274 64.1180297114405 64.13421774405766 64.09429468133848 63.994039585455056 63.84910240288616 63.67400570466755 63.4772075289982 63.2705778986636 63.073741004845004 62.89797811164196 62.75373043784105 62.650846440030875 62.59796484669582 62.59658812304896 62.60458316742166
65.95758890472123 66.10277924948237 66.17797469368932 66.17662606203254 66.096423437608 65.93006323656694 65.67860240606032 65.35043709261227 64.95398578746382 64.49724196291972 63.99153161496349 63.464910509581465 62.95990611509708 62.492832668379286 62.07574846363744 61.71755167855025 61.43545124465736 61.32403035002431 61.45588864958942 61.69989532706124 62.001471409682964 62.34036444523679 62.66739481946766 62.95971976505375 63.21540766318186 63.43448485012513 63.61679953268096 63.75812457037312 63.85583102619048 63.9067455731416 63.907084388532695 63.852895502207744 63.75492626500877 63.62660909244951 63.47312296049515 63.301792761638 63.123873468405975 62.95810767754784 62.81485751597757 62.70364643014024 62.633329362148984 62.61142352503326 62.612375826224444 62.61237817893509
