_RESULTS/CROSS_VALIDATION_POSTPROCESSED_80-20/Berg/IZ/4comp/4/Berg_IZ_z_250_kriged_reverse_4comp_spherical_4.asc
ncols 100
nrows 90
xllcorner 5.6208707817415728
yllcorner 50.959635321741573
cellsize 0.00013419651685393446
nodata_value 1.7014100000000001E+038
[rows 38 to 56 of 90, columns 44 to 87 of 100]
16.840298756593366 16.94392764117714 16.994651913672655 16.982040535912276 16.90608263701816 16.769684865932188 16.576409941856134 16.330221564073003 16.03579570894685 15.69983129395682 15.333067114368928 14.967431646080867 14.658592635670974 14.448624578247632 14.360278770291062 14.363158741732699 14.436204303750749 14.572774960617686 14.770900953145597 15.027811185949716 15.330218520636201 15.663547387359431 16.01401837709807 16.36244250126672 16.68891762209711 16.97581617354685 17.20883863914672 17.37744336560818 17.467149479233377 17.463125139650142 17.365649670861067 17.20691450471319 17.017958051092723 16.818726309336387 16.619970998201286 16.45315391402498 16.36418027261555 16.38112778434501 16.52407258727115 16.77961447210837 17.129719229659386 17.559722213824408 18.025795948850476 18.491551848084654
16.9201634314806 17.007814408003295 17.03483524753139 16.9943475932839 16.887013405601984 16.716130658911926 16.485972077802998 16.20165089216446 15.86926358298373 15.496454483769636 15.09803190297713 14.723110893514793 14.389025213341863 14.158520020093107 14.139792552399422 14.195840216986808 14.311389219426546 14.489172853970302 14.729497107593303 15.030045400094894 15.378587830916576 15.766963100244919 16.17839605506109 16.585387836192915 16.96256948263598 17.28947491117488 17.5502233845494 17.733618860424198 17.822195136310317 17.80684917457327 17.68788184379364 17.50310012554597 17.280903855038417 17.040263666599447 16.79237479749848 16.555637156615663 16.385625372659852 16.33048788842177 16.433511200552374 16.679552636361976 17.02227636457282 17.438952158636052 17.91429294139099 18.393358394636607
17.025447930963058 17.089560430785152 17.09387116229982 17.029450203513804 16.894765007616847 16.693693308655092 16.431303439119457 16.113765684435883 15.74846184365527 15.344220792283526 14.938429861377914 14.567612583885031 14.242667663765202 14.026837050226154 13.999218384590636 14.06555078204385 14.207389260180209 14.418881577134579 14.698732633316608 15.041329260073358 15.433768259641727 15.88627257127471 16.37359835205803 16.849477449031188 17.284456045268247 17.656421012955757 17.94838358885916 18.146509074545637 18.23226155813869 18.201623983240854 18.061962413831516 17.84690498278641 17.58658171694117 17.300491645717774 16.999823465206592 16.695693344419105 16.42978684328239 16.271667389607206 16.340727540850793 16.595295113201043 16.93153084428194 17.327155531774295 17.778253712003654 18.256058468808924
17.14765831050275 17.195839593715363 17.176993119256586 17.090575468155052 16.932855594405506 16.705891906499755 16.415651400866512 16.069420538751196 15.675828762119906 15.251459170431339 14.852069348161537 14.495481856130041 14.202431935792164 14.009656166061928 13.941913689454308 13.984495227277597 14.126862133669446 14.365091071069042 14.685745659255952 15.0774095410277 15.509739170543746 16.044140369120896 16.62074651159952 17.17159761107807 17.66943398170678 18.089787679695664 18.41336567986555 18.62098182347978 18.6986432343181 18.65149085509661 18.489600476414584 18.237801513144856 17.934983783535905 17.60243961915282 17.252041328970563 16.893825631247704 16.547617180313463 16.250121973836414 16.312839544787234 16.56807151810156 16.877186492483943 17.23510554422226 17.643122217083267 18.094557654173933
17.28811783750052 17.32559808808342 17.292235044035014 17.182751792159774 17.003232827489867 16.754666917078115 16.440714180901672 16.06965138865301 15.65119711511194 15.220703547905288 14.827246036220332 14.48255376358267 14.203996850754455 14.011668023979757 13.921384811300644 13.938316315182645 14.067403363261121 14.31833779757678 14.686710365680543 15.150731161933964 15.68510898516316 16.293508820313672 16.939958397684833 17.564500890660376 18.127368134693146 18.59713848839116 18.949036416669014 19.159029555939444 19.22603261053471 19.15806524723945 18.966036217869174 18.67133316977972 18.321709680861314 17.943076831341394 17.550153822255293 17.158472365793532 16.791062522994178 16.529174925910958 16.489700656808477 16.6324923833398 16.86911461456973 17.168297029905972 17.520673381839458 17.92253352501579
17.44978904523224 17.481649814889497 17.438809481884807 17.314599578977223 17.11209799095366 16.841047812197697 16.50673789644586 16.11405727709314 15.67455016910904 15.244559888828304 14.854404893471962 14.515017031529462 14.238090732320133 14.0366941253426 13.923395140944939 13.910871843169403 14.017321073883316 14.269036867746568 14.683364068462412 15.238464492734312 15.886682106930113 16.5944451544363 17.324826349490458 18.029859897487402 18.663106760103847 19.18428579364849 19.558291551409432 19.768307855303853 19.816195813664457 19.71467890579717 19.481686997828835 19.13773426751209 18.736356982273573 18.31116792976944 17.88074991995685 17.46644247076027 17.09419389864442 16.829236746197015 16.718320978280655 16.751937658849954 16.894764628236008 17.12208836736398 17.411495906128458 17.75427102643576
17.635569132994057 17.66652094678828 17.61844142852241 17.485000884150566 17.266443098685738 16.973113903041465 16.61524404319875 16.201256115230496 15.747885987319407 15.317987446247002 14.92990815821294 14.590754349605664 14.308637661549762 14.092366533618323 13.951702268055321 13.90053769841129 13.966038055949578 14.201004399207454 14.657911860306601 15.32089679631225 16.098443072042684 16.925901257453432 17.761965564811753 18.562210181884836 19.276750553211127 19.855810725180387 20.252776984739707 20.45112270511305 20.46100784190128 20.308042907760075 20.0202290753626 19.621356777402323 19.16276443630072 18.689017129685396 18.22152882876877 17.78320828334358 17.39468918913142 17.10059119657007 16.930178504487525 16.880359892167856 16.937203869985453 17.085919794520958 17.31154737497205 17.59604012231451
17.84737092403904 17.881349597451734 17.832064906417216 17.693574705054736 17.465302059076752 17.15416002511457 16.774815673380697 16.33728917680094 15.871657824597216 15.440698037747222 15.052391833126164 14.710885063035178 14.421719622123847 14.19046580627919 14.022796630022013 13.92706103770095 13.925148465984464 14.096092459014317 14.604606308425286 15.408619500705449 16.333542776931374 17.28913898420645 18.242068288780985 19.154657889419262 19.97204755632168 20.61912551373382 21.03419013456973 21.199083471304117 21.143346955955238 20.91530559585826 20.55689961174728 20.09832958612566 19.580637211909245 19.056488433192314 18.55059934417756 18.083797530821894 17.66964965466938 17.338291919439037 17.114485383879536 16.99711280051314 16.98075498767517 17.05667589667268 17.215388622793952 17.445528235862014
18.08651536329042 18.127397666370847 18.081115671325552 17.94161434188538 17.707653761664226 17.384518841462267 16.98663898225894 16.530170366623473 16.055674851184225 15.61875291886374 15.22490642348833 14.878629282233474 14.583925171856137 14.34407405346507 14.16147967019624 14.037738605480621 13.974765948976605 13.987386591315124 14.585988087321006 15.574643688722034 16.623147221040462 17.692095336327455 18.759666873423917 19.794775655235593 20.732038906976705 21.46965165744942 21.897153395124764 21.990460216362173 21.82860190961087 21.499396071505846 21.057351411743685 20.536688132938757 19.96786701504393 19.394370360590177 18.850497886129546 18.352967161249058 17.908818598521027 17.53964850843903 17.26812980234321 17.09428629303603 17.01656645579787 17.02971339033928 17.12671847754923 17.300417312989705
18.349522095738728 18.403021874737867 18.364848008438546 18.228499693508187 17.992302333905688 17.66223365380398 17.251209350819842 16.778962376640617 16.295864407923382 15.852003370561532 15.452874404620287 15.103337933139532 14.807681149679969 14.569803863422436 14.393742472211052 14.28531819983941 14.259810324253715 14.392695867290811 14.974544219642913 15.921801604961235 16.995568357068038 18.128795747471173 19.28184224366281 20.42527562258944 21.504997869822763 22.38859934324774 22.82505626738433 22.770221756281043 22.451433196203556 22.00463924332202 21.478828790378138 20.90465444369222 20.30032501586281 19.686632388652093 19.108679520059837 18.581552954950382 18.10692198946582 17.702919620584705 17.38991774253523 17.169008316835534 17.040360959677546 17.000825022572474 17.045396992652222 17.168435206340565
18.62984205796061 18.703590228790926 18.679963109644536 18.552048445367724 18.319127020478707 17.985744374836216 17.56448267811979 17.07780968170212 16.584744238190062 16.13308667403969 15.729465655018176 15.379753308381213 15.08956921413719 14.8651890432316 14.715369618401986 14.655689385988813 14.720697386679893 14.98763334111236 15.552072156322463 16.394998677332854 17.420203061698228 18.557989058694574 19.741615953038373 20.947494012435 22.15277428602506 23.285224595666936 23.746543875878423 23.39077754743161 22.90439247556064 22.36261305091894 21.779762670571678 21.173299279640766 20.550862539672604 19.92202617678872 19.31728627408147 18.76446537429671 18.261632611544385 17.827766218623744 17.48017597533502 17.221005745740253 17.051031171732696 16.96838412657632 16.96958227049034 17.050423126491932
18.921176780544478 19.025813598979997 19.026386089140992 18.9131223809625 18.685575023802677 18.348889970955067 17.91811115976114 17.417579525928847 16.91212356158125 16.45165736284128 16.044068164779514 15.696368147709025 15.415697814048082 15.210739336375656 15.093968154336999 15.085443999342434 15.21935783976964 15.544205500058336 16.09815348890913 16.87520486084991 17.831827739158957 18.91948088936131 20.072347053790832 21.253695558233805 22.43588470129547 23.54130551032893 23.968505033351903 23.58563324197431 23.078664262776066 22.51994397964295 21.93134060537149 21.32423173230907 20.705847064308813 20.0848391690481 19.472702875266616 18.89966503655747 18.372900160084125 17.915323605649235 17.540666779117075 17.25174710221374 17.049465030457974 16.932777270879193 16.899364338168063 16.946262236024022
19.218772021691635 19.366144503982007 19.400422278946657 19.307270443942002 19.084417335555194 18.741967461249466 18.29976275985071 17.78531937919833 17.264870405528917 16.794567268990065 16.383138370627307 16.038283315439212 15.76806084308201 15.582361257681972 15.494667760893801 15.523980464536901 15.697370197643673 16.04332641427979 16.578880390530486 17.296545207800857 18.171891647693222 19.173494072152213 20.24426369236054 21.31747780420305 22.32917199921422 23.135904190584544 23.486058512745082 23.353017505743964 22.970349759093832 22.47680944982813 21.930785667654224 21.354550255904037 20.76195287558702 20.163846240323004 19.569176769382274 18.987414251670142 18.44261330497924 17.96826634129309 17.574531562602363 17.264137692218643 17.038043407346454 16.89581656909854 16.836070807331684 16.85690029822866
19.498651263126114 19.707673603594834 19.793200434011137 19.728269986284186 19.506338240592104 19.1503391213085 18.69191101253399 18.16361825780719 17.62702226813567 17.14656733055308 16.731523234468277 16.389448021479943 16.128389602411595 15.958072660117814 15.890898727576323 15.942690756250148 16.132304496899092 16.473904704294444 16.974438271892314 17.62825789690462 18.417208423274246 19.31393421665562 20.2707841316865 21.202839753925222 22.033915814170246 22.656203323339266 22.96094886556474 22.936859951785436 22.675096727392642 22.276744010764276 21.799378367084017 21.27526978583556 20.72442351417103 20.160308167380023 19.59192178855288 19.02550590302573 18.474449905473854 17.991128648544414 17.586308882308277 17.262361876547143 17.020391383039474 16.860508406260863 16.782125866428334 16.78425645559378
19.73694986241845 20.020376881005557 20.18105507684977 20.160802722361087 19.93266166710445 19.54888494955558 19.06972307974347 18.530134357045185 17.98050178602819 17.49152228893521 17.074045604597117 16.73463209609148 16.48028322026307 16.319185880106254 16.26106370441199 16.31785854773946 16.502274823444957 16.822308720720404 17.279480257827714 17.86644162687746 18.56638844599813 19.35352293368654 20.184768388989518 20.98037503745518 21.665997650273333 22.169996850964836 22.43634421903987 22.458015019635695 22.28411647301149 21.972127500184058 21.568212958523215 21.104787784674837 20.60377576873024 20.079831104534186 19.54241466889825 18.997624012975606 18.46896806505409 17.990125163983457 17.581855074615493 17.25174724095837 17.001202073240957 16.830880963415005 16.740922752915903 16.73115525965525
19.90266169194307 20.2656233602687 20.533892901864846 20.588471147705423 20.316581618520633 19.8856317068846 19.387658253224824 18.848035372951635 18.296950683960585 17.804534980678355 17.3868488958208 17.049186797053178 16.797450503976492 16.638397237531404 16.57967129524965 16.630916128559388 16.799590604204553 17.08916745508702 17.497666243735395 18.016170037775183 18.62817627307642 19.309375830356693 20.021185128873626 20.692139915146356 21.264260781800324 21.68259083581257 21.914448615723643 21.96122632941841 21.845975065567934 21.602971219290303 21.265968311410496 20.862349517453257 20.412356776454526 19.930184037895003 19.425497337213596 18.90693066449282 18.41275731412978 17.963748293575765 17.56816610960734 17.23861465699644 16.986079222465065 16.811833881695343 16.71669861393438 16.701236740480233
19.969458725009055 20.375052278867955 20.73855054395511 20.962300180229622 20.551597140310605 20.09745779195013 19.606049235534798 19.085113081544254 18.550948009477715 18.06234452549992 17.64854234361526 17.314054373644858 17.063870322463938 16.90343530297857 16.839197171850252 16.878181725164918 17.02428769044923 17.278074494819965 17.63533437379891 18.086144176436658 18.61446735612768 19.198041572612343 19.80287643654618 20.36435093131437 20.84046473549534 21.192947402692567 21.40062018702605 21.460480493508317 21.38470064884873 21.19476963380777 20.914296652262966 20.564406648577293 20.16201732764894 19.719927877360977 19.247818107168218 18.765194736482563 18.311470858747082 17.8985889168079 17.53482180036318 17.227039652630918 16.981383122815526 16.808996953824888 16.71441089785769 16.698854873404976
19.92724266155836 20.307641121611148 20.62052595843925 20.728326170553395 20.515671721985104 20.144454396830362 19.706109051471973 19.22818260515149 18.732832765085107 18.25712779497445 17.851939549302795 17.52258896510106 17.273627063688213 17.109728642775302 17.03688428543801 17.059211563224213 17.178618478492066 17.393947507210935 17.699776694823175 18.08579581509038 18.536815667740996 19.032983112190458 19.543970016502257 20.011563541548185 20.40608652688461 20.70681279410875 20.894588784779252 20.96079666682499 20.91234331657887 20.762738703740837 20.52800786183467 20.223636865367496 19.863090138315176 19.457658465008393 19.01894132312573 18.58305245052527 18.173726729196826 17.800995457392727 17.473172134178512 17.19734242192357 16.979637292017483 16.82545374582815 16.739618849875082 16.728974411817727
19.793560343809588 20.116162551532042 20.3608634661639 20.441157088271005 20.323348125224555 20.05578777792633 19.695315543540133 19.278910713282645 18.835664278062257 18.387206799755752 17.994622061329377 17.672235890130494 17.424532430483588 17.256638435592688 17.172868531001516 17.17566750116704 17.265819869799657 17.441729376693736 17.697860107182002 18.02376864910246 18.40513058886831 18.824466800118415 19.25451501027226 19.646784965099325 19.978148026480564 20.23153397436153 20.395689239649535 20.464407397723626 20.43510485361412 20.315675941922805 20.116721056775354 19.849365986409953 19.524437519606018 19.153087828350298 18.75667162727089 18.371002953962936 18.00838017409247 17.678474277477708 17.389596510684605 17.14899235988059 16.96305032999133 16.837475745309675 16.777424417503816 16.78204224562247
