_RESULTS/CROSS_VALIDATION_POSTPROCESSED/Berg/GZ/3comp/2/Berg_GZ_z_500_kriged_reverse_3comp_spherical_2.asc
ncols 100
nrows 90
xllcorner  5.6208707817415728
yllcorner 50.959635321741573
cellsize 0.00013419651685393446
nodata_value 1.7014100000000001E+038
[rows 54 to 71 of 90, columns 42 to 83 of 100]
0.08002017532941247 0.08312169254745869 0.09015309397136378 0.10053767000512634 0.10773367370080626 0.11170523356105559 0.11248485732647448 0.11037817741162403 0.10596872331783183 0.09998249550146972 0.0930267700086046 0.0859302013819637 0.07951125072973989 0.07451848107364276 0.07169279068353661 0.07192693382191054 0.07645084549222651 0.08674205971865291 0.08174147316404698 0.0400055716157591 0.02117410946209498 0.012275103754385487 0.007833377605484167 0.005498032944526967 0.004226145479450402 0.0035383769394963724 0.003210800093408951 0.0031314497940406897 0.0032145701132115837 0.003448620546381356 0.003845971636621417 0.004433889167073465 0.005250342317943512 0.006336709953673703 0.007723777897135452 0.009408030842790302 0.011318603892228716 0.01349507329504992 0.016347072329521508 0.019974788784990843 0.024424762649394267 0.029654172272332996
0.07619434938067342 0.07915988410900282 0.08592270114529492 0.09723301228381422 0.10910194699658181 0.11674264683541004 0.12125119725711817 0.12314308798732393 0.12282233684826208 0.12087060070264156 0.11778315793188686 0.11440480347060125 0.11168599367470215 0.1106288856510395 0.11233029434846104 0.11796299316716846 0.1279472699485301 0.1386058620750446 0.12388847298945127 0.0796474724285918 0.04750496562043082 0.029450741050076223 0.019545117559897816 0.01401120838994642 0.01086841213209894 0.009110506030356834 0.008156187321290519 0.00769148198184018 0.007594052075840969 0.007804998768789539 0.008302681803968407 0.009085997148071286 0.010159910919357622 0.011518581114500942 0.013123461663638755 0.014877144651237939 0.01663499665977309 0.019158679338348132 0.022425470461638477 0.026416515502987886 0.031092504918458608 0.03630557814553191
0.07251360335024822 0.0751395982155429 0.08137153909698891 0.09188882743836309 0.10702553320243442 0.12057264636005403 0.13050937959217437 0.13702021102365336 0.1415246085578983 0.14455705707757383 0.14648119741492227 0.14811701020198942 0.15044172178117174 0.15448948817168565 0.16120470148744634 0.17050050035910402 0.18007528065014022 0.18192586461909702 0.16293865472306024 0.12481758685976897 0.08687835493460659 0.05976717689901401 0.042477585221834084 0.031832788037990424 0.025295478227095575 0.02116912856498283 0.018598069016274997 0.017081300433277602 0.01632202956465279 0.01614294530072145 0.016433965776510115 0.0171169362133403 0.018117786037849557 0.01934129237572712 0.020647980786273955 0.021837704618979416 0.023297545229873397 0.026112353192435222 0.029607119451698805 0.0336953316386756 0.03824481400449205 0.04300947790907825
0.0690633736113366 0.07118714863156037 0.07668811695042882 0.08613875388271827 0.10064480556110451 0.11908918344619034 0.13571981441881034 0.14975084365616875 0.16115131623628806 0.17029482227894915 0.17824896060662243 0.18600702637978972 0.19440306663596305 0.20420781444283564 0.21540911759924558 0.2264663974889305 0.2336372302712034 0.2298303721912977 0.2089133457785341 0.17479209539651297 0.1379023228563274 0.10544328507310777 0.08084245246417737 0.06334117613016785 0.05125793176082844 0.04301995193584384 0.03745927421587702 0.03377502210639847 0.03143028406228802 0.030059795141758137 0.029400527156320213 0.02924094140930676 0.029383404795461032 0.029617336809133844 0.029704779125472612 0.02962891280564761 0.031075770214433463 0.033971881244320205 0.03739104332410737 0.04119386027059044 0.04516448364469957 0.048985073277773204
0.06594723188092196 0.0674438985795217 0.07207559940357838 0.0802866478589779 0.09298355515710226 0.11166969596208881 0.13367929038540802 0.1548494644090499 0.17474301137488327 0.19311530312982453 0.21000529202725848 0.22603277074051262 0.24194478729617705 0.2579800711749305 0.2732293807870772 0.2857808013699451 0.2916595141655238 0.28560036976446174 0.26454542439274126 0.2317261852398705 0.19522676337400188 0.16144163222780233 0.13162311722632278 0.10763358120628556 0.08936491207783478 0.07583104730456065 0.06593830367695644 0.058753141466863945 0.05354573710671257 0.04975589532533141 0.04694236315942708 0.04473728000454806 0.04281293750996561 0.04086417264440997 0.03867158660319878 0.03789490271226403 0.039319174269457434 0.041962441963532666 0.04491656727914273 0.047986611683755585 0.05090071363862167 0.05331351488109859
0.06327915653191851 0.06405468681414257 0.06773323342790596 0.07462125663593366 0.08541884766256895 0.10130923826428362 0.124035223518578 0.15041264768352733 0.17736144414056507 0.2041463873313173 0.23040329403036489 0.25615770856522946 0.28115805448851044 0.3045103597126427 0.3249289342126418 0.3399475855305961 0.3459267242035969 0.3392006438787114 0.3184727723486432 0.28667835330879254 0.2499204698219312 0.2142266844749093 0.18325358513257417 0.1564740514245439 0.13374492059919582 0.11529291004387215 0.10063536476097193 0.08906383568330546 0.07986711875280858 0.07240999546315713 0.06614662628790474 0.06061195809552068 0.05541282697225119 0.050240822408076195 0.046669087494832465 0.04565179074313906 0.0469392589750091 0.048962961436718015 0.051050801187771576 0.052970342432562115 0.05443619619599673 0.055128839484426616
0.06115494103135424 0.061160985742702505 0.06384383286458523 0.06939632335413877 0.07832057996438636 0.09150097011705621 0.11030333997960197 0.13666143022446972 0.16786852512487974 0.20059467261697994 0.23417334224156636 0.2676397301495729 0.29988660871639883 0.3296106141883143 0.354886543900435 0.37302927579080075 0.38090874753125853 0.3759865407805646 0.35780929244282333 0.32888231341932656 0.293922494338521 0.257928219664591 0.22455383046208377 0.19562940798779888 0.17148393201317824 0.15052217281466804 0.1323140315633658 0.11672838974943937 0.10337104934995953 0.0917632523093863 0.08143472751457037 0.07197098041197174 0.06305922686773269 0.0564031192689473 0.05275113654204734 0.05168008787561843 0.05260717327430015 0.053706256789215576 0.054619136463011884 0.0551159370603256 0.05514641576549207 0.05514641576549207
0.0594430292222447 0.05890032632364161 0.060569496744916976 0.06482093058400762 0.07197612357647007 0.08265915759368338 0.0978469697241799 0.11894842939920655 0.14770566012334702 0.1827096169707075 0.2196210717025796 0.25718370944913616 0.29390971139825056 0.32794244493493346 0.3569621393544342 0.3782552375194813 0.3891232251695914 0.38768452477209914 0.37378649150271015 0.3494234881882458 0.31822163466773573 0.28423861466743355 0.25082518086105554 0.22008466209082578 0.19292546628283516 0.16940643637098662 0.14910938935835324 0.13133674562142403 0.11516726835886223 0.10038072543850356 0.0867822041803045 0.07432751833173924 0.06506291699713014 0.0590600644490954 0.0557596540159078 0.05486818166856749 0.055100672391512485 0.05514641576549207 0.05514641576549207 0.05514641576549207 0.05514641576549207 0.05514641576549207
0.058114596913515185 0.05741269845715154 0.05805602042758937 0.061062535097293716 0.0665928723129049 0.07505327934397193 0.08711047067277589 0.10366805818016035 0.12559669221476166 0.15403841648460012 0.18939835332323893 0.22706075636521228 0.26461840990866725 0.2999736620081911 0.33067729043755 0.35411202645782264 0.36789519652599967 0.3704705846594169 0.36167566868825324 0.3429525031713812 0.3170004329726063 0.2870111065831109 0.2558778301168811 0.22571031109363582 0.19772979125526388 0.17242129811701243 0.1497788600204053 0.12953471997597032 0.11133006031133928 0.0948250402620703 0.0805603766345853 0.07004567598708669 0.06266801518892312 0.05792133239711168 0.055512085213910406 0.05514641576549207 0.05514641576549207 0.05514641576549207 0.05514641576549207 0.05514641576549207 0.05514641576549207 0.05514641576549207
0.05718780508247998 0.05662140174526063 0.05644556286176934 0.058260710765463235 0.062308747256895156 0.06878457423562788 0.07807422381701846 0.09063036175918922 0.10695357213115612 0.1276640388188304 0.15329109038965222 0.18406905290118616 0.2185544151117793 0.25192800535648224 0.28165168262708395 0.3053273049380716 0.32083733808779796 0.326782144716373 0.3228522329399752 0.3099520811473567 0.28997809887731424 0.26533000822833175 0.238368296676463 0.21101992156831675 0.18461460814495384 0.15991440940755638 0.13724738772752662 0.11666581331884868 0.09844271092389414 0.08404344212588963 0.07311406109998823 0.065110832188944 0.0596091949795421 0.05632818167107898 0.05514977274450688 0.05514641576549207 0.05514641576549207 0.05514641576549207 0.05514641576549207 0.05514641576549207 0.05514641576549207 0.05514641576549207
0.05662867384060583 0.05617556057032944 0.05578756805892968 0.056380388691263335 0.05898256513603871 0.06364294522320149 0.07052541177652268 0.07978635477622496 0.09170810008768823 0.10657336596587139 0.12456283632683333 0.14562651059474674 0.1693233191856862 0.19466001525470544 0.2199670223995933 0.24167962207801616 0.25709983520627794 0.26495161638700165 0.2647734090068618 0.2570107735690182 0.24288878034685416 0.22410777078033384 0.2024798435961895 0.17962878841730623 0.15682132131255802 0.13493458427970192 0.11535088475749047 0.09890427979803648 0.08551324734224156 0.07493344004281108 0.06686736478764684 0.06103819157078845 0.057237703199055356 0.05536095079531475 0.05514641576549207 0.05514641576549207 0.05514641576549207 0.05514641576549207 0.05514641576549207 0.05514641576549207 0.05514641576549207 0.05514641576549207
0.05616589490344421 0.05580946495980071 0.05551563019419864 0.05536797086595814 0.05661693950796341 0.05967231723827196 0.06447560319572562 0.07107939094886612 0.079591387324478 0.09009847288323038 0.10260384476769355 0.11694892576620654 0.13272791723507008 0.1492156442081123 0.16534261715494813 0.17975641220263477 0.19099397977161575 0.19774950208374803 0.19916879122874784 0.19506581041885312 0.18597213062778184 0.1729977605806446 0.15756294144231797 0.14110502409025186 0.12485217124981365 0.1097065500466569 0.09622982319732942 0.08469612010545952 0.0751741853125085 0.06761093194066937 0.06190240037908237 0.05794910605045384 0.05569955887798352 0.05514641576549207 0.05514641576549207 0.05514641576549207 0.05514641576549207 0.05514641576549207 0.05514641576549207 0.05514641576549207 0.05514641576549207 0.05514641576549207
0.055773010218315947 0.05551029256776281 0.05530901035635664 0.055183383989534346 0.05534332594940069 0.056898540773639796 0.059924016695042 0.0643806139442183 0.07025618806997148 0.07752550998083686 0.08610642422659111 0.0958125734219002 0.10630847048744674 0.11707896750043557 0.12743003824983148 0.1365372694004988 0.14354850790936535 0.14772740084611408 0.14860201458490563 0.1460704640683034 0.1404247016284756 0.13228327014652802 0.1224586059346586 0.1118052532398795 0.1010932219875975 0.09093163883121706 0.08174531724697463 0.07379158530641533 0.06719975788096898 0.062018328704092275 0.05826091548356286 0.05594801244716202 0.055146420225922615 0.05514641576549207 0.05514641576549207 0.05514641576549207 0.05514641576549207 0.05514641576549207 0.05514641576549207 0.05514641576549207 0.05514641576549207 0.05514641576549207
0.05546435096054768 0.05529233147896828 0.05518182020318919 0.05514641576549207 0.05514641576549207 0.05539252458375228 0.056863647119130535 0.059552516067795616 0.06336499358032328 0.06820924098219655 0.07396309912237278 0.0804439926514531 0.08738451044822486 0.094419921202269 0.10109549714486131 0.10689998885245874 0.11132571702348376 0.11394624850466194 0.11449309540663946 0.11290873370932691 0.10935840632969335 0.10419663315582668 0.09789983773190859 0.09098639978340997 0.08394580996362011 0.0771911421049959 0.07103892574833276 0.06571251232371998 0.061361346528523 0.05808877530877757 0.055983559778041196 0.05515363633757308 0.05514641576549207 0.05514641576549207 0.05514641576549207 0.05514641576549207 0.05514641576549207 0.05514641576549207 0.05514641576549207 0.05514641576549207 0.05514641576549207 0.05514641576549207
0.05525338355907959 0.055169244441845774 0.05514641576549207 0.05514641576549207 0.05514641576549207 0.05514641576549207 0.05532170577159273 0.056496467464132 0.058645015358577655 0.06162989364299639 0.06530759734840912 0.06950677600702249 0.07401314036480394 0.07856370766302379 0.08285359570881536 0.08655737421580824 0.08936378534421241 0.09101814091920335 0.09136267256842806 0.0903638111883864 0.08811820344515779 0.08483558892053077 0.08080381386644066 0.07634609258988129 0.07178137005707455 0.06739573708145413 0.0634283083998461 0.06007095229284999 0.05747902335445211 0.05578998157645005 0.055148021076739065 0.05514641576549207 0.05514641576549207 0.05514641576549207 0.05514641576549207 0.05514641576549207 0.05514641576549207 0.05514641576549207 0.05514641576549207 0.05514641576549207 0.05514641576549207 0.05514641576549207
0.05515306256823631 0.05514641576549207 0.05514641576549207 0.05514641576549207 0.05514641576549207 0.05514641576549207 0.05514641576549207 0.05519166751648976 0.05592397685215785 0.05741868125516002 0.059514243235931255 0.06204650756827398 0.06483665925800738 0.06768682013952881 0.07038404826201361 0.07271287523413345 0.0744749215374353 0.07551205397814985 0.07572787326949457 0.07510200634877345 0.07369323645535264 0.07163057459938516 0.06909480374186004 0.06629546026000112 0.06344884396204467 0.06076156150634063 0.058422109656215825 0.05660107574223132 0.05545937778722561 0.05514641576549207 0.05514641576549207 0.05514641576549207 0.05514641576549207 0.05514641576549207 0.05514641576549207 0.05514641576549207 0.05514641576549207 0.05514641576549207 0.05514641576549207 0.05514641576549207 0.05514641576549207 0.05514641576549207
0.05514641576549207 0.05514641576549207 0.05514641576549207 0.05514641576549207 0.05514641576549207 0.05514641576549207 0.05514641576549207 0.05514641576549207 0.05514641576549207 0.05537272844865412 0.05618579005007799 0.057432872620842484 0.05895341629356788 0.06058741685479825 0.06217601638918188 0.06356771411990564 0.06462879076846592 0.0652556689715095 0.06538629420652105 0.06500764687853178 0.06415738128706538 0.06291914460512511 0.061412843199094805 0.05978239943036498 0.058184004346120165 0.056777528275813026 0.05572293908152021 0.05518276483885293 0.05514641576549207 0.05514641576549207 0.05514641576549207 0.05514641576549207 0.05514641576549207 0.05514641576549207 0.05514641576549207 0.05514641576549207 0.05514641576549207 0.05514641576549207 0.05514641576549207 0.05514641576549207 0.05514641576549207 0.05514641576549207
0.05514641576549207 0.05514641576549207 0.05514641576549207 0.05514641576549207 0.05514641576549207 0.05514641576549207 0.05514641576549207 0.05514641576549207 0.05514641576549207 0.05514641576549207 0.05514641576549207 0.05531896521197774 0.05582664049770002 0.056528677755346826 0.05729444137915446 0.05800739496776444 0.05856959943647688 0.05890770117763711 0.05897863981477884 0.05877345756758209 0.05831813282267588 0.05767120142086744 0.056918839685165916 0.05616879871556477 0.05554492957847728 0.05518402367979987 0.05514641576549207 0.05514641576549207 0.05514641576549207 0.05514641576549207 0.05514641576549207 0.05514641576549207 0.05514641576549207 0.05514641576549207 0.05514641576549207 0.05514641576549207 0.05514641576549207 0.05514641576549207 0.05514641576549207 0.05514641576549207 0.05514641576549207 0.05514641576549207
