_RESULTS/REVERSE_NEW/MHZ/TZ/6comp/MHZ_TZ_z_63_kriged_reverse_6comp_spherical.asc
ncols 100
nrows 81
xllcorner 5.5967107548124995
yllcorner 50.982328804812504
cellsize 0.00017565037499993607
nodata_value 1.7014100000000001E+038
[rows 57 to 75 of 81, columns 43 to 85 of 100]
2.584301614690358 2.153273848583296 1.7745555955364125 1.445510377032563 1.161897251314947 0.9269962127123687 0.7414479676836492 0.6027516078115166 0.5063680245850892 0.4482685938660763 0.4287509388708596 0.44729285423791626 0.5077059543374801 0.6177011411083659 0.7875256994543398 1.0268912808953237 1.3450162671596408 1.741161966881321 2.2172785033755056 2.7653130401145862 3.356094162476042 3.9759982189139667 4.62218578191331 5.292443773336584 5.964190423710532 6.602080566318799 6.781747898456968 6.0829617089549775 5.40031805661113 4.832746827030051 4.368369042215285 3.992961439682489 3.681967378106197 3.3896532001763497 3.113895546550513 2.857745096766383 2.624637433004409 2.416701603539215 2.235171204281637 2.080452985610884 1.9533179218233832 1.8533340557832365 1.7797715709971234
3.0050760797386755 2.533095875958379 2.101229255560989 1.7257439893146689 1.4018876533286615 1.1320828769234785 0.9173544094107884 0.755227223474723 0.6406436773713396 0.5686657058565031 0.5398855127533423 0.5509037238122398 0.6028449437269686 0.7007280439630382 0.852357697422351 1.0674437358896816 1.352918933148907 1.705454263701369 2.1314438749331566 2.639672719396526 3.203002016969879 3.8057744687319297 4.437521978203055 5.085330124748659 5.721990332507654 6.272995930091424 6.387087577262298 5.843817908572769 5.2250032073101185 4.690322513432444 4.2451228721526455 3.8828503427648817 3.5738619237550626 3.2843699306592895 3.015567587570348 2.769030718428035 2.546307091207902 2.348572881391838 2.1764326195657873 2.0300464308558035 1.910111980410047 1.8161483115618642 1.7481732576012925
3.549602636311354 3.0837184964387805 2.591831914477088 2.1419754364426504 1.7534241101112413 1.426022351396041 1.1628465779575157 0.9620974716275651 0.8178466610577362 0.7232781982512915 0.6785835772517194 0.6781404636618458 0.7198738221991577 0.8065069184664135 0.9441001410076523 1.1399330092690174 1.3928680133857003 1.7061398221098898 2.084970335502584 2.542458603223463 3.0636209627818793 3.62180793408799 4.200439214094005 4.77380123728258 5.293676630362825 5.660938198532524 5.680906289473113 5.31153388663958 4.853471154907826 4.414753820476013 4.031313574170734 3.710802850398393 3.4208526184621806 3.1479735858143454 2.894871426173149 2.663392664871523 2.4548919307137993 2.270234033881293 2.1097891078180386 1.9737466545629596 1.8627762037756492 1.7771655986717534 1.7175312591158423
4.22084139310965 3.7907167145193794 3.2863628071231816 2.75170730590884 2.261728336070895 1.8446212375647018 1.5055624472479847 1.2446296284984963 1.0545633938113674 0.9253582990789756 0.8553495648265892 0.8376224821888456 0.8658777617437339 0.9405980780042539 1.065200756869995 1.2377485453759118 1.4605184245137701 1.7375873610848274 2.0736477746544852 2.4763327468317606 2.945545187501304 3.445838544900525 3.953843882009517 4.437006004029683 4.844865031548961 5.065702187932308 4.980579834461135 4.724820026784425 4.400768280106368 4.06828324341601 3.7631339877582652 3.494611623996777 3.235705241729334 2.98844039278661 2.7572839189743314 2.545158783141414 2.353971397982613 2.1847027126781 2.03778051282548 1.9138115946142107 1.8143701502262157 1.7395075007088812 1.6893591872752367
5.003418790770634 4.650681107959581 4.171051942364375 3.5960169808292197 2.9900574966674522 2.4337740369530767 1.9778704157696483 1.6263022385994248 1.3686934079958708 1.1895989338603739 1.082357785027454 1.0395765274277797 1.0498485035219944 1.1096702563351752 1.2132051082983444 1.3606207056722897 1.55419272737075 1.796989238362719 2.0927544863339826 2.4458092978868122 2.8582682933541608 3.2953458390112855 3.7300328471188346 4.126477944710074 4.395214620916973 4.4591383922638475 4.353310895243746 4.1731416404293125 3.9454449134259204 3.7036491989700293 3.474128343011631 3.2529857405955256 3.029671154875699 2.812743842657255 2.607786724594788 2.4184346891185693 2.2470082569115415 2.0949382519581112 1.9635948321183676 1.8544360504352 1.7681040642527301 1.7047574885460857 1.6648525425743466
5.842305380666055 5.638502875313025 5.2498745274268455 4.658874193285769 3.9397313052338885 3.2306530013248986 2.6157793231419033 2.1332094881045474 1.7808132827769398 1.5335927071036939 1.374869485603986 1.2972633345626234 1.281175844803037 1.3134366892931413 1.3902336008682776 1.510404314063057 1.6744528854097769 1.884031882904601 2.141584114185828 2.4499939577596734 2.8092635233883874 3.185522262863153 3.5292390012342643 3.7866461801992752 3.9085595836985565 3.8864874757596133 3.807017315792153 3.681155284751761 3.5235385323517896 3.353726323192674 3.1851998093231764 3.0036149826898693 2.8156752553699556 2.629914159126295 2.4522888578939868 2.2870878329931963 2.1372840034384635 2.004763492057175 1.8908798811917027 1.7972871924259088 1.724598449363531 1.6733459166154228 1.6443640166697409
6.631967264257671 6.6697805704492445 6.49790678840282 5.942598733108769 5.052787383473095 4.145645463745315 3.3770211617661228 2.7690985103581136 2.309959014845262 1.9769079404866507 1.7516319401887432 1.6208286462186206 1.5603558960440618 1.5561339075563718 1.6008576314726377 1.6906429255275726 1.8239199156613293 2.0006809049863583 2.221929291944585 2.485746570844896 2.78019377535514 3.05743163481267 3.2767512505142053 3.4044223013037027 3.4226056106319827 3.398382538273366 3.341995720280338 3.256577724210609 3.1509332556683063 3.036995807927774 2.9077217678164384 2.760608710848531 2.6054085698382488 2.449839234014508 2.299713316730551 2.1592656004770507 2.0315027793701743 1.9185160907579097 1.8222595088199824 1.7443510027570541 1.6856003969446638 1.6469159556530801 1.6292700631612798
7.178043880413 7.530263483865419 7.776360012887914 7.402808960348133 6.163532987468982 5.028874164135456 4.125704557291391 3.421751858484221 2.886617760982312 2.485967358023058 2.1931410453252713 1.999178850886409 1.8873337802335386 1.8397442447564785 1.846086800834989 1.8993166554894685 1.994265313047533 2.1264281626956443 2.290856192207834 2.4811075293470384 2.687658605310262 2.8663323288116884 2.9760430345884 3.0064719374001942 3.0100240590824634 2.9938728159181816 2.9573304289882434 2.9030020841643296 2.8367267292107092 2.7576481716033623 2.6551626108379462 2.5368587527839273 2.410371074028949 2.2821780823193287 2.157461161624796 2.0402003805655546 1.9333701428908647 1.8392794591409714 1.7603326704066853 1.6979160212523812 1.6531770503737016 1.627388534795392 1.6191805971044182
7.278325246734736 7.8391287519140675 8.315732610673525 8.124646679946688 6.815345158475387 5.651537607734786 4.717055136108512 3.970683145774972 3.3853704221669383 2.9341267995149285 2.5933583596071403 2.346618823455667 2.186264089752599 2.09386700178801 2.0564582629450734 2.064399722651653 2.110033530213321 2.1865557117037726 2.2870600707410764 2.4037312693063284 2.5266731319529856 2.6154524046066974 2.651052616503958 2.6696459519951943 2.674277645393983 2.666552201395847 2.646684743680867 2.6168474916061086 2.57692762112261 2.5144637999301342 2.432848624692202 2.3380072796914573 2.2357868500515785 2.1314412219542294 2.029402604739715 1.9332528526569224 1.8458139351105334 1.7698397272952935 1.7074566008425824 1.6601495162836506 1.6293721756162716 1.616742793201234 1.6144739305081355
6.998028554230394 7.431906173801092 7.73235134199856 7.50674490550694 6.727234161297288 5.814421418427189 4.989750447918774 4.28665450718785 3.709282848686705 3.2472799430391386 2.88503452516241 2.606819610878972 2.403795934804351 2.2689124182757987 2.188002889228587 2.1499878242482464 2.1457513487653466 2.167203585101952 2.2065199692184434 2.255559369857092 2.3048377970997724 2.34427049636175 2.375276710987147 2.396719160751666 2.4079593401182824 2.409220387690067 2.4032979306132614 2.390215389107108 2.358170521133975 2.307682093591955 2.242335775795886 2.166427249704287 2.0843996379374605 2.000439236458062 1.9182483425526347 1.8409653003152318 1.7714672646608742 1.712457722801412 1.6657839122737814 1.6331395111873197 1.6162553632112435 1.6142117181178084 1.6142117181178084
6.470061473408842 6.7207127043451536 6.818210543861462 6.640105473541894 6.17371104732412 5.548173822764162 4.912416196806676 4.322237450145212 3.806807954446065 3.3746813781111684 3.021725738954674 2.7386467649059956 2.5100956965504557 2.3410327452450823 2.22262697849364 2.143618333683329 2.0945201583757265 2.0669412767148185 2.0530433143509543 2.056791488835569 2.0887243141183025 2.1243557923836534 2.154800033235321 2.1794008721054294 2.197984786519668 2.211064153511497 2.2165660248717893 2.2051919865615877 2.177543162387593 2.1361374157562416 2.0835300191782107 2.0228664407524484 1.9575266334363857 1.890826611282277 1.825826424735097 1.7653972201986352 1.7124544992195883 1.6691351841966307 1.6373527550486828 1.618825064195667 1.6142117181178084 1.6142117181178084 1.6142117181178084
5.831164066400805 5.9559317406717955 5.955820051215743 5.783354483400175 5.444651580223747 5.003658235858429 4.54142502257392 4.0916506797363645 3.6716495252834553 3.299965918037432 2.982727692482062 2.7165638555936398 2.489477160052976 2.3001363632206213 2.154661013479879 2.0441379005072253 1.9618954225715641 1.909631506319936 1.8861210188982798 1.8910759997680802 1.9216432251992925 1.9545116482969753 1.9850508333204075 2.012943377745997 2.0382996804709697 2.0558489801681246 2.060357326970005 2.051459539937946 2.0298010606509793 1.9969423034405682 1.9551441034404453 1.9070930677934357 1.8556305090691942 1.8035325232343233 1.753491245345953 1.7082754070842396 1.6699736193025987 1.6404085337428747 1.6212683572042659 1.6142183970653696 1.6142117181178084 1.6142117181178084 1.6142117181178084
5.173499031280521 5.22349594744778 5.18107504434252 5.02751478648938 4.770597194320279 4.444377483776525 4.088611443633031 3.7216038214751035 3.3746850925099587 3.06329540079011 2.791463057474119 2.5561391091626797 2.3495801628504474 2.1704902662673864 2.021983297487897 1.9104715894799205 1.8318319286648799 1.783060985647759 1.7626234819825262 1.7704087602915557 1.799784859499777 1.8307935877625976 1.862004296946405 1.8912632608936744 1.913289708045507 1.926404575974236 1.9296386286194407 1.9227294105997779 1.9061534054073057 1.881066119763328 1.849165833500634 1.8125141148092512 1.7733512065561725 1.734104732399962 1.6973167081785159 1.6650748185335396 1.6393025560270125 1.621807790902528 1.6143534309599181 1.6142117181178084 1.6142117181178084 1.6142117181178084 1.6142117181178084
4.547915285874742 4.557044623310329 4.50000924726114 4.369824837847857 4.173439462485707 3.9309461401974137 3.663216780678344 3.378548322545251 3.097408323940238 2.8347242161079897 2.6001386632127104 2.393644345977001 2.212165364052192 2.0555495180093217 1.9229675532591841 1.8167177678818167 1.7423727993262856 1.6976324542488324 1.6811862724851752 1.693168863878624 1.7203488249990584 1.7478901518190217 1.773318536929017 1.7948743680452766 1.8110218975450842 1.8205741806851143 1.8228040144315956 1.8175177546143086 1.8050752816043691 1.7863514159237612 1.7626477036084123 1.7355838035674733 1.7072239997557308 1.6796071436323459 1.6546569612982085 1.6342454259576884 1.620190264972273 1.6142863146961128 1.6142117181178084 1.6142117181178084 1.6142117181178084 1.6142117181178084 1.6142117181178084
3.9797491632639765 3.9687015978063416 3.911039648124782 3.8047445055369917 3.6554996043354224 3.476034195710699 3.2749868983073243 3.056418639121104 2.836238802405608 2.6266990626502125 2.4351202477388605 2.260155997883391 2.1040408069734693 1.9686690424392386 1.8548522095657785 1.7627713653408155 1.6933306656506282 1.651955694529421 1.6382841278045808 1.6499309752491476 1.6680453775835353 1.6866441405656545 1.7041659237379219 1.7191805583310582 1.7304682343156443 1.7371025711526544 1.738522919354425 1.7345816806498924 1.7255566704153138 1.7121262226725678 1.6954544272780863 1.6769899890541025 1.6582691998885828 1.6409324681432165 1.626671077363735 1.6172006134020769 1.6142117181178084 1.6142117181178084 1.6142117181178084 1.6142117181178084 1.6142117181178084 1.6142117181178084 1.6142117181178084
3.4796163640391655 3.460489315482218 3.4089724813239375 3.3251390546639543 3.2135057332676906 3.082475268183355 2.931502124254208 2.7651449448821555 2.5951548494643246 2.4311850608715044 2.2771944474634553 2.1336894741220953 2.004400452541003 1.8917096063333676 1.7970470714660718 1.7212864576352631 1.6650790606815802 1.6291368783061608 1.6169603791332026 1.6234096956074833 1.6328603714700063 1.6435949481233847 1.6542733417088618 1.663700861621998 1.670880466325067 1.6750671306445295 1.675814625852634 1.6730360099120127 1.6670512301738012 1.6584636351625062 1.648159943326165 1.637260374352608 1.6270637646103159 1.6189995528162142 1.6145944451873027 1.6142117181178084 1.6142117181178084 1.6142117181178084 1.6142117181178084 1.6142117181178084 1.6142117181178084 1.6142117181178084 1.6142117181178084
3.0496915888494702 3.029256300464132 2.986747670579062 2.9230674882370637 2.841784980673076 2.7473167775834284 2.6345199680882105 2.509228334913355 2.3799931481691465 2.2536849015487626 2.1309558988719686 2.015407614368334 1.9106698456744713 1.8193124460422718 1.7431403697840913 1.6834906405553522 1.6415093880406288 1.6184076368760676 1.6142117181178084 1.6142117181178084 1.615632828713507 1.6192402864892774 1.6238353005647668 1.6283847627187757 1.6320554447112006 1.6342479273396457 1.63462530656111 1.6331309020596918 1.629991347558821 1.6257044259770865 1.621014147764972 1.6168781211479553 1.6144337126382853 1.6142117181178084 1.6142117181178084 1.6142117181178084 1.6142117181178084 1.6142117181178084 1.6142117181178084 1.6142117181178084 1.6142117181178084 1.6142117181178084 1.6142117181178084
2.6874416486693673 2.6692569823481183 2.6365270674451655 2.5904261476765984 2.5337986706874283 2.4660394502845016 2.3827336341798597 2.2897860718684915 2.193478004488635 2.0962730955350786 1.9999946721938187 1.9088411502543658 1.8261383863581813 1.7544578684064547 1.695805429358201 1.6518391393980159 1.6240949165155025 1.6142144369427365 1.6142117181178084 1.6142117181178084 1.6142117181178084 1.6142117181178084 1.6142117181178084 1.6144078268681479 1.614988089898974 1.6154686159740468 1.615559748539724 1.6152129456586537 1.6146226259253784 1.6142189171969907 1.6142117181178084 1.6142117181178084 1.6142117181178084 1.6142117181178084 1.6142117181178084 1.6142117181178084 1.6142117181178084 1.6142117181178084 1.6142117181178084 1.6142117181178084 1.6142117181178084 1.6142117181178084 1.6142117181178084
2.3879543866971735 2.373702785091004 2.350470173873072 2.3194702162320935 2.282524585472645 2.233708958715055 2.1734057819689734 2.1060805693546314 2.034982498919136 1.9605284725904122 1.8865057712239368 1.8164422962154383 1.7533146541876317 1.6996000316464377 1.657396799449757 1.6285858799245916 1.6150164568060275 1.6142117181178084 1.6142117181178084 1.6142117181178084 1.6142117181178084 1.6142117181178084 1.6142117181178084 1.6142117181178084 1.6142117181178084 1.6142117181178084 1.6142117181178084 1.6142117181178084 1.6142117181178084 1.6142117181178084 1.6142117181178084 1.6142117181178084 1.6142117181178084 1.6142117181178084 1.6142117181178084 1.6142117181178084 1.6142117181178084 1.6142117181178084 1.6142117181178084 1.6142117181178084 1.6142117181178084 1.6142117181178084 1.6142117181178084
