_RESULTS/REVERSE_NEW/MHZ/TZ/6comp/MHZ_TZ_z_250_kriged_reverse_6comp_test.asc
ncols 100
nrows 81
xllcorner 5.5967107547500001
yllcorner 50.982328804750004
cellsize 0.00017565049999994641
nodata_value 1.7014100000000001E+038
[rows 40 to 59 of 81, columns 43 to 85 of 100]
27.40201642557881 27.295245277370274 27.39189723521242 27.606204480737162 27.836547435070745 27.986214515350934 27.97423202562934 27.7364811879238 27.223832708801343 26.405859460914762 25.285963593149223 23.92577695103943 22.46277838653458 21.095577710561482 20.02830404590459 19.40364607863288 19.265150635218628 19.559529871250437 20.164363515949756 20.926343258616647 21.699612109123713 22.373911411482876 22.886264955842115 23.21803234856806 23.383964768813552 23.419334013652833 23.368615741418196 23.27717254012563 23.186198313192676 23.130217293796058 23.135192862263278 23.214836000612056 23.365452222926404 23.563993833767253 23.77307966978925 23.95053490439097 24.05791969343221 24.065068541488007 23.95108790744697 23.703921989949738 23.320888527390895 22.811738497900038 22.20383042853921
26.652243899411655 26.613454875715377 26.792688922172463 27.094950090559898 27.406148763809092 27.615541846482483 27.62717188046499 27.360599334923986 26.74916802881655 25.746634726018748 24.35048273122429 22.639716987740865 20.802046249175813 19.10833496440093 17.82554204989959 17.12612452515877 17.05321563929013 17.536376411903674 18.425074340729985 19.52831687310468 20.659579859805884 21.67535487201041 22.493018657034053 23.086834047524885 23.47192267177505 23.686292923614687 23.776365601202695 23.787701979772052 23.760591740415173 23.728866607454492 23.719352409325882 23.74946969875419 23.823027303512404 23.927883860582412 24.038951981403944 24.125379081449644 24.15766519944398 24.111804436728104 23.970337868700582 23.722035721962886 23.36248421273114 22.897135822065636 22.346507713663065
25.72896561160877 25.768956747630543 26.051590330175372 26.472600664787244 26.903021389725012 27.214042857259802 27.29005270955861 27.02959926307202 26.34396198562464 25.16693100204962 23.487806125846916 21.406274852086764 19.171326341545914 17.13741147907456 15.63335411089436 14.84948126864967 14.82094819060478 15.465964142919352 16.619336864589226 18.061496893382863 19.56403041387205 20.94230954496958 22.086170391424393 22.958035332634413 23.571504088884897 23.9670695766198 24.19374862538292 24.298647723811953 24.32317450617916 24.303040605536463 24.268612138619172 24.243026440109016 24.238296986991543 24.252705248746278 24.272541928866005 24.27757310298386 24.24691620728335 24.162680797658968 24.010960799102836 23.781566519515717 23.46859409104151 23.0733373403872 22.609306114525598
24.689064890972443 24.82291452620735 25.237520553721538 25.8193535814722 26.421901393421525 26.894224095482382 27.097197769524193 26.905518400405853 26.206260063381414 24.910521640901642 22.99490950915851 20.575005140521142 17.96035900788123 15.591453190022916 13.856269208951552 12.954559913061281 12.909740304791706 13.63723366717074 14.975606744985914 16.69397355275371 18.527817911209475 20.245853284941198 21.70122630560625 22.837628083800684 23.663674104936202 24.221380508184655 24.56300009536352 24.73891791076266 24.794079035352034 24.76868106221049 24.698841125809285 24.614673668582295 24.53639332150174 24.471612528908913 24.416403158916797 24.359586209791654 24.287563036109216 24.187432536756294 24.04791783002339 23.859232580106163 23.613721761787627 23.308621403856556 22.950747173766427
23.62496709390601 23.873089272184707 24.45534053234941 25.249207758587556 26.088088534731906 26.7953639683468 27.20620423269084 27.17174387336017 26.556789201320598 25.249859645696866 23.206792838619368 20.53840951858619 17.590518732096875 14.881431700747466 12.869533340469545 11.7775316186309 11.622763939213893 12.32103579179845 13.724269003286718 15.606271969722346 17.6787973687458 19.665465399294447 21.37676525772449 22.730810202609067 23.726790237307256 24.406468364114733 24.82558896955597 25.039400409226552 25.09855106857858 25.04971165163323 24.935981200544667 24.79467115501327 24.653437201538846 24.52770805004106 24.421396405042305 24.330285203539255 24.245931269387714 24.15832422344603 24.05691734518818 23.930906169082036 23.7701887095509 23.568055813151734 23.325433373705614
22.655779542492656 23.043529092246942 23.83283402284454 24.89253277877202 26.033407652986646 27.050132211420298 27.7518232402026 27.96994261360132 27.554298075125406 26.37699124808583 24.36704905152297 21.597391143160475 18.394967419860837 15.324744920901523 12.941721787655341 11.539844642968442 11.154947896662295 11.701663584559903 13.038504867321551 14.947625569071226 17.1296087821655 19.27292347067251 21.147082509783317 22.641183806487973 23.741011305880143 24.485719978820573 24.934080103163556 25.1470325059929 25.182159047598084 25.09342459190706 24.930911860135907 24.73835497158541 24.54953351696604 24.385989460347922 24.25743869750515 24.164272187544373 24.10057833632193 24.056505306784047 24.0197256432356 23.976544182434008 23.913513808072853 23.82018275100915 23.692788217980187
21.90557394635778 22.460068660796768 23.49234057695488 24.86208271072684 26.354387159613328 27.73254089590973 28.780992756855817 29.318483559094016 29.191955304522576 28.271988410033654 26.469136826871786 23.797282177339564 20.493702962993506 17.090057830651205 14.23660052762532 12.37113818392362 11.607508540340433 11.870139216839448 13.009428233004359 14.804964040512026 16.95113965587843 19.11452765457357 21.0328562221543 22.56795925209203 23.69006451188473 24.433326088020767 24.858335259882484 25.031521942335893 25.017403021538442 24.8767671065538 24.66555308938598 24.432360790389694 24.215361250452176 24.04032864929627 23.920632632750003 23.85877303195428 23.848582387789964 23.87753006127691 23.929000491945747 23.98463686730528 24.02690859146946 24.04201865895615 24.02295712967192
21.473629541282 22.217211681313152 23.5140412953508 25.212346757262686 27.067994326182227 28.811652243601966 30.20698236090766 31.068845445229186 31.254513921627737 30.651660447877422 29.176333930125008 26.79925996175622 23.633956761354167 20.068832238301844 16.755784370626245 14.307271768982444 13.006880878829946 12.838960823178372 13.645877559300107 15.18998767436089 17.155719874641267 19.19746968786672 21.03286572585812 22.502056512913846 23.559861144485623 24.23374168962861 24.584684158137566 24.683699565390253 24.60129403137338 24.40362616426128 24.15051220384555 23.893187042209323 23.67192977963008 23.514400296366926 23.435134679348923 23.436127867151676 23.50836477662511 23.634308374733205 23.791254624251003 23.95512690409184 24.10412044261023 24.221792910753052 24.299406099198084
21.40744340473825 22.34883190714867 23.905743267627706 25.911285965575015 28.09055776006498 30.145058046722344 31.825609026461578 32.952381142826795 33.40189959632613 33.090176561791935 31.959536631932455 29.975169490398017 27.161888835085975 23.721943973708004 20.161167184814673 17.168028205943177 15.243734046030433 14.519186982495624 14.867623681071848 16.035359459326333 17.692350283280636 19.485075264400777 21.120324160120102 22.42323986948927 23.335479664598516 23.877688757293143 24.11058520665757 24.10898018403649 23.948126885179835 23.697557680008504 23.41829456136893 23.161150920053096 22.96531777133625 22.857159061633173 22.849369972821957 22.94082118210351 23.117636059610472 23.355996460651486 23.626577407126433 23.89969450565752 24.149902715041982 24.359183805280942 24.518536859218447
21.688330223277692 22.814425360881323 24.59344219769692 26.84150122323513 29.257633099873992 31.524784890633278 33.39213928544709 34.6921469215058 35.32244260209742 35.22650874383 34.376286875262515 32.75442603967399 30.3551554663118 27.25231132795915 23.751289556709136 20.450845019079026 17.98403341194409 16.674701040408 16.493017007519978 17.19909178735064 18.45512711310901 19.903345599605935 21.24626413301412 22.300662942757153 22.999355093133246 23.358444824136658 23.439520643711198 23.32140883673703 23.083125505896128 22.795234013125786 22.516473716650694 22.293053103635117 22.158691418926946 22.134344186059295 22.22746145587935 22.431448918102802 22.726474293990563 23.082525849663128 23.464624868121657 23.838906685988874 24.177806317338153 24.4631513249722 24.687002075689378
22.233936808550133 23.50650100801362 25.438573532165627 27.83315574802935 30.375860618867627 32.74618927770148 34.7014768038708 36.08861857138148 36.822313373665196 36.865092706260214 36.209504989542005 34.85676873670354 32.80314773752888 30.071180171113067 26.826092587579335 23.50586166539616 20.72636973100237 18.94489429910519 18.26095330444498 18.489722955617623 19.306437039341326 20.358053596145588 21.349990912341372 22.098197799847846 22.533321261000413 22.672045917899286 22.580295240937254 22.342462121084967 22.040630226768794 21.74349629823681 21.502964453400143 21.355251807604084 21.323227874729362 21.417801824734422 21.637842358681738 21.96959664661345 22.38728217126775 22.856129198212802 23.337825586613132 23.796873699528128 24.205818791164315 24.547987338819794 24.817622846753192
22.91674140939338 24.276920058516556 26.275013025726906 28.711303424857306 31.27485161891134 33.6550839009716 35.62186647098562 37.03394042566914 37.81638736098408 37.94107949275738 37.41003599720353 36.23555489410372 34.42419224697135 31.990927561951445 29.038451670359432 25.878141602143124 23.028430406937726 20.97268145395472 19.90574272641138 19.715109318404764 20.11068916946717 20.757671150475122 21.374035896649644 21.78419396784939 21.925568230305526 21.823040029686393 21.552249674557054 21.205505982137428 20.8669623480435 20.599623512248705 20.44302559314302 20.41735847765148 20.529083914351705 20.774695273358855 21.141774853174393 21.60860681086926 22.14449495769205 22.7123908795957 23.27388782819957 23.795073647730387 24.251184548406833 24.628722128873626 24.924980046961338
23.592505323596527 24.97176386854255 26.94823449181661 29.33293160642515 31.83362536954889 34.15760131524456 36.08643738812617 37.48555887195564 38.2837753781098 38.45458744700706 38.00122635179238 36.94023414396394 35.28789973278007 33.06837012211068 30.368753847758995 27.430659566287996 24.67320919965684 22.533911424495 21.239377589300144 20.732662715011223 20.766221825826438 21.034888689491353 21.279629226398676 21.343644934551225 21.181319647918144 20.834543623852902 20.394549049701236 19.96337413987094 19.62511269350009 19.432357049976076 19.406611872851062 19.54659579073023 19.83777451036481 20.258902579620077 20.784557151337367 21.385143585843046 22.026848834316915 22.67340151191999 23.289880375704662 23.84727702431646 24.32600286647578 24.717183685844148 25.021723831408732
24.128308204112898 25.460443608544324 27.34029417075967 29.60152313235758 31.98117034861824 34.20767150164136 36.071005629142284 37.437593785718455 38.23440884998336 38.43152459256914 38.028746817771236 37.04295148041978 35.498460267228246 33.43375594255564 30.94161514192567 28.232770032652798 25.652165467494044 23.567069932655503 22.185715699618513 21.47511132126825 21.22362201149691 21.160731934439035 21.058815750978933 20.78947346474342 20.333722920815564 19.758428039380025 19.17469460236659 18.694062131149597 18.39699094877413 18.320955668143633 18.465157786628808 18.803397468971855 19.297433098557303 19.906417690612766 20.591268575329895 21.315340753971938 22.043927324076655 22.744661388506913 23.38942530139706 23.956954309914945 24.43478814592855 24.819666611011538 25.11631840718437
24.42075679161807 25.650097628259473 27.37641279610361 29.46381125050865 31.684676159381347 33.78995282984501 35.57484547758637 36.90172076644265 37.69126355322126 37.907127545695964 37.543791315666645 36.61697933772689 35.157958508477286 33.22062224811303 30.911409307338246 28.429954804076157 26.069306685692784 24.12625854041516 22.764346510469096 21.94741817055031 21.487589154627145 21.148794241853043 20.740097354602643 20.168778472394578 19.449674865799324 18.679469604354114 17.98991177997891 17.499087862905842 17.27959373002731 17.350645706984217 17.687631353531273 18.238746649717154 18.941493426352004 19.735102978774666 20.567251103015312 21.395708241511844 22.187223361597695 22.91605195690613 23.56338345668729 24.117571654186055 24.574375408216337 24.936522511417 25.212421174075622
24.40182557826854 25.48635110392124 27.01971790948681 28.899827876457152 30.937359695098483 32.9073263535127 34.6088885803043 35.896744820765676 36.681687689401116 36.9189977487991 36.597400654714164 35.73150753263917 34.35923626406157 32.549571426638344 30.424374657499143 28.17971044304955 26.069115586683512 24.32448949645949 23.055325124058772 22.207134324100924 21.606408122632477 21.04971635587594 20.385302081600397 19.560003775103592 18.625441255517128 17.708137383801393 16.957054190489902 16.491962909396392 16.374301985453354 16.604610294455814 17.135962868041194 17.892783077943726 18.789749439666338 19.747462927925408 20.701992281448202 21.607600735827898 22.43469059452845 23.16601508588083 23.793336965491406 24.315237268103303 24.73576552210207 25.063351747463003 25.30960887290061
24.03694152688865 24.948035220126766 26.263746815012627 27.91545011061782 29.752836291111624 31.57740056374655 33.193775402902546 34.44765548017435 35.23723604629879 35.507708864411846 35.24203096449199 34.45456490219107 33.19036487691648 31.532698938381508 29.616963025966186 27.634962671715773 25.803857387640917 24.29544322791636 23.166085639938107 22.3397264868125 21.654084874829323 20.93731228466762 20.077015805143187 19.05938766663064 17.970575239475902 16.961823132716987 16.192732747915727 15.779861534412538 15.772372888690612 16.15428002242407 16.859879601138132 17.793356445780553 18.849796016539152 19.93429898562213 20.974364088337673 21.923338857871762 22.757010078766903 23.467334629633122 24.056482648232226 24.532560765944126 24.907008783869923 25.193087320672003 25.40487655941447
23.32260420831117 24.043956750813848 25.130016330515797 26.54270261151207 28.16937693847208 29.840560076887485 31.370411816357624 32.59729082248808 33.40570074998432 33.72924907606761 33.54495045671534 32.86791089343711 31.750906755621017 30.289538778100688 28.627133136154775 26.944300660313736 25.41933989068222 24.168965110432897 23.204581144196315 22.434307488769413 21.70935963901353 20.889325688210825 19.899079735717393 18.759724673935516 17.58471240603436 16.541048146006982 15.791330680038076 15.445477322972692 15.5413691989621 16.049977355484156 16.891108626822266 17.953354136382504 19.117257690028637 20.277522671244785 21.357397439661565 22.31207307123405 23.123660090144927 23.792737849459876 24.330389260621928 24.752456493145925 25.076123146129092 25.318188058586255 25.494292982114626
22.288529324726795 22.815900415572994 23.67301962525646 24.847913019401993 26.26224023051379 27.776822020962783 29.220464736029285 30.428756547824637 31.273967685427394 31.6776080872815 31.610318208884326 31.08802406719841 30.17013506643315 28.959710516411263 27.598612264933614 26.246607006490542 25.040937522836494 24.051565651751847 23.25807260280913 22.563136811665004 21.83618408042676 20.967869970155412 19.915927607836394 18.728419123713522 17.53548865562716 16.509264954569574 15.808286246306333 15.53399323801113 15.714958838391944 16.312715539115707 17.237072748474557 18.366762525195984 19.574613268509637 20.751586405063733 21.82160479191365 22.744062422475896 23.5073408761154 24.118946497860694 24.596436573742224 24.96092644132939 25.233283407699957 25.432343596610423 25.574343514804188
21.00364935676652 21.345573737664942 21.988285978913964 22.94097813295097 24.15465183592437 25.519447194193486 26.882944534754433 28.083958181029733 28.98652799751612 29.50115157558324 29.59141072298845 29.272130767202064 28.605035994871265 27.692521999829374 26.664541567927476 25.6530966980757 24.757089152261567 24.01181158967274 23.379710459886816 22.768664611602127 22.070489405733046 21.205252459463455 20.15729276502473 18.991801626460052 17.843945568915363 16.880645611327612 16.250396469461492 16.044963750111886 16.28541492979177 16.92720647871744 17.87513566415632 19.005013356517576 20.189938449921527 21.324192085487283 22.336847694673935 23.192951575370664 23.886187756064242 24.428620911165613 24.84144952794191 25.148412932521857 25.371939691365412 25.531408022113933 25.6427275398826
