_RESULTS/REVERSE_NEW/MHZ/TZ/6comp/MHZ_TZ_z_90_kriged_reverse_6comp_test3.asc
ncols 100
nrows 81
xllcorner 5.5967107548124995
yllcorner 50.982328804812504
cellsize 0.00017565037499993607
nodata_value 1.7014100000000001E+038
[rows 19 to 37 of 81, columns 44 to 87 of 100]
6.689974487012221 7.20150206487728 7.69235122803791 8.146161810407197 8.55931254870415 8.939715094268404 9.303277827938562 9.669343984581573 10.056185534840393 10.477118912528052 10.93741298183277 11.4320850435321 11.94487634839832 12.448922359563973 12.909579960680073 13.289373964230663 13.554226202174569 13.679471123388995 13.654065733533507 13.481946381111609 13.180379456335512 12.775993506382937 12.299675415459413 11.781553471772579 11.24695409376345 10.713743317332204 10.191116384810401 9.679810309443157 9.173808628096808 8.663659426407385 8.141289112326797 7.605554116218309 7.066945256601828 6.549467420716764 6.088467462088687 5.725081734092621 5.499793577869749 5.447621670059082 5.595273585115053 5.957882402178663 6.532335337557462 7.287320376027857 8.155900835401841 9.039730222324248
6.54011039298802 7.074243296724744 7.597459691721461 8.090901495677342 8.54817623571175 8.9745794732077 9.383632711329778 9.79235379498017 10.216576075040635 10.667104734752165 11.147006232943067 11.65010820162154 12.160806416449915 12.655328757402485 13.104485288493914 13.477583481319133 13.746774052763852 13.890897150523005 13.898080396587368 13.76678546680996 13.50542525720056 13.1308776505722 12.666213067136658 12.137871790230264 11.572505591853465 10.993787104858475 10.419651661309697 9.860571338041236 9.319464323299476 8.79364475712413 8.278781095416809 7.774155363423301 7.287751496387405 6.8392840211322445 6.459776329535319 6.187800454626475 6.064064717014957 6.1261961776831555 6.403785950890879 6.911550635170262 7.638628708715414 8.536383798867062 9.513402448989442 10.447555555955176
6.376262794932601 6.934225559360143 7.492454634217287 8.029519444086475 8.535956138668976 9.013960599049428 9.474028607707956 9.930066728649136 10.394562949409863 10.874880332571907 11.371121909199193 11.875593041518343 12.37366738216377 12.8457254515324 13.26969684331393 13.623628775166747 13.887742043294256 14.045707407128253 14.08530775940223 13.998991581012147 13.784800751851925 13.447714428227203 13.00083809951487 12.465493876519977 11.86944406345067 11.243199999913573 10.615280300718615 10.007888803303372 9.434467797835483 8.900007115719886 8.40415901684719 7.946381065168239 7.531630353204205 7.17475027437531 6.901972602562935 6.749041289692033 6.756735254051491 6.964824640558184 7.404207711809365 8.085575528931667 8.984428410868214 10.028128017559634 11.096644453729484 12.045545270812138
6.2174784212034195 6.798238719425856 7.390844130388407 7.971641639146573 8.528252450051067 9.059692149982126 9.573103359755732 10.078718062688132 10.584927973256068 11.094831895349543 11.60486800767039 12.105457073320785 12.583075037984559 13.022860767960754 13.410794306373003 13.734701677583686 13.983841044873952 14.14749163489313 14.213576407358971 14.1685929953328 13.999748986410406 13.69919544508605 13.268999376530429 12.724651057696512 12.095084915802493 11.418534080634236 10.735428273515758 10.080911281266145 9.4796259428935 8.944311337033035 8.47828564819241 8.080766799595786 7.753373353061671 7.505912275396325 7.359718036123207 7.34748651924728 7.509455560264453 7.886082840415096 8.506673201273992 9.373197687499763 10.441804965717374 11.61166719295312 12.73477295016477 13.651032249611728
6.084576880878074 6.684385755178314 7.306782110157137 7.926590952929895 8.529114308071726 9.110544949262401 9.674734235479868 10.228013002823417 10.774224214931587 11.311641991067981 11.832528914304739 12.325101030677716 12.776853652003057 13.177758752496713 13.521937432946476 13.807018261286466 14.031306799840115 14.18983684826337 14.271069081304141 14.256161710986593 14.122124015490408 13.848742647338977 13.42730791208641 12.867711487320022 12.20047079685612 11.4721299001601 10.735524286837551 10.03878866612294 9.417236445436163 8.89043529319599 8.464436887166716 8.137594136593536 7.907957017533105 7.780303282084026 7.77100609094194 7.909230090654383 8.233433869973277 8.782464905255207 9.580561389733665 10.616876708579674 11.825270196567772 13.077631600274028 14.204281053571272 15.039425509564063
5.996697127556541 6.609011234031868 7.252471297355341 7.9013083714686125 8.539464612517984 9.16108933743581 9.76723812786368 10.360551253117238 10.94031329813809 11.499836376654532 12.027024886538811 12.507688627299506 12.930060403329612 13.288464039747764 13.584406192902923 13.824367078378463 14.014815983405175 14.156085831305523 14.237441573343768 14.235757386621142 14.119474600517751 13.857827523189517 13.432944522037396 12.850310083243391 12.142699386594405 11.365045165574806 10.581961865549822 9.853234905821669 9.223035128567066 8.715932265228805 8.33932719575642 8.089981086974728 7.962190263500258 7.955688457115545 8.08158333075048 8.364529818374699 8.839351403490154 9.540636156396825 10.484719088922265 11.646363484361865 12.938981819920354 14.213898541164397 15.290066352964665 16.005737794039653
5.967612210264859 6.58330983858646 7.235216383345959 7.898007771423502 8.55548334061108 9.200885913451323 9.833398333054781 10.452672474771388 11.05396933489306 11.626043564254143 12.152684777816035 12.617266775917532 13.008300634835262 13.323461328129756 13.570136476148543 13.761895848397291 13.911780532569972 14.024499949060212 14.090278256740305 14.083088135345555 13.96520412532231 13.698193740600717 13.257706333168379 12.646681858750458 11.900798889981996 11.082675861477249 10.266795297122275 9.52189853232908 8.898175567287215 8.422860559696574 8.10325495470623 7.933963162852736 7.905488528422547 8.012461445063208 8.260123872444344 8.667182147677801 9.262625472451518 10.074424429342784 11.109788973779546 12.330930755686602 13.637348656446049 14.87052419977864 15.849291734096798 16.422992106211467
6.002519615285464 6.610269807937918 7.254699476336507 7.91202403152952 8.567282279045555 9.214214580293259 9.851421465638829 10.476738635987381 11.082489566723014 11.653832254236354 12.171115741580035 12.615419865177863 12.974925900543791 13.249239427114523 13.449564943391618 13.594245576074549 13.700862343946941 13.777318135462549 13.81491239448627 13.786312254010301 13.650485244317197 13.364817547640742 12.90167069394468 12.263421771061989 11.488827816969884 10.646488073102296 9.817646921098378 9.076359699104154 8.475583501460708 8.04298923249049 7.784735313319019 7.693138969285752 7.755161254227478 7.960357347146675 8.30742752839665 8.807594025674687 9.481971467424415 10.350364866093658 11.4114358800496 12.619340834259635 13.868731715065982 15.002871502817131 15.850245781426406 16.275355570284617
6.095722628418436 6.682469959192821 7.30104852451723 7.9303949258389625 8.558291743555156 9.18056239514948 9.796781448293038 10.404501620015735 10.994626395572569 11.550105184723305 12.048833039051186 12.469841261114192 12.80024964771572 13.039895277189634 13.201419255169528 13.305369095277797 13.371694751549285 13.410283343733326 13.41368131607127 13.354945178919078 13.192693194963164 12.883635361359824 12.399848809957039 11.744601748669318 10.959025895150434 10.114980810392138 9.29659812429825 8.579402031763795 8.016254171321927 7.633756337253773 7.436599132447476 7.415200512314496 7.553547144092308 7.836383752754561 8.255490278025919 8.813546279064333 9.522513019488537 10.39358589268758 11.418750977011891 12.549534135681078 13.684528805164895 14.678524885760494 15.376697009621715 15.660564722511705
6.229629220005873 6.781272779212062 7.354322889883148 7.931800939424208 8.505870920944316 9.076144834680136 9.644869992507408 10.211027034902111 10.765811798116436 11.291519420799528 11.764661408757203 12.162438378298003 12.470060452736902 12.685761273682836 12.821163857901203 12.896488560793065 12.932028334589132 12.938636927415159 12.910419007964032 12.82250023479522 12.63586066606499 12.309519235145007 11.817474237542116 11.164327746368341 10.391853232716391 9.571735554749495 8.787039259212525 8.111536856860651 7.596187159783583 7.266062200177151 7.124773926042229 7.161568890233862 7.358192749233994 7.695127212034582 8.15747666901911 8.739339328342572 9.443527384564533 10.273409064809043 11.216801697664073 12.227380038378715 13.214124175480709 14.049546529071776 14.599202980318726 14.761578594201877
6.375846213345512 6.878161528787544 7.386144357767904 7.888544813638627 8.38371055106348 8.876817100132833 9.374485846772998 9.878784434562142 10.382806069612206 10.869584826048653 11.315122712378223 11.694814612064642 11.990975921224429 12.19837544830839 12.3252873498478 12.389351104092654 12.40955439240575 12.397062604505189 12.348047088324579 12.241275353271817 12.042310637469349 11.714609337045317 11.235195346119204 10.60933207515581 9.876892123291075 9.105764313021988 8.37456352472303 7.753229552317128 7.290274592807096 7.009730641461104 6.9149610823399 6.994806814445914 7.229459452777422 7.595925100932904 8.073652811225699 8.649422401609666 9.318417753156757 10.078136741655797 10.914882898163084 11.787795623243564 12.619543695235377 13.302534012482159 13.722850774184646 13.793806464704032
6.499316032311031 6.938989145563797 7.36410766841662 7.771107121415039 8.166471722455363 8.5626950179527 8.9723005712993 9.401799304147138 9.847384193369784 10.293768111977885 10.716885323274775 11.090018038890378 11.391435743249403 11.610621018138042 11.750425638083293 11.824096720578272 11.848201312748758 11.834032128563525 11.7805702821206 11.671659558501068 11.47911360579941 11.172072951963303 10.730700174143042 10.15944545240981 9.49340963863105 8.793356294603385 8.130893918119765 7.571108888936968 7.16045447585955 6.922960225360105 6.862686452263363 6.968680159889584 7.220147418944394 7.591641746999067 8.05874875771927 8.603426006955804 9.216082178512263 9.891170745207914 10.615957927330228 11.356771454951451 12.050385133102615 12.607798025287945 12.932691139745083 12.949122138103824
6.5657583905794406 6.9312593857193825 7.258974940745151 7.555208358215122 7.836552892572176 8.124360322166421 8.438169455358729 8.789738956067644 9.178950308897864 9.592536990544321 10.006298916331751 10.390741977015162 10.718777847120462 10.972845125785257 11.148595028922227 11.253561018354604 11.301355209518354 11.303724177326254 11.26347382429743 11.170882233925925 11.005263852225793 10.742082212405808 10.364206048045531 9.87356078146459 9.297778991757193 8.687649586566119 8.105770245470046 7.611784446342475 7.250717548229395 7.047702207270847 7.008377280339631 7.122518962749978 7.368980913596883 7.72125977227139 8.153571147546218 8.646427199522138 9.189087080801439 9.776098393442313 10.397714034607858 11.027841185613438 11.615752432189327 12.087489703651313 12.359471397163171 12.3612346001911
6.551044325510846 6.833159348487896 7.053401622689988 7.2301248560444105 7.391735379009315 7.569445937193456 7.790213971360796 8.071106971944959 8.415627676060941 8.812370460337938 9.236593596070328 9.655151165060808 10.034175705601047 10.3473125195884 10.581408706248917 10.73732768382399 10.825691594706774 10.859524051858536 10.846807256244656 10.78569522566955 10.66412192074571 10.464340930823992 10.17151412284425 9.783668560045355 9.318808622686738 8.815301535538168 8.32470773654634 7.90021038381838 7.5855091169909326 7.407614857729514 7.374589018121883 7.477686646115296 7.696499635033146 8.005470811257503 8.380516513702613 8.80442976621395 9.26895474629403 9.7715189842373 10.306702809305254 10.855463748548754 11.376990979471447 11.808002255418844 12.072281686106132 12.099436806381789
6.449449143800379 6.641554900605027 6.74951828128937 6.805590868854174 6.851023610185614 6.9269815766318725 7.067299905403017 7.29365366328044 7.612650016612064 8.01444660204297 8.473399024704827 8.951875374003562 9.407707884039327 9.80377483853961 10.116328621103355 10.338637404867315 10.478606145969628 10.551839312814458 10.573316304295268 10.550835115295547 10.48226666623459 10.357355268004197 10.163609092659422 9.894526239303291 9.557092867003195 9.175140326353821 8.78672061058207 8.436445434183284 8.165630830282696 8.003315205814264 7.96093464642872 8.032625233580937 8.200673410903663 8.443197827398272 8.741160102478398 9.083049502314966 9.465966835102819 9.89208135552702 10.360835101212574 10.859214176900633 11.353682267976025 11.787650741337842 12.08759681215163 12.178584521966343
6.2774097524266 6.375691563281406 6.372107144060612 6.313959164988796 6.255334201495537 6.246307057512433 6.3261294318164225 6.519902773640175 6.836843907917258 7.268776592118084 7.789283273583339 8.355627553060359 8.91551001421685 9.41829313199277 9.826983871626432 10.1258370993442 10.320411217038322 10.43077305274691 10.48147119656332 10.492372199326242 10.473091759515588 10.422020894124206 10.329692757842402 10.185323757742013 9.98442590784901 9.734722239848741 9.458004910489521 9.187077447011937 8.958409384073192 8.802367356150684 8.73486983034233 8.75523305472299 8.85136578417142 9.008239488499457 9.21485276894192 9.467755700458477 9.770911626617968 10.131861292933843 10.554674621597174 11.031209818712725 11.533101638659723 12.00759350157973 12.380653840847698 12.569695822516334
6.071148083698674 6.074729872170899 5.965343510829961 5.805562352510342 5.661154628889283 5.5890906489023315 5.6320919466150965 5.817627166161233 6.157680301603379 6.6467778095160925 7.258649496182207 7.944949531806938 8.640486340726223 9.276558966100591 9.798365429298668 10.178580180321594 10.420818929445328 10.55247711369128 10.611580083940622 10.6336333876645 10.642543440786934 10.646946161231797 10.641509853536755 10.612092851194136 10.543248586186383 10.426043131041236 10.26387022575925 10.074292975197254 9.885557553711529 9.727741683220371 9.622172515385893 9.576149687226366 9.586540697391687 9.647971687765265 9.759233902810822 9.925607990549981 10.15778858186971 10.468118733006488 10.864486624159516 11.34256594538059 11.877820404290652 12.419809125195009 12.892561024995569 13.204709018102362
5.8794736556875105 5.790087088722289 5.584037418425939 5.338497483944569 5.128952707144381 5.016909304850933 5.046905315493281 5.248591793206131 5.638140613235523 6.215164098221224 6.955351147207694 7.80390419383458 8.677866444600424 9.482427151690963 10.136951769411807 10.598107477079601 10.868329653189432 10.987205882126576 11.01260982478637 11.001200260392919 10.994744909524917 11.013977971195327 11.058749704132492 11.112616040686216 11.150410833609463 11.14741986910704 11.088312679802998 10.973470080409903 10.820006964928426 10.655510576147488 10.506694992830374 10.39082613394391 10.316094225309891 10.288035354657456 10.314988023060586 10.409682445894868 10.587928310000732 10.865422107972398 11.252747104428257 11.748523384008244 12.331372695891552 12.95282783861805 13.53523764296086 13.9794958884873
5.755300369411357 5.576116162229144 5.283250571081518 4.967328178828848 4.711520972450483 4.580058723025346 4.618762443293684 4.860807866942177 5.3297480051111155 6.0344047747807235 6.955200846078123 8.028956578343534 9.146027603055968 10.171272736526364 10.984570776483906 11.519704566926707 11.780121566721844 11.826428644007455 11.7471002189979 11.628657707013074 11.535750015889578 11.503070783970351 11.535984880105994 11.616156307737816 11.710047733043305 11.779333090969 11.792062275171858 11.732362778238773 11.605386572503136 11.434256586911175 11.249444505584217 11.07764103680936 10.938057462498817 10.845863359031219 10.816490739452352 10.86719478111136 11.01629405052695 11.280933429632354 11.673164103517587 12.193832335951143 12.824477256025371 13.519104637029427 14.200056334615141 14.763600042563912
