_RESULTS/REVERSE_NEW/MHZ/TZ/6comp/MHZ_TZ_z_250_kriged_reverse_6comp_test3.asc
ncols 100
nrows 81
xllcorner 5.5967107548124995
yllcorner 50.982328804812504
cellsize 0.00017565037499993607
nodata_value 1.7014100000000001E+038
[rows 38 to 56 of 81, columns 0 to 43 of 100]
24.637061969775324 24.521623640264366 24.43288235848608 24.35430787224497 24.269917975307507 24.172407771892598 24.066265719368534 23.965121734292165 23.885561167224477 23.840616599725177 23.835385293804542 23.865833272284977 23.920629365075314 23.985040303861698 24.045500231904178 24.09342240918804 24.127161259588 24.15175708338916 24.17705565752205 24.21558774068823 24.281695661827367 24.392561230859013 24.5703657898551 24.843587357706824 25.245133295186495 25.805882337927915 26.54410181351965 27.45368937745496 28.496349596043004 29.602898966548562 30.685306346341456 31.655041141329534 32.439428160465326 32.98956478144761 33.279295589882445 33.29997062490842 33.05699904562934 32.57151114387914 31.885866871841735 31.068010898749144 30.20881566708664 29.409268126998466 28.759685739093943 28.318253922188152
24.50884429883146 24.366604082367537 24.246894570420277 24.13255149194718 24.008365922358387 23.869836199391013 23.726149553726678 23.596671443679888 23.503525846957878 23.463887020851832 23.48474515669114 23.561389062294484 23.67947814753449 23.819601275296424 23.962699064757256 24.094696184879687 24.209131476076937 24.30738082366084 24.397027357627763 24.489684043641493 24.59969107167566 24.744399125458244 24.94549935388505 25.22975114249594 25.62713722669453 26.165197202075145 26.85990766882765 27.705583803806817 28.668077961184967 29.68564343828648 30.678965411919773 31.56690657903448 32.28104817012619 32.77327970338421 33.01566676110855 32.996643987056316 32.718966838851756 32.20239852596838 31.489748096633658 30.651270685480686 29.7815809444406 28.985874479521833 28.357652653687737 27.955563081981794
24.41447209596449 24.243678767201324 24.08880757085805 23.933610766464426 23.76525338850426 23.583134713576378 23.401541402080156 23.24542736815306 23.142041617655966 23.112229900277153 23.16441880620774 23.292757996748996 23.479403346619684 23.69974737062077 23.928725686029168 24.14629179479934 24.340712219448932 24.509255819371294 24.65682564336831 24.793775753698615 24.934256583190585 25.095820225565607 25.299945917958144 25.572181777652204 25.940288724724404 26.42933885972578 27.054034087621286 27.810215047810544 28.6689855195413 29.577018701941903 30.464463718132535 31.257960691705517 31.89325504518535 32.322487806551486 32.515209232799656 32.45636426418753 32.145846848350594 31.602095232381348 30.868299057822263 30.016517353016443 29.144152173388164 28.359596435177874 27.7590484132285 27.402016425578807
24.349665867507127 24.152465786138418 23.96390330545408 23.769830971486513 23.56073137131584 23.340166426928764 23.127055538642832 22.95103216912966 22.843500202852223 22.82821822434162 22.914603142053263 23.095506401697268 23.34963142049929 23.64735897243849 23.95787440522464 24.255423882394165 24.52320670294652 24.754465202137688 24.95133987567233 25.12269634149442 25.282196491668955 25.447342560476034 25.639308991448285 25.882560878652487 26.20298260068174 26.623678111642597 27.158631894756645 27.80573566310654 28.541807661499412 29.322396618324753 30.087641689997824 30.772528527817705 31.31741115137477 31.674846109526694 31.81175750054753 31.709353122178364 31.364386705213253 30.793625546917674 30.040110388390183 29.176974021638408 28.303705581166895 27.531679876797515 26.960501252908074 26.652243899411637
24.302089338795042 24.08469759411556 23.870258040241588 23.647288285375843 23.409628603690397 23.164273477506285 22.933380828877304 22.749582602085557 22.64691331403682 22.65101528547667 22.771922519600274 23.001458861734612 23.315648495635067 23.680926160822885 24.061866240523422 24.4280351198584 24.7583452845108 25.042459548503103 25.279832790685404 25.477574072842096 25.648342951618453 25.80899508923864 25.97990021120542 26.184168417478084 26.445795824805213 26.786091941410334 27.218541485153725 27.743221363359964 28.342695629149034 28.981449537964636 29.609902988911756 30.17199294815885 30.613469716169874 30.888016494228275 30.960355678887723 30.808005466519184 30.424240399139308 29.823471002809388 29.04768630128286 28.17025901309591 27.292440956238647 26.529241449444317 25.985560859994557 25.72896561160876
24.258402071773126 24.030175918894756 23.802757853262392 23.56727204127248 23.320151778387842 23.07029689180421 22.841013845332743 22.66567844893681 22.579003001085628 22.607266923957557 22.760825046776432 23.03115349131154 23.39305805234721 23.81091949936038 24.246636135508698 24.666754741006937 25.047091251126524 25.37436553702245 25.645424502217622 25.865198753215612 26.044556320428754 26.198753189887153 26.346470461814587 26.508835833804234 26.70765718461265 26.962408267192608 27.28612485053712 27.681044059280822 28.135320326245463 28.622213732325434 29.102499925346265 29.529559367203785 29.855404018482755 30.035818020251853 30.03406752276534 29.824237085301082 29.395787963839233 28.75994862417352 27.956651314369946 27.05880670039188 26.169563133166257 25.40893760646225 24.889842283439563 24.689064890972436
24.21052239321422 23.98223710090942 23.757112424434204 23.52838715782172 23.293859553464927 23.062437889573168 22.856226700230888 22.70689297020993 22.647713928064203 22.70427606787442 22.8870257377401 23.188037445866385 23.5828051665798 24.036084471740114 24.50954323952155 24.96875881197979 25.387864473895828 25.751329345925424 26.05337863634257 26.296131901953927 26.487577725435006 26.64007208729909 26.769376764930186 26.893713102917875 27.03219097064761 27.202297212588956 27.41664856530936 27.679652951158808 27.98493937630956 28.314364312681693 28.639030247072377 28.922101358395413 29.1226102407716 29.199424469722118 29.115206670753103 28.840998170465188 28.362227927911725 27.68623914240038 26.85010108788997 25.925872097308538 25.01910031537216 24.256487044137838 23.76183089039953 23.624967093906005
24.158594246612292 23.940537094559915 23.732235395825406 23.52836709078618 23.326798599921528 23.134646924944146 22.970685607103714 22.862672478142805 22.840542502285942 22.927994522019045 23.135425233366195 23.45653303748897 23.86950369301125 24.342015145247114 24.838075655497 25.324446611310698 25.775040108335297 26.172727628168996 26.508956257958655 26.782161738650274 26.99605939578075 27.1584835096725 27.280762361951616 27.377080433510987 27.46322511568004 27.55451793392109 27.66323634264228 27.796085207104575 27.95220755026367 28.12201763756495 28.286974847853923 28.420321292803358 28.488766199488712 28.455170237642303 28.28246758539798 27.939184068363332 27.40674394657775 26.68823942095778 25.81744554656798 24.865473099750005 23.940822168111854 23.178226336481693 22.714566189176118 22.655779542492642
24.11042985127275 23.910888761186396 23.730664963938267 23.565216044555843 23.41141461238786 23.273239995897686 23.164610126265682 23.10781500681897 23.128095973298276 23.246442935583346 23.473206465339675 23.804663983504174 24.223479728768595 24.702536850045053 25.21052778597569 25.71739347255862 26.19816517623736 26.63462149435955 27.01505291148155 27.333048362738122 27.586354511960064 27.776425097782443 27.90851966005807 27.991649202840662 28.037713182646755 28.059750646932724 28.06981197650148 28.07704947146565 28.0862229719052 28.096390170622378 28.09955131672356 28.07944858166347 28.011202557563568 27.862641769675804 27.597967502820293 27.183951121642774 26.598397037074612 25.840202455408473 24.939759299364486 23.967188945764317 23.034059163426114 22.283477869189923 21.86614995013596 21.90557394635777
24.07868521733295 23.90312203075009 23.757529064813976 23.6376133485243 23.538592179453914 23.460601156473082 23.41198352841424 23.40885986442007 23.47119300411709 23.61697616486886 23.856720570729316 24.19010152394693 24.605662879052943 25.083292036614168 25.598263167404163 26.125336885251617 26.641701032011163 27.128221215046842 27.56927479516885 27.952065300812244 28.266421337822955 28.505532164859225 28.667176229001523 28.754430881825844 28.77510530607609 28.740031231609862 28.661096175865495 28.549816229248798 28.41639893386602 28.268479673328468 28.10883306801078 27.932347186620504 27.723600999145496 27.456698991263135 27.09844875972009 26.61500507201584 25.98134534816983 25.19258718546308 24.27578894199352 23.299738734231564 22.378281788536018 21.661731956224674 21.313409623973364 21.47362954128199
24.077166850296116 23.928060481548286 23.81866168014105 23.74456828556727 23.69912357633868 23.678576933709575 23.685787383297843 23.730861055130692 23.82867349387946 23.994489341706398 24.23941758383294 24.567235279258824 24.97338766253862 25.446060365277294 25.96849299671292 26.521417507214736 27.084709975973986 27.6379350682711 28.16021363916321 28.630379563287683 29.028293703261426 29.33735455421119 29.547189191310252 29.655068381735283 29.665246198624057 29.586776486338156 29.431321221239475 29.21213550881735 28.943966082371908 28.642313037270313 28.32064404137184 27.98573614146571 27.633088479918733 27.244946746656378 26.792621490719696 26.243278699608798 25.57024808285327 24.76549388780778 23.852688695960815 22.898365833546457 22.016707231616493 21.362381193559052 21.10800898236897 21.407443404738245
24.11715557287061 23.994321729403616 23.918290302350588 23.88435441539563 23.884148050569447 23.910539915399916 23.96164313473291 24.04238015074084 24.163345905348287 24.337801554949372 24.578111954129447 24.892824032369386 25.28505760161205 25.75220372479977 26.286376431941864 26.87486239060463 27.500062323805256 28.13905345410117 28.763617638584364 29.341841516571844 29.841777378110244 30.23635269354749 30.507617083409745 30.64842846734004 30.66098168117853 30.553439137820003 30.337053147076947 30.02552992977106 29.63620782505772 29.190622770242786 28.712017558123122 28.219492431644838 27.721153594917602 27.209804634934255 26.66377252954891 26.053364846760562 25.351748658161945 24.54842348155821 23.6633803311239 22.7593510464096 21.947858929614057 21.383588560557758 21.24320499198465 21.688330223277685
24.204335668042656 24.10548990522125 24.056745135107818 24.053006109026306 24.084601104068092 24.141850751450015 24.21923922743027 24.317731542666966 24.444820669380878 24.61279183985346 24.836116990029097 25.128842856434623 25.50246255817237 25.964264190104046 26.51576523262826 27.150808381606296 27.853366836780076 28.595963207625164 29.34027040693547 30.041118355199657 30.65352654350765 31.140474773101307 31.47838683480815 31.65828054133814 31.682597032683667 31.55990081950874 31.300846064622856 30.917869926530116 30.42810224327372 29.856121677305055 29.23283137384569 28.589229964185108 27.947421815019897 27.313380034417627 26.67537360674972 26.00934787940965 25.289973543948264 24.50493899539943 23.670018320429982 22.842159973864156 22.126577744505028 21.672671358186697 21.654499352014874 22.23393680855012
24.33698840829527 24.258365244145274 24.228894992146845 24.24303767843949 24.290261315262967 24.35922545731786 24.441975730605947 24.536845444301473 24.64953208903531 24.79252484218591 24.98341766263595 25.242634201753805 25.590822412600676 26.045812178465866 26.618808244122377 27.309725229065613 28.10247163106266 28.962255427212302 29.837509796747153 30.66756945909996 31.394073236034608 31.971667230717372 32.37399261412444 32.593376808193455 32.6351857118571 32.50993411307468 32.227622842788165 31.79768951530944 31.23403292554289 30.560697334069282 29.813129004812616 29.03262062916318 28.255724930702502 27.503729454848326 26.777688228395746 26.061736794541023 25.333726411767888 24.58010389851187 23.81175989069665 23.077768093700847 22.473297234709776 22.136991230752216 22.23331297042765 22.916741409393378
24.50605298378279 24.442970206199472 24.424043904958108 24.443167477998212 24.48924374657553 24.549959586251546 24.615914403268686 24.68398277418694 24.759301427519137 24.855775675964544 24.99527284388802 25.205674947550477 25.517765226033273 25.960663826811757 26.55548561780916 27.307496606089394 28.198575105710994 29.183633696615153 30.194866739517213 31.154420989330774 31.990867765332503 32.65248449928817 33.11292538485257 33.36883042965419 33.43118856834968 33.31416766202919 33.02722851811458 32.57531382501111 31.96645779408666 31.22092535362925 30.375410494144955 29.479003231764473 28.581871651403297 27.72161563259167 26.91417556673515 26.1540341487135 25.423686409108452 24.70878973743736 24.01469674967041 23.380750343186694 22.888853417572015 22.662185891656677 22.849671165425818 23.592505323596523
24.697110384218558 24.64443870776242 24.627527403244937 24.639447323610437 24.668550585251854 24.701869725720073 24.72916491153111 24.746695744454698 24.760059935844275 24.78573479112579 24.851117872997513 24.992855153529028 25.253106297695215 25.67324895442361 26.28468601010252 27.097461247958364 28.08969849757954 29.203454359692927 30.35225022194178 31.439795536782096 32.38182984480829 33.121513669821944 33.634363712423806 33.92369920455048 34.00866570480576 33.90886302395388 33.63344502057386 33.18165595587687 32.55375172108471 31.764037071971213 30.847977817835385 29.85989503975458 28.861705943095384 27.906855667165914 27.026973041167064 26.228171841073454 25.498580072288586 24.82335366475412 24.201787764632243 23.662153896402483 23.27087042950419 23.13250417939007 23.376678722895363 24.12830820411289
24.893587233482435 24.846134985097677 24.82350319174233 24.81752811695687 24.815705147888153 24.80429963047257 24.772374385601715 24.716001713189435 24.641970707633423 24.570371528652625 24.535454532414843 24.58412651849374 24.771395861270275 25.15209563219878 25.76860051152994 26.63570520168867 27.726942642528623 28.970034604210003 30.258235056975863 31.47564037277344 32.524488745054484 33.34255098743562 33.907561460180744 34.23081861652761 34.34153344356001 34.26625517319164 34.01420257332297 33.57834405544305 32.95037112626192 32.13793082275306 31.174200850509635 30.116876578490125 29.037356922374634 28.00318195113933 27.060953852608762 26.228489701429208 25.499830444790522 24.859688152579324 24.30098400297146 23.840249593982136 23.527448136225196 23.44730617181067 23.70894297448761 24.42075679161807
25.080075068122998 25.032921597951745 24.99797764083322 24.965305641601717 24.92096456399332 24.84995387239418 24.7403443286813 24.5880405181061 24.401454473327192 24.205193358374622 24.04169677645975 23.969707330976536 24.05859635867974 24.377870225750204 24.981779267521002 25.890598804828848 27.073856063804598 28.445147351970864 29.876985581053507 31.232573398077445 32.39873561049797 33.305845295881845 33.93244644381512 34.29735573537385 34.44011004262544 34.39475885455384 34.17125207753155 33.757165473203216 33.13677365679965 32.31217435757269 31.314664368320166 30.204411655328588 29.06014554813422 27.960925544592875 26.96624643983795 26.104401877398033 25.3747847815733 24.761425626555248 24.250755320497362 23.84757071637592 23.585608721630678 23.530296411646127 23.77120285226754 24.40182557826854
25.24482887252766 25.19364048562308 25.141178601963915 25.075139077382385 24.97940547239033 24.836958305528842 24.63426940685508 24.366788916509414 24.04475405204435 23.698075564447414 23.378659275911893 23.158513075879746 23.12252663568187 23.355601533048873 23.924525598596144 24.856348194693243 26.1187993790786 27.61374110103824 29.194108006039976 30.70122774935185 32.003741213902146 33.021207712065944 33.72975180434427 34.15281758508534 34.337889683054016 34.32545203026676 34.127272289580276 33.72858086666085 33.10997383302153 32.27106463271821 31.242880849230108 30.087920720733546 28.890399801605238 27.737935671006987 26.699836050787006 25.81250660797313 25.079312581508862 24.483043063391708 24.003665967873587 23.63479229767313 23.395087956828704 23.332502655774157 23.51941835987632 24.03694152688865
