_RESULTS/CROSS_VALIDATION_POSTPROCESSED/Berg/TZ/5comp/2/Berg_TZ_z_0_kriged_reverse_5comp_spherical_2.asc
ncols 100
nrows 90
xllcorner  5.6208707817415728
yllcorner 50.959635321741573
cellsize 0.00013419651685393446
nodata_value 1.7014100000000001E+038
[rows 54 to 71 of 90, columns 41 to 81 of 100]
0.0003278707486206805 0.0005979188133997935 0.0011186828121252323 0.0020937574899327995 0.0037738488548996205 0.00624172589707893 0.009389357864410443 0.012820580302551121 0.015859899938185554 0.017746157839465395 0.018121095095520096 0.0179217989954314 0.017363939447270972 0.016648215401347834 0.015972322028644074 0.01552186584004769 0.015481444605477311 0.01606732646283557 0.017646935318644582 0.01775257990845618 0.011518496736379603 0.008273171815205297 0.006588245741165937 0.005790513806016848 0.00556457276582546 0.0057727080965791445 0.006371088682068236 0.007366754781599407 0.008789028884040593 0.010661886085314745 0.012971313699736736 0.015629030129883544 0.01844246917380694 0.021107872051541285 0.02324277561866956 0.024461715573591586 0.024477617904551326 0.023217164314075646 0.021362977632680177 0.0195007558304718 0.017724236276904053
0.00033325839545831547 0.0006174226601698194 0.0011659253988927057 0.002162999289961998 0.0038973197304300305 0.006584824076953636 0.010134168326122288 0.014179570497744001 0.018004376053135453 0.02071227480688062 0.021825296791633062 0.02265473007634195 0.023295960883388405 0.023696557683500537 0.02407550832742691 0.024668604305447282 0.025704847967700912 0.027309336910302778 0.0288851730860952 0.02678664069078431 0.020334185251815375 0.015193685206619687 0.012071322635863054 0.010340334863359939 0.009531676253790087 0.009379897920888124 0.009746989171861975 0.010563592047435722 0.01178774494398083 0.013371791070524126 0.015233037690323938 0.017230076085569274 0.01915215347176791 0.020731168811616227 0.02168188255240687 0.02176523290683792 0.02088089829311693 0.01940661968142585 0.018080424230175463 0.016771645546173542 0.015508393089918866
0.00036898891371782064 0.0006855349188776886 0.0012715393979333754 0.0023124985109103696 0.004090848796610991 0.006949274192398375 0.01085593809499554 0.015440647417891749 0.019956379945755342 0.023394595321181235 0.025268511365798926 0.02698936840150458 0.028830022744288985 0.03076018416013674 0.0326077524478526 0.03452657696999268 0.03657299705552352 0.03842280343884726 0.038802995943845196 0.03561058584024902 0.029422217634415833 0.023483713523385182 0.019146791075763652 0.01635333809868751 0.014733485529722904 0.013973351334628393 0.013857851608483128 0.014241028864261429 0.015009747998573512 0.01605296092356635 0.017238665178409832 0.0184012185134635 0.01934329130322578 0.019855885770533994 0.019755148593985233 0.018979851303506573 0.017775606271176178 0.01650176226598992 0.015594573877309219 0.014684261962626075 0.013800954163699471
0.0004437818178986822 0.0008051352867278384 0.0014452806176968448 0.0025507572794407356 0.004387840983833784 0.0072956477829928725 0.011467873864945272 0.01645133189740659 0.02146665624437978 0.025421727850734082 0.028007094826188024 0.030608316214932426 0.033370287684959435 0.03638427698573398 0.03970132255040878 0.042956725976030945 0.04583701398123422 0.04774270972132166 0.04755724798164179 0.04428459124584688 0.038449189057426045 0.03211399777121948 0.026923661346904538 0.023152597457570805 0.020626168351909845 0.019073129972396213 0.01824997078906533 0.017959291082616284 0.018034941013700543 0.01832249194446855 0.01866518196750106 0.018899729949159172 0.018864208818652844 0.018417694659757417 0.017600765514984715 0.016509281963066322 0.015240144769972083 0.014353767016743905 0.013746902799029764 0.01312789373208664 0.012530121443956007
0.0005689098593046152 0.0009891273016564206 0.0017026030867556621 0.002890262656795207 0.004793370451839503 0.0076971660429497055 0.011863859819039122 0.017040707337427474 0.02227807657125218 0.026437431171937434 0.02965041991771385 0.03300234889759485 0.03652993316035022 0.040259073805749224 0.04416688550501743 0.04811001085531941 0.051675290146513134 0.05387812478525951 0.05383760582247331 0.05108074063557572 0.046067915448402344 0.040047916535323504 0.03430980180799872 0.02973264048261838 0.02633146331087017 0.023912900660768593 0.022249975191044 0.021130345821177503 0.020364744366364682 0.01978239368477211 0.019226653463171674 0.01855649700211337 0.017725715146506796 0.016763309096110898 0.01564291152551499 0.01437775402290484 0.013379556682890776 0.012814215181363721 0.01241906368854705 0.012018468702462481 0.011641103639076587
0.0007598664670101747 0.0012603678467690256 0.0020649068612279085 0.0033465111161483526 0.005311354967807148 0.008177069488341487 0.012099674618724666 0.01704686900418687 0.022176585409531935 0.026249794715615275 0.029952884661784016 0.03383703361125067 0.03789076253078867 0.042073578651223846 0.04627838656281949 0.05027749973463239 0.053667363972347296 0.055864385356143104 0.05624321689030095 0.05440769344612834 0.05051822239778161 0.04541273424982784 0.04002285824162775 0.035014432833287874 0.030868330254974607 0.027638005386250268 0.025137194943662178 0.02317026888575141 0.021554972922193185 0.020146551510105547 0.018878927575927507 0.017669815518990953 0.016455374982939506 0.015194858353685115 0.013871859769891252 0.012775015346672391 0.01208549468476973 0.011765772769141886 0.011528422113147255 0.01129814611927798 0.011098274245849669
0.001044313501697665 0.0016501602150034305 0.0025592948650573423 0.003936158266584201 0.005941899740204154 0.008716192355728434 0.01230513571767119 0.016561809375920507 0.021048075925742423 0.024917308159177913 0.02886426546096052 0.033017742655874205 0.03732509543967129 0.04169433737205816 0.045965697405624374 0.04988058298182488 0.05306617058117545 0.055070043229422494 0.0554786036144673 0.054100468407677134 0.051103350989050986 0.0469772815032077 0.042335899535358254 0.03770622190679171 0.033426115718640584 0.02965441204056138 0.02651426731836284 0.023930412707254416 0.021762919444911485 0.019890551323318222 0.01821415196528885 0.016657082870052797 0.015164519236331038 0.013704497030768677 0.012509307768321081 0.011709047571214473 0.011275721178481237 0.011135268864621803 0.011024435418839476 0.010934871951790753 0.01088704517670427
0.0014585652152588739 0.0021924976373700576 0.0032172127513966065 0.0046738986935237715 0.006677771536142663 0.00928601511929638 0.012443101609375569 0.015910558960829706 0.019226385525856596 0.02259197416135916 0.02652919702743185 0.03068783151801995 0.03498522148955346 0.03929847427393914 0.04344561840263089 0.04717275775423613 0.05015983410636142 0.052062660556175845 0.05259894409766279 0.05165454362159179 0.04935095298291938 0.04602068732609507 0.042098460322047615 0.037994717277075145 0.03401458242870503 0.030338002006708966 0.027040315551261115 0.02412635520502731 0.021568142025161146 0.019337574093419546 0.017353738980872353 0.015547099465937044 0.013884236065450794 0.012580722082151738 0.011670510146181257 0.011117369792466582 0.010910824107646436 0.010888505298586927 0.010884131545220412 0.010884131545220412 0.010884131545220412
0.0020457104724512973 0.002924103684479636 0.004074993889438979 0.0055752789616824545 0.0075099918640844894 0.00985503952169724 0.012474290783026106 0.015086838515752952 0.01738061528672309 0.020036295777901798 0.023306347530911133 0.02717669296150489 0.03123726511448635 0.0352929852707164 0.03916206359753524 0.04261405982768525 0.04538395507153416 0.04720929971002753 0.04788902182631545 0.0473459689553344 0.04566226725559268 0.04306365630609627 0.03985739280233345 0.03635507418587793 0.03281395025165794 0.029411373456309838 0.02624725562896004 0.023361246074254792 0.020753209095838332 0.018400806747343106 0.016272264121352572 0.014416819947230347 0.01299652567162002 0.011966843134779772 0.011287770615780455 0.01093761731305077 0.010884131545220412 0.010884131545220412 0.010884131545220412 0.010884131545220412 0.010884131545220412
0.002892104852132376 0.003950646092361621 0.0052602488601520775 0.006790362179471009 0.008597886458862853 0.010597573884824877 0.012589072654869936 0.014277063659308125 0.01585248937269819 0.017834084191526007 0.020281700719277443 0.02322257870617681 0.0265902910806974 0.030216967467587286 0.03368969862206922 0.03679145585223923 0.03930681790061842 0.04103353582548525 0.04182192909796184 0.04161262582911136 0.040456282283656525 0.038503990365179715 0.03597090997936796 0.03308860825484029 0.030064244901330098 0.027057182040989492 0.024173441816596475 0.021472250049135024 0.018977879329053114 0.016726926789296298 0.014876457396091232 0.013416382784696972 0.012311094590681445 0.011530834347239768 0.011056658834847995 0.010884622980570458 0.010884131545220412 0.010884131545220412 0.010884131545220412 0.010884131545220412 0.010884131545220412
0.004139849223396048 0.005409951388315446 0.00688406676261488 0.00844947742925601 0.010036801391504771 0.011591814001125276 0.012887886431163896 0.013824874816092831 0.014946039630411322 0.016339701784079032 0.01802721607074249 0.020030073022273404 0.022365757379020846 0.024997058641608606 0.027713772575624383 0.030335601633917405 0.03255298646912355 0.03413816170214368 0.03497544282166941 0.035014486398217 0.03428206123180737 0.032876454789560604 0.030945883584051235 0.028658837118303006 0.026176318798318162 0.02363297581494777 0.021129486630549938 0.01881198139874148 0.016785026889448173 0.015068925338706532 0.013663171297403756 0.01255656438526325 0.011735229232269044 0.011188803498382366 0.010915522256803414 0.010884131545220412 0.010884131545220412 0.010884131545220412 0.010884131545220412 0.010884131545220412 0.010884131545220412
0.005931571588922167 0.007426120314617464 0.009037030408609396 0.010591569592544517 0.011865930369408929 0.012818371350365078 0.013348128943462148 0.013887153856312708 0.014610211397243897 0.015515710492511032 0.016604369996600823 0.017876955418596803 0.01933211924643703 0.020964585068685048 0.02276384622259319 0.024560763173788542 0.026127935657574018 0.027326760265284147 0.028038420979884945 0.02818711032080498 0.027756491772161936 0.026793404683347892 0.025397389015947704 0.023699985704921406 0.021840959046408058 0.019948234529907988 0.018125421569075557 0.016447384962540584 0.014962031344983287 0.013695709873543896 0.01265997053431475 0.011858238550529825 0.01129178492017878 0.010965003363408755 0.010884131545220412 0.010884131545220412 0.010884131545220412 0.010884131545220412 0.010884131545220412 0.010884131545220412 0.010884131545220412
0.008428214614736806 0.010111127297823952 0.011779405778684903 0.013187609872817635 0.014072051244652198 0.014249318555897977 0.014292133684258999 0.014491698024974117 0.014829661763836863 0.015293289690364463 0.015873246817404176 0.016561899401078193 0.017352107644923405 0.018236630951523433 0.019208381339737568 0.0202618242872787 0.021315087914725337 0.022120430237263042 0.022595510838544476 0.02269449224903895 0.0224075689365372 0.021762922229442233 0.02082117149763165 0.019664188329637934 0.01838175515313482 0.01705960579099769 0.015771175770997244 0.014573757794144295 0.013508469307704548 0.012602826160182972 0.01187470555733207 0.011336818634971891 0.011001260612633693 0.010884132198197507 0.010884131545220412 0.010884131545220412 0.010884131545220412 0.010884131545220412 0.010884131545220412 0.010884131545220412 0.010884131545220412
0.011909888066706962 0.013526481914045223 0.015096674277864085 0.01615511372428292 0.01643720642978136 0.016236513261356274 0.01592552026456601 0.015729377229934578 0.015649047870182457 0.015666229043384442 0.015767972439887038 0.01594489801008623 0.016190104382861933 0.016498763438753797 0.0168684290799016 0.017300102328648377 0.01780008074296888 0.018323296644165835 0.018641962341734954 0.01870821817983913 0.01851602836192036 0.018082776307538167 0.01744625510990748 0.016658501550195833 0.015778216516604382 0.014863641815670998 0.013967265360386318 0.013132947920290714 0.012395368464556406 0.011781278759459564 0.011311964672832735 0.011006444684740558 0.010885188570658464 0.010884131545220412 0.010884131545220412 0.010884131545220412 0.010884131545220412 0.010884131545220412 0.010884131545220412 0.010884131545220412 0.010884131545220412
0.01658246576903671 0.017790022093137063 0.01884511575776817 0.019306036703860923 0.01927505873785581 0.01898236695911562 0.018453933416459154 0.017776135500079723 0.017185113124622047 0.01669391068579727 0.016289647139991967 0.0159641057348125 0.0157122658046677 0.015531682929311914 0.015422575167137745 0.015388500900485378 0.015437549079764542 0.015584013039200716 0.01578229704488106 0.015826565024440912 0.015698103620067346 0.015407941857874571 0.014980295123043712 0.014449110338904825 0.013853718033310779 0.013234599191860324 0.012630074335342995 0.012074353273158556 0.011597018609577599 0.011223773504134458 0.010978203734189696 0.010884366551138645 0.010884131545220412 0.010884131545220412 0.010884131545220412 0.010884131545220412 0.010884131545220412 0.010884131545220412 0.010884131545220412 0.010884131545220412 0.010884131545220412
0.022463731314226968 0.02282452516934127 0.022911396692194146 0.023140651331491936 0.023095351276394248 0.022668150046586674 0.02190055316439605 0.0208628031012925 0.019653059751867628 0.018515491283577493 0.017509522704272692 0.01662757264531173 0.015864298475803024 0.015215984447465889 0.014680730471565134 0.014259150179596038 0.01395541365863008 0.013778593214009878 0.013744396417534504 0.01377044265223265 0.013685957173568795 0.013495115759913972 0.013213975287335967 0.01286545318978345 0.012476828113553459 0.012077252482659308 0.011695759325741848 0.011360074963265854 0.011096365290035779 0.010929913534204362 0.010884131545220412 0.010884131545220412 0.010884131545220412 0.010884131545220412 0.010884131545220412 0.010884131545220412 0.010884131545220412 0.010884131545220412 0.010884131545220412 0.010884131545220412 0.010884131545220412
0.02924869475066039 0.028668757280695522 0.02834495870458445 0.028299296257887668 0.028225431090019914 0.02759768189405137 0.026476971230118888 0.02497646868724593 0.02323125719572568 0.021375309592615684 0.019583926231111555 0.01801598637219836 0.016662387020709574 0.015509737073040342 0.014545571910916112 0.013759700786482087 0.013145557250780548 0.012701564028330944 0.01243267233719316 0.01234970190379772 0.01229662178846837 0.012177135542995108 0.012002391552584004 0.011788611218471867 0.011555675463318444 0.011325716394659235 0.011122012998971935 0.010968417056923245 0.010889452352282865 0.010884131545220412 0.010884131545220412 0.010884131545220412 0.010884131545220412 0.010884131545220412 0.010884131545220412 0.010884131545220412 0.010884131545220412 0.010884131545220412 0.010884131545220412 0.010884131545220412 0.010884131545220412
0.03772563220143589 0.036711044072427784 0.03594592588439031 0.035433435016027706 0.035120932851693945 0.03418857976336024 0.03253788647258334 0.03035530695599164 0.027855950028171796 0.02524355407785163 0.022684310742127255 0.020296699537519503 0.01819569760405629 0.016439936691462993 0.01499250650532269 0.013820374257759463 0.012896862002958611 0.012202907819199433 0.011728205664012226 0.011472658724760837 0.011410708313690125 0.011345075584705896 0.011251595096082987 0.011142538008239295 0.011033445380411669 0.010942416926563411 0.010889636606202287 0.010884131545220412 0.010884131545220412 0.010884131545220412 0.010884131545220412 0.010884131545220412 0.010884131545220412 0.010884131545220412 0.010884131545220412 0.010884131545220412 0.010884131545220412 0.010884131545220412 0.010884131545220412 0.010884131545220412 0.010884131545220412
