_RESULTS/CROSS_VALIDATION_POSTPROCESSED/Berg/TZ/5comp/2/Berg_TZ_z_710_kriged_reverse_5comp_spherical_2.asc
ncols 100
nrows 90
xllcorner  5.6208707817415728
yllcorner 50.959635321741573
cellsize 0.00013419651685393446
nodata_value 1.7014100000000001E+038
[rows 0 to 17 of 90, columns 42 to 83 of 100]
0.05141770158400387 0.052965085923035234 0.05365748395472946 0.053386723629711925 0.05219611488279874 0.05026112201557617 0.047820625160897315 0.04510852352624313 0.04231562063540019 0.03958023654866033 0.0369942206237609 0.03461380573121887 0.03247013991715243 0.03058069586682696 0.028971936557239463 0.027636635248607478 0.026561243896235116 0.02573527941705232 0.025152473341856784 0.024811753046561937 0.024718247501309167 0.02474167276851582 0.024748289915802878 0.024737554983663725 0.02471035175178641 0.024668952475253657 0.02461692022005843 0.024558965200738705 0.024500772471418027 0.024448820198457788 0.024410206587090637 0.02439250005225456 0.02439213224263104 0.02439213224263104 0.02439213224263104 0.02439213224263104 0.02439213224263104 0.02439213224263104 0.02439213224263104 0.02439213224263104 0.02439213224263104 0.02439213224263104
0.056369793939995284 0.05845798018417591 0.05941216926723845 0.05903746605450665 0.057413031159982225 0.05484425275038239 0.051708327711196815 0.04833233218852814 0.04495142179237157 0.04171614169301287 0.038714312516868445 0.03599168904895352 0.03359149895180966 0.031532398208619535 0.029791324794038575 0.028346091389505428 0.027177482947879035 0.0262704786305138 0.025615093205898807 0.025207104557777953 0.02504885591187413 0.02507285243993231 0.025082538494152054 0.02506681437928923 0.025026709861349788 0.02496486512185556 0.024885398379295248 0.024793712146117277 0.024696262716238856 0.024600319818364805 0.024513741144874597 0.024444780839330108 0.024401943798840697 0.02439213224263104 0.02439213224263104 0.02439213224263104 0.02439213224263104 0.02439213224263104 0.02439213224263104 0.02439213224263104 0.02439213224263104 0.02439213224263104
0.06168138506284072 0.06456545147323779 0.06593193868992464 0.06539121815936509 0.06310561375756227 0.05964997627847607 0.05562820155616004 0.05147487657969705 0.04745131780671133 0.04369852561202639 0.04028619759964357 0.037288306636711795 0.0347046143167777 0.03250098088437098 0.030644209051751848 0.029104612723126297 0.027857311492575393 0.02688291630802336 0.026167980654257145 0.025705442195082546 0.025495208000350426 0.025505996472176367 0.025519055487373862 0.025497848875648804 0.025443591424608097 0.025359389060621608 0.02525006088529459 0.025121879403713396 0.024982263292137496 0.02483946049261712 0.024702255854610056 0.024579728623035726 0.024481073862363777 0.024415491457173633 0.02439213224263104 0.02439213224263104 0.02439213224263104 0.02439213224263104 0.02439213224263104 0.02439213224263104 0.02439213224263104 0.02439213224263104
0.06709325218700365 0.07118901758887267 0.07327090735691388 0.07243356180130334 0.06907337899586363 0.06438011395282979 0.05928682202991836 0.05429182002363827 0.04962623441757786 0.045390705179349636 0.041682049921944485 0.03848672254822208 0.03575423765985753 0.033436423441885625 0.03149032937648411 0.02987934786424872 0.028573558708471808 0.027549792874125435 0.02679167402401651 0.02628979053016099 0.026042170472025096 0.026036255579458784 0.0260531326594917 0.02602585812728935 0.02595588358476564 0.025846953205505306 0.02570484730710285 0.02553693564138055 0.02535174885335916 0.025158733459603528 0.024967797155688802 0.02478900184513594 0.024632347759906203 0.024507648779927015 0.024424489023087515 0.024392245554147585 0.02439213224263104 0.02439213224263104 0.02439213224263104 0.02439213224263104 0.02439213224263104 0.02439213224263104
0.07199941118281408 0.07792801405321446 0.0814586413903578 0.07997522361447221 0.07475430436465634 0.06845853263395649 0.062239038572801095 0.056468844216892834 0.051263166738913284 0.04672473555938815 0.04282997575755522 0.03950323033170983 0.036675762024736366 0.03428781545054572 0.03228883024747479 0.030637009214397777 0.029298872179391474 0.028249029259985223 0.027468824786169365 0.026946904962480117 0.026679585162766625 0.026662553120704122 0.02668401150293665 0.026649912076900043 0.026562022372040885 0.026424921824910276 0.026245634580178267 0.02603310452702387 0.02579760335425318 0.025550159831009396 0.025301992014964247 0.025063939126556956 0.024846883944480622 0.024661327880885014 0.024517313288463738 0.02442447370227522 0.02439213224263104 0.02439213224263104 0.02439213224263104 0.02439213224263104 0.02439213224263104 0.02439213224263104
0.07457993987477489 0.08259514198483736 0.08968815412263532 0.08633708159135628 0.07843002392837022 0.07083682435105254 0.06391753956088847 0.057680047845926445 0.05223534923473896 0.047587672229311664 0.043627350444731525 0.04026080269165093 0.03740932533180583 0.03500733541446972 0.03300103816685894 0.03134742791696607 0.03001098166822839 0.028964150395764797 0.028187024171784033 0.027667219612646447 0.02740014182810085 0.027384223786691888 0.027411110374476404 0.02736919716500658 0.027260682563926258 0.027091288902239767 0.026869721262149066 0.026606906826097246 0.026315162992459906 0.02600742914571225 0.025696652015680454 0.025395361523782956 0.025115339799599613 0.024867186684523215 0.024661319057406768 0.024507613449659394 0.024415452584645288 0.02439213224263104 0.02439213224263104 0.02439213224263104 0.02439213224263104 0.02439213224263104
0.0729978098226523 0.08092335548954514 0.08817653404499987 0.08488663837142776 0.07720503404210471 0.06992505083568476 0.06333354123486021 0.05746342225591808 0.05235428805506902 0.04787849746762168 0.043999006659284925 0.040700473225243915 0.03790693616865273 0.035556970644887005 0.03359856110888674 0.03198825465798125 0.030691079694522116 0.029679775911313197 0.028934383407334334 0.028442220072199965 0.028198274740194682 0.028200512635068717 0.028233922290477553 0.028182861369846594 0.028050139040988492 0.027843086298787276 0.02757272916184813 0.027252656493308373 0.026897833551458784 0.026523569105007302 0.026144751615118478 0.02577537827885225 0.025428339661645562 0.025115396823752693 0.024846911341331566 0.02463232289125945 0.024481012311296516 0.024401902188555948 0.02439213224263104 0.02439213224263104 0.02439213224263104 0.02439213224263104
0.0675003454711709 0.07317355439371366 0.07679768322407958 0.07575942586788502 0.07124166858521307 0.06576217415182818 0.06035525800126799 0.055461470917394694 0.05112946589158391 0.04729038241714852 0.04386565581010693 0.0407912223300604 0.03814338691704171 0.03591522067840406 0.03406048677758084 0.03254038822839742 0.031323052733807165 0.030383121806452563 0.029701595563236368 0.0292660503221218 0.029071315283745604 0.029111142080734988 0.029152480768068402 0.029090419549595327 0.028928672151381705 0.028676908143371548 0.028349433913688087 0.027963456196349698 0.027537368841461667 0.02708937953924408 0.02663660337758238 0.02619459725589387 0.025777232716382846 0.025396791467569776 0.025064187590850655 0.024789052573763813 0.024579692381812953 0.02444471063299074 0.024392488980870413 0.02439213224263104 0.02439213224263104 0.02439213224263104
0.059905556973914156 0.06365772313691828 0.0659071583963868 0.06572158939462049 0.06332733449788648 0.05971888943413126 0.055777832014042315 0.052043331353650454 0.0486732070870659 0.045649257898446316 0.042908593311504706 0.040411511888056084 0.038114002462830594 0.036071402046733564 0.03437383235605231 0.032990496554365756 0.03189462145103533 0.031064080485064163 0.030481570570379233 0.03013513589449269 0.030019251518923158 0.030115774020485514 0.03016686814737404 0.030091174914817487 0.029893813377855107 0.029587979298408663 0.029192731836353274 0.028730245113934915 0.028223320758128854 0.027693618695849305 0.027160680103823595 0.02664158446383781 0.02615101873575669 0.02570156924563159 0.02530410771949108 0.02496819677158824 0.024702322154435227 0.02451370090927499 0.024410152594959975 0.02439213224263104 0.02439213224263104 0.02439213224263104
0.05284840877206787 0.05601131540747312 0.058093001374559874 0.05858593456348187 0.05747427753063215 0.05517529448676013 0.052343142014690876 0.04937293035072119 0.046475786297333 0.043785188417102376 0.04139332882103681 0.03936677440672557 0.03764696646818413 0.0360213663716527 0.03453387955822991 0.03333037461949974 0.03239648263532129 0.03171425465197666 0.03126848278952606 0.031047418861379936 0.031044281706282116 0.031213367055530357 0.03127667429588786 0.031183531039360994 0.030941359063425496 0.03056889777944573 0.030092269558235313 0.02954049796865083 0.028941934146735963 0.028322143888351803 0.027703077349635286 0.027103071063319432 0.02653727293910223 0.026018222078058123 0.02555644089355374 0.025160977584977165 0.024839880095859603 0.024600390878399853 0.02444878554183194 0.024392330057672443 0.02439213224263104 0.02439213224263104
0.048227760517835665 0.0512597880618322 0.053467237198507676 0.054486975321073966 0.05420900724104577 0.05284252550258571 0.050832125634228065 0.04844646747789096 0.04590038187510009 0.04336537469832249 0.0409745856506034 0.038831988580944755 0.03702106953876333 0.035612451425025525 0.03453707936712036 0.03355565672646664 0.032820990338106086 0.03232549516044703 0.03205628030526257 0.03200112798130248 0.03215013859063495 0.0324015215505122 0.032480547448900256 0.03236425870228848 0.03206409482689325 0.03160794303311737 0.031032675416346658 0.030376681888429607 0.029674975417431068 0.02895711800287846 0.028247029444440824 0.027563691373789362 0.026922120268794914 0.026334312518220254 0.025810058244553298 0.025357609782374845 0.02498422300603609 0.02469659719361535 0.024500835197832378 0.024402637511436755 0.02439213224263104 0.02439213224263104
0.04562685404463039 0.04880269103410895 0.05131610231382472 0.05284562270708919 0.053221110713989904 0.05258345233463833 0.051192577670433864 0.04923579157816014 0.04691636065798346 0.0444274270209807 0.041938588657198336 0.03959245994141817 0.037505299279661626 0.035771107371923336 0.03446851077907938 0.03366418909413677 0.03316071116674444 0.03288804258575956 0.03283648359114138 0.03299273227412035 0.03334090151108765 0.033675798692296935 0.03377594037884886 0.03362762991604119 0.033249892596700935 0.03268658471330363 0.03199120543802525 0.03121449272146228 0.030398645687936265 0.029576473168237926 0.028772741174059733 0.028006025169942203 0.027290378611491375 0.02663665114935111 0.026053484199434835 0.025548058266666784 0.025126661538934458 0.024795132454293267 0.024559213547174233 0.02442402370653478 0.02439213224263104 0.02439213224263104
0.04474599932137828 0.04829063404272826 0.05128294839386461 0.05339401036958076 0.054401760050062954 0.054404588275370425 0.05351450036443794 0.051863300183515745 0.049642477793678474 0.047066303365800206 0.044345057119225165 0.04166680549267195 0.03918827012089263 0.03703378302905654 0.035300517897052436 0.03406799630256969 0.03341865115629883 0.03338836134297379 0.0335948596814012 0.03401313477958143 0.03459727076927357 0.035028695945987655 0.03515906984139214 0.03496391878873373 0.034478164775107595 0.03377535775947366 0.03293450644173032 0.032020978724679294 0.031082839605232105 0.030153885601671277 0.029257725562377046 0.028411070176893486 0.02762604071235519 0.02691172925173144 0.026275259072691643 0.025722525904918025 0.025258736956102732 0.02488881976204063 0.024617745296398298 0.024450648711133578 0.02439215314272921 0.02439213224263104
0.045439966372348324 0.04959108835478954 0.053279189699777525 0.05613180032200686 0.057867807760934135 0.058518150792718354 0.05807893063833609 0.05663390112340943 0.0543695383896957 0.051533482923590855 0.04839175037977703 0.04519361381474767 0.04214992594551942 0.03942540587972188 0.037142190761074535 0.035390736884505614 0.034244534482777415 0.033841421143373074 0.034306568580136226 0.03504018670379368 0.0358721428288867 0.03644706394553407 0.03662500533088572 0.03635554385061544 0.035712031820186306 0.03482666520109066 0.0338144368236136 0.032753068813853044 0.03169127491214648 0.030659613028927845 0.029677835226034486 0.02875922548177655 0.027913118350272274 0.027146404680462623 0.026464478071328502 0.025871867489029275 0.025372688855883774 0.024970987839181842 0.02467101368833799 0.024477448856628975 0.024394929105844048 0.02439213224263104
0.04770516470575007 0.052760596765314124 0.05745044609320152 0.061319983932205196 0.06399634569757491 0.06540608102864157 0.06542884660577548 0.06409849546069668 0.061610371753967406 0.05827123958024004 0.05443375058618847 0.05043753108560857 0.046570172605043925 0.04305120041150704 0.040034837517623816 0.037624552874541355 0.0358930064487517 0.03490331247110293 0.03495588953241467 0.03601690638661095 0.037099263227231734 0.037903009875687454 0.03816765682537095 0.037764293977177295 0.03687972848751993 0.035763321009861085 0.03456436715083507 0.03335802741200175 0.03218341787565319 0.031062615973745746 0.030009121282364666 0.02903178638644542 0.02813679949238798 0.02732878130279871 0.02661145289362874 0.025988083730037685 0.02546182118439913 0.025035952092159315 0.02471412157513431 0.024500523424667686 0.0243999074449683 0.02439213224263104
0.051670838056474794 0.05803963106823585 0.06418680379062093 0.06952322327113998 0.07351652557965561 0.07592784939255721 0.07648597942241665 0.07516327019306591 0.0721885697498541 0.06792849665702896 0.06289568348048583 0.057655362189826816 0.05262089362298807 0.04805047236881714 0.04407437457236634 0.04079795887977219 0.038328012970548206 0.03671142856488537 0.036073417017435716 0.03677383259532431 0.03813079533333986 0.03931042042263955 0.03977857621481401 0.03907838316266068 0.03783424044954898 0.03646768479405097 0.035101466601623124 0.033778718064891 0.032519288104874644 0.031334220999591676 0.030230473053253316 0.0292128196026934 0.02828478371511937 0.02744916815569622 0.02670840698704901 0.026064828702486238 0.02552087367920945 0.025079285932339778 0.024743287281601332 0.024516737457995416 0.024404285084500873 0.02439213224263104
0.05759865389958269 0.06586998816906839 0.07417610068460627 0.08171505441972471 0.0876671162803968 0.09132179971078497 0.09158961484058073 0.08875037855377528 0.08358856416800878 0.077053610637562 0.07002799609435235 0.06318975547207921 0.05697590810867543 0.05161332987178977 0.0471771370766646 0.043648757498698856 0.040960890812543366 0.039026951128669995 0.0377565536972607 0.0375291305761163 0.03866841272417561 0.04025245658616152 0.04139968343334389 0.03988523827244219 0.03831608534380926 0.036797921437636945 0.035345106518527 0.03396618856402767 0.03266727706398815 0.03145293325247285 0.030326636427780447 0.029291110267309597 0.028348576536658628 0.027500964934316974 0.026750096771997658 0.026097854488796726 0.025546344491305106 0.025098056322410356 0.02475601711600771 0.024523938924286767 0.02440636066998117 0.02439213224263104
0.06588694871879051 0.07693222539664599 0.08850983398715703 0.09886531337776966 0.10541199702425395 0.10759599049899277 0.105410038777027 0.09961341945010692 0.09145011907139143 0.08224245828380225 0.0730823547966304 0.06470079766122647 0.057483997287367035 0.05156202860168421 0.04690855916171298 0.043420460838503795 0.04096974749896917 0.03942944930800913 0.03850186163371187 0.038124181112518245 0.03853682689857486 0.03977402361143963 0.04037235781692585 0.039493521461531574 0.038111061012949435 0.03666741231985553 0.03525273677129742 0.03389651260661365 0.0326125991409259 0.031408972971696085 0.0302908021388924 0.0292617200279678 0.02832447281912495 0.02748130939579105 0.02673425402267507 0.02608532317163346 0.025536715666750483 0.02509098928423388 0.024751227449219027 0.024521195253477013 0.024405486381076386 0.02439213224263104
