_RESULTS/CROSS_VALIDATION_POSTPROCESSED_80-20/MHZ/TZ/9comp/5/MHZ_TZ_z_90_kriged_reverse_9comp_spherical_5.asc
ncols 100
nrows 81
xllcorner 5.5967107548124995
yllcorner 50.982328804812504
cellsize 0.00017565037499993607
nodata_value 1.7014100000000001E+038
[rows 0 to 18 of 81, columns 44 to 87 of 100]
7.327747989451422 7.420565271069026 7.5224217429351645 7.628895347059368 7.735908078308734 7.839749929072233 7.937052126799664 8.02474253479028 8.100000031390005 8.160214919629416 8.202957479072078 8.225954715417792 8.229408966389562 8.229408966389562 8.229408966389562 8.229408966389562 8.229408966389562 8.229408966389562 8.229408966389562 8.229408966389562 8.229408966389562 8.229408966389562 8.229408966389562 8.229408966389562 8.229408966389562 8.229408966389562 8.229408966389562 8.229408966389562 8.229408966389562 8.229408966389562 8.229408966389562 8.229408966389562 8.229408966389562 8.229408966389562 8.229408966389562 8.229408966389562 8.229408966389562 8.229408966389562 8.229408966389562 8.229408966389562 8.229408966389562 8.229408966389562 8.229408966389562 8.229408966389562
7.171527108868493 7.280155847403881 7.397764967136619 7.519751284002457 7.6417382044574405 7.759882551572623 7.870779407774671 7.971372303511812 8.058880255813463 8.13074263473271 8.184579304610711 8.218163005055724 8.229408966389562 8.229408966389562 8.229408966389562 8.229408966389562 8.229408966389562 8.229408966389562 8.229408966389562 8.229408966389562 8.229408966389562 8.229408966389562 8.229408966389562 8.229408966389562 8.229408966389562 8.229408966389562 8.229408966389562 8.229408966389562 8.229408966389562 8.229408966389562 8.229408966389562 8.229408966389562 8.229408966389562 8.229408966389562 8.227111860860905 8.220940159983309 8.213587520352613 8.207217146861561 8.203351581565322 8.202821186068295 8.205735605332539 8.211479975114697 8.218736115418034 8.225527380146982
7.009534063646354 7.139568715256401 7.276544120027699 7.414704635540094 7.5515338208750284 7.6834900146505385 7.807242146810876 7.919831420775295 8.018575833541759 8.101005277743809 8.164818256461759 8.207853727470082 8.228073901022004 8.229408966389562 8.229408966389562 8.229408966389562 8.229408966389562 8.229408966389562 8.229408966389562 8.229408966389562 8.229408966389562 8.229408966389562 8.229408966389562 8.229408966389562 8.229408966389562 8.229408966389562 8.229408966389562 8.229408966389562 8.229408966389562 8.229408966389562 8.229408966389562 8.22902168170099 8.220299237375285 8.203286770643098 8.181979722004725 8.15995411973111 8.1402549841984 8.125296970993592 8.116782086046879 8.115639538213854 8.121992079020552 8.135151510417062 8.153643731914759 8.175261297364957
6.845646532823125 6.999029771636808 7.158250021602948 7.316774645341573 7.4692681577915145 7.614058742874503 7.749498535590307 7.872810236731937 7.981464294377076 8.073114915595228 8.145560538702178 8.19671982461679 8.224618069474017 8.229408966389562 8.229408966389562 8.229408966389562 8.229408966389562 8.229408966389562 8.229408966389562 8.229408966389562 8.229408966389562 8.229408966389562 8.229408966389562 8.229408966389562 8.229408966389562 8.229408966389562 8.229408966389562 8.229408966389562 8.229408966389562 8.229408966389562 8.221359131186272 8.197897631797131 8.163904808021567 8.124118499058076 8.082953868276741 8.044373155768456 8.011760806584732 7.987809025835105 7.97442053981093 7.972636069979706 7.982593205447573 8.00352088472011 8.03377007499041 8.070877448382824
6.6879935476075385 6.865869316528856 7.047177948297015 7.225680147044275 7.396375172691175 7.554995302267578 7.700452291646176 7.832805397346992 7.949712205975574 8.048968423396502 8.128480508846373 8.18625003301856 8.220366125895913 8.229408966389562 8.229408966389562 8.229408966389562 8.229408966389562 8.229408966389562 8.229408966389562 8.229408966389562 8.229408966389562 8.229408966389562 8.229408966389562 8.229408966389562 8.229408966389562 8.229408966389562 8.229408966389562 8.229408966389562 8.228450915977465 8.210047897872807 8.172336251385458 8.120762128627026 8.06071356231458 7.997383552995983 7.935630231549134 7.8798344580837885 7.833757894511212 7.800407947544414 7.781919172803872 7.779462513780376 7.793192963869178 7.822242496376108 7.864759228325456 7.917987591075497
6.54692637154099 6.74867143219032 6.950333601098967 7.146641532880227 7.3332844688098575 7.506464236023113 7.662691093081533 7.801993419898416 7.925176321611812 8.030169763571578 8.114979015353832 8.17767940860364 8.216415703356546 8.229408966389562 8.229408966389562 8.229408966389562 8.229408966389562 8.229408966389562 8.229408966389562 8.229408966389562 8.229408966389562 8.229408966389562 8.229408966389562 8.229408966389562 8.229408966389562 8.229408966389562 8.229408966389562 8.227120013013135 8.201428758412122 8.15170796749965 8.08376818952894 8.003505278889172 7.916767588265469 7.8292180957887 7.746188122544191 7.6725211900754156 7.612409325545016 7.569229546801304 7.54539411274417 7.542232136977736 7.5599198712032605 7.597471207935434 7.65279005217943 7.722775692304458
6.434744920156871 6.6564258530877325 6.874480480302947 7.084937510308562 7.2842162458736315 7.46894803586426 7.635909585125915 7.782093411838349 7.909301834873748 8.017953293591113 8.106124584842613 8.171943443413522 8.21359359814262 8.229321485908478 8.229408966389562 8.229408966389562 8.229408966389562 8.229408966389562 8.229408966389562 8.229408966389562 8.229408966389562 8.229408966389562 8.229408966389562 8.229408966389562 8.229408966389562 8.229408966389562 8.227512815089511 8.199232195818364 8.141499521571252 8.060310018359285 7.961886890994017 7.852557563532953 7.738627526436645 7.6262455618767016 7.521253678062731 7.429016709381445 7.354231419998801 7.300723482448427 7.271251350064283 7.26734476146426 7.289207121628408 7.335702063963008 7.404427137450702 7.49185891593734
6.363234245238111 6.596821965589348 6.825070658664872 7.044704297253057 7.25247598839029 7.445193227456641 7.619735167465007 7.773062184893751 7.903031209321637 8.01311727880211 8.102603773417323 8.169640169062427 8.212426240660845 8.229220387159874 8.229408966389562 8.229408966389562 8.229408966389562 8.229408966389562 8.229408966389562 8.229408966389562 8.229408966389562 8.229408966389562 8.229408966389562 8.229408966389562 8.229408966389562 8.229080748962703 8.204325192669392 8.14421540551922 8.054742345445053 7.9422579540969 7.813359474505588 7.6747781289817105 7.533265804337027 7.3954704151358674 7.267788216287855 7.1561814545172036 7.065955104180818 7.001499194955556 6.966022358740215 6.9613209118176655 6.987634654230142 7.043626760197674 7.1264932828917615 7.232173111858044
6.338773667170949 6.5739552416788 6.805091891313457 7.028313042761514 7.24004912994445 7.436919706516801 7.615690981918391 7.773255798014861 7.906620118665892 8.015977214190647 8.104686951825348 8.171004435022668 8.213119906637399 8.229284664017118 8.229408966389562 8.229408966389562 8.229408966389562 8.229408966389562 8.229408966389562 8.229408966389562 8.229408966389562 8.229408966389562 8.229408966389562 8.229408966389562 8.229408966389562 8.214651500610152 8.159200503019171 8.068069437575065 7.947543310060272 7.804275313086125 7.645184885193548 7.477364392296095 7.307987156361855 7.144204219300682 6.99301118920043 6.861062517890229 6.754413877395573 6.67819043537288 6.636287991546219 6.634715849894776 6.67348460764168 6.748095175904329 6.852941775601083 6.981652695114134
6.358993102193286 6.587034989396052 6.814492450845696 7.036081634440477 7.247440839796841 7.444723128873687 7.62440977644184 7.78321558936663 7.918034434145603 8.026346547703819 8.11221431679396 8.175897478150171 8.215552747185534 8.22940633881609 8.229408966389562 8.229408966389562 8.229408966389562 8.229408966389562 8.229408966389562 8.229408966389562 8.229408966389562 8.229408966389562 8.229408966389562 8.229408966389562 8.225372747334706 8.18268684980485 8.097869665293265 7.976960562113954 7.826474487714448 7.653298297005078 7.4646050131419965 7.267784164938824 7.070381608770836 6.8800341075359635 6.704372205343523 6.550852190510928 6.428362958659309 6.3518806678698345 6.323189783723097 6.340899272792479 6.401897731576109 6.501189637090358 6.632145581609654 6.787068384449774
6.398547784579546 6.623495213601692 6.849037096583029 7.06648329127833 7.273784685700354 7.468132853904075 7.645664744904328 7.802868255040001 7.936486657583811 8.043456449342164 8.124760659654811 8.18454955784849 8.220206249005333 8.229907448273446 8.229417163477365 8.229408966389562 8.229408966389562 8.229408966389562 8.229408966389562 8.229408966389562 8.229408966389562 8.229408966389562 8.229408966389562 8.229408966389562 8.208057612372292 8.13847605284159 8.026083105397873 7.877091132938855 7.698173964040743 7.496372500936724 7.279025649288884 7.053728285409272 6.828313394679535 6.610845377303382 6.410082749624226 6.247551700708828 6.132685765571252 6.0675020904153145 6.053412333783465 6.090124145894789 6.1747413474168065 6.301476510207156 6.462117192459233 6.647011268188647
6.431621152575184 6.654143461956116 6.88191856835639 7.105294730409086 7.315555662952892 7.505799729437163 7.679245804571146 7.839108430948993 7.980184405298958 8.09606790188519 8.182262429037337 8.241953432168392 8.273250438116756 8.275422777084183 8.267117310726643 8.255721916945568 8.243533373669587 8.233557567792333 8.229408966389562 8.229408966389562 8.229408966389562 8.229408966389562 8.229408966389562 8.226292201027237 8.181381837181368 8.08718550944914 7.949472748061807 7.774564853497886 7.569219942999234 7.340544325465774 7.095937029258834 6.843074843480969 6.589943049711082 6.349287075869177 6.147792074396804 5.990488795198084 5.88085300381905 5.823226886633935 5.821494131889969 5.877193362350503 5.98781346035804 6.146249325934384 6.341748280019057 6.561725260728275
6.452070093593569 6.673343323025356 6.90300455556887 7.131404989946083 7.351881229821873 7.565825005052386 7.762715858171143 7.939238489637979 8.094500599549963 8.221242393385912 8.313148272510164 8.371978672320402 8.397629430597393 8.392440270690486 8.37563125176897 8.351071596418528 8.321426090202193 8.290139311548941 8.261288679082712 8.239443362706641 8.22954762533229 8.229408966389562 8.229408966389562 8.215810604419731 8.149804824957597 8.033720174557255 7.873409221119203 7.67524239034237 7.4459900628084315 7.1927335779967825 6.922815554901556 6.643843638852623 6.3715192438390105 6.134820042925752 5.936580669207648 5.779854675509187 5.670173519300484 5.615136206356195 5.622637554432738 5.697510884923494 5.838001168076909 6.034639237678805 6.272389022299238 6.534208813014371
6.456633217123139 6.678545912375933 6.910907416967673 7.15717539812318 7.4130795635906255 7.66566600883731 7.901642182954842 8.107593930944214 8.27783779480127 8.415565474006595 8.513614575314449 8.57100069497713 8.58971032968271 8.578468644259353 8.552198154579743 8.513069997924482 8.464252511983721 8.409787595888533 8.354379634760207 8.30319462627871 8.261694625905513 8.23552405314338 8.229408966389562 8.20143105378591 8.117407632176421 7.982584145817055 7.802852601465917 7.584582815775537 7.334496558973321 7.05957027100926 6.766978981584559 6.471791892379077 6.207368453161556 5.975727491623002 5.777635181214575 5.6167300090950105 5.500533913315791 5.440983154210573 5.452699338520654 5.5469831460454175 5.7236892877894565 5.968607375656148 6.2590545482114015 6.571276982050847
6.444466542711874 6.671112421728628 6.929909083477402 7.213416267641645 7.50881443588227 7.802406646211839 8.07975189351323 8.325983025035587 8.526296480445923 8.675860817828028 8.780132897120374 8.835915934978303 8.847736090977797 8.831872214076403 8.794871113505693 8.739315229723134 8.669054225973323 8.58893031346169 8.504478715286407 8.421648046904533 8.346574365776707 8.285428325718687 8.243185436602817 8.186375090167761 8.087768032814829 7.93774225825587 7.742197588011604 7.507508655336069 7.240313226760183 6.947305016533965 6.639583399206075 6.355946186134019 6.10174138748388 5.874928387558922 5.675450719195671 5.506418882746661 5.37625333440695 5.301639201653739 5.308414756505381 5.421980820982247 5.646010581295541 5.955227519113419 6.312632641961695 6.685122524386012
6.419995170428493 6.677275686659424 6.9735505644538645 7.297145102067404 7.63498086651397 7.97258428238381 8.294279274623692 8.583588319659853 8.82384067088868 8.99895812414452 9.109682586571582 9.163755031598434 9.172682773168594 9.151550292435696 9.102182529772639 9.02781319914461 8.933210161032214 8.824278527622061 8.707638006773646 8.59023982897106 8.479067810627726 8.380944402658704 8.298529555957714 8.19397091289248 8.06557376753519 7.906061634599369 7.700667355532096 7.455202015310296 7.175891672567839 6.869528259000904 6.572938267634504 6.304682436589124 6.06107242754903 5.8394512137065435 5.638701937689266 5.460342619832785 5.309911567333075 5.205395160073312 5.188599740092723 5.319601664333964 5.612926818038446 6.01192715735831 6.453490580652465 6.8956769259869874
6.406643164088292 6.701036390112687 7.037313920623739 7.403926766184816 7.787433528140965 8.172492440158177 8.542062179475085 8.87785329976736 9.161045263607468 9.373246047347584 9.499022869129977 9.55290551995429 9.563896835060701 9.53658581557318 9.4727739569458 9.37658669449814 9.254030671572455 9.112416536487487 8.95976385646617 8.804283548353538 8.6539943270909 8.51733962938162 8.396116001235868 8.250007003072673 8.080254517365892 7.897228108918123 7.686741852144382 7.435173227937349 7.148604689482843 6.847533321176975 6.573525402402887 6.324482072181498 6.096121680204736 5.884706433324167 5.6872014696973245 5.50180566111847 5.329670110264571 5.181193659390244 5.1012543705172675 5.240103984722422 5.6543709708395955 6.177124395865399 6.715741501306765 7.240161690204838
6.40527843258471 6.738252304914767 7.116795571167744 7.5292716674643225 7.961754227026815 8.397933196747973 8.81926230373681 9.205413387419572 9.535078655296712 9.787118859331152 9.942004455443668 10.006543659681805 10.020488985521892 9.985843816675386 9.90496835209429 9.783221300143438 9.628288942725078 9.449335985810432 9.25384267353355 9.052921869259613 8.86157474512931 8.689126886950811 8.533530843408457 8.351457690198645 8.143873233253968 7.924201274889329 7.700505616695284 7.447677468793623 7.160420029082736 6.884946894513086 6.637411173158715 6.412998707271919 6.207233511203363 6.015877362333623 5.834821505655012 5.65997735175755 5.487198855601989 5.31240376766837 5.133808139876125 5.2359235771878065 5.8723546503424675 6.519900112028462 7.152693380034679 7.754074821793179
6.411918200873395 6.784700947324332 7.20749706831556 7.668424647652519 8.153005352805149 8.643913242739389 9.120997529669685 9.561674578335328 9.9417708997127 10.236859775397624 10.43081140462782 10.523452515934064 10.540948299008166 10.497497663351876 10.393957094823103 10.221111709957702 9.994782474985229 9.736448809611849 9.467303322293775 9.207655060841887 8.970365146832242 8.764355661182531 8.587977968204601 8.397441057008153 8.190162829266384 7.970307754695602 7.739774174665887 7.49114498461561 7.2192796792986975 6.975130850455908 6.758552829986793 6.565125820163882 6.390810593350572 6.2319048113216615 6.085061021041963 5.947511395964529 5.818066089462747 5.701697475087019 5.637709727311579 5.844313855011373 6.426847907101117 7.112551750843626 7.807985205912366 8.460532018912492
