_RESULTS/CROSS_VALIDATION_POSTPROCESSED_80-20/MHZ/IZ/6comp/1/MHZ_IZ_z_500_kriged_reverse_6comp_spherical_1.asc
ncols 100
nrows 81
xllcorner 5.5967107548124995
yllcorner 50.982328804812504
cellsize 0.00017565037499993607
nodata_value 1.7014100000000001E+038
[rows 0 to 18 of 81, columns 42 to 83 of 100]
0.4312973080044211 0.41868462519441507 0.40198313654358625 0.38265965322858014 0.3620793779454472 0.34191158976487745 0.3248337813173649 0.31125932507608367 0.3013406747090748 0.2952377276713248 0.2931545940214709 0.29536980281981684 0.302261880727653 0.31433190312575743 0.3319566328691802 0.35367620964168733 0.37914336625109346 0.40813562381657703 0.43997250443509867 0.47309139891125634 0.5042277096066135 0.5275647674496547 0.5368751899590506 0.5316309612086932 0.5164241340341604 0.4954545068276547 0.4711463658706407 0.44571356879752005 0.42186929384983457 0.40001071564779656 0.38028827154060285 0.36276287180961647 0.3474484231120489 0.3343371255798184 0.3234159760029893 0.31467861853754286 0.3081347672437089 0.3038185398030923 0.3017966335941475 0.3016495542869972 0.3016495542869972 0.3016495542869972
0.458947990216203 0.4403695661707717 0.417830770749375 0.3933575083274388 0.36813887012639734 0.3440554533326485 0.3236877148084784 0.30727712289374315 0.2949044892529127 0.28666627883108986 0.2827174426148272 0.2833042648044442 0.2887913141907418 0.29968641387629563 0.3166662568973186 0.3390780183913161 0.3659815828749074 0.39745004918443994 0.4332735867153127 0.4726260959664446 0.5129861620955305 0.5464553022841873 0.5579094937064608 0.5480988839260806 0.5290276168626586 0.5059848036204286 0.4807738323717104 0.45419238541090856 0.42847594583970705 0.40520293630591725 0.38438434647904285 0.3659909768616415 0.3499761103128303 0.3362896112237534 0.32488788539498 0.31574175663545584 0.3088342417309007 0.30417956111123995 0.3018435684997828 0.3015625475511431 0.30154735888225753 0.30154527407335774
0.49215115996124015 0.46604816898726775 0.43578643767970165 0.4040548003950331 0.3729495439850799 0.3446201940979933 0.32077492906686833 0.3014032333448547 0.28647851855671147 0.2760093375939089 0.2700848970727194 0.2689065317915222 0.2728109805641385 0.28229131593297624 0.29802218592812135 0.32024603088038295 0.34761367347499955 0.3802496590090851 0.4182996148052563 0.4617314254439515 0.5101449298794974 0.5607408059804109 0.5712345264675651 0.5525542333395969 0.5310177581838511 0.5078481850003979 0.4833533491490579 0.4577625634806688 0.4316416238046549 0.40767131485636215 0.38632138781151676 0.36751229761483023 0.35116493781174835 0.3372056390931572 0.3255426963357462 0.31613761195316137 0.3089907828537037 0.30412928665295474 0.30161366050135385 0.3012385544457818 0.3012046229461446 0.3012000662612273
0.5312255355149612 0.49575881561368 0.45631536604702994 0.41629592528023995 0.3780513784935586 0.34386219802116114 0.3160289531916486 0.2936779201755783 0.2761875730135002 0.26345762337030837 0.2555012494138618 0.2524703465947241 0.2546686067923752 0.26255895851414246 0.2767754911153854 0.2979404574949539 0.3248006586437363 0.3571306858058484 0.3950144552904507 0.4382587564140909 0.4858875620122867 0.5322020521981812 0.5475847717437666 0.5364601229964368 0.5195412366264704 0.4999478930191206 0.4784192111683777 0.45533748059138407 0.4310062163589727 0.40718564096072046 0.38594079291402245 0.36721365808747075 0.3508968679077332 0.336894117788948 0.3251730830960675 0.31571566959085384 0.30852396100825785 0.30362652010007096 0.3010852421632014 0.30068472698208704 0.3006301136800054 0.3006228253929899
0.5760823581626602 0.528819304898135 0.4785786207892032 0.42938236487771575 0.383604720998138 0.34318126164026064 0.31020838816125473 0.28427973904556414 0.2643071928752938 0.2493567163555116 0.23936588484161234 0.2344470154522019 0.2348831736042047 0.2411091343915893 0.2536935300273924 0.2733050160317126 0.2989505079715791 0.3298505958276815 0.3657079896728651 0.4055570267451742 0.44674841417663147 0.4824581879752537 0.5020626930015722 0.5044067145452205 0.49670081807217936 0.48349221284967137 0.46674800288149587 0.44743913400414137 0.4261669344042051 0.40379203282239423 0.3832697820973287 0.3650315809678297 0.34904554302252916 0.3353008847832733 0.3237862379546249 0.31449902872979946 0.3074534251548753 0.3026877651067815 0.30027214380294187 0.29990909905853785 0.29983125631924334 0.29982089507746884
0.6254312141572163 0.5634919233590305 0.5011028746995972 0.4422708325814533 0.3889408568147638 0.34237929762960423 0.3043806598506616 0.2742709634297689 0.2512769799878573 0.23420948764103275 0.22222139905285687 0.21541419530741998 0.21409113537466717 0.21869175659551499 0.22971592997817436 0.24769533836350213 0.2718436210854123 0.3008413289784213 0.33400246261146704 0.3698868994344874 0.40568552867353314 0.4367289664865082 0.4579634877860863 0.46769477247323454 0.4679557905707097 0.46145589838415996 0.4501337326141791 0.4352288179437145 0.41757349385190534 0.39779093113476466 0.378409996254035 0.3610337261149951 0.34572951846784156 0.33253319625191746 0.32146782083058206 0.3125571441092797 0.3058361721884071 0.30136031520599277 0.29921413170950745 0.2989183360396991 0.2988140003323551 0.29880012818878915
0.6748570337484069 0.5962944146649041 0.5216843259433305 0.4536948537692416 0.39339315710769773 0.3412226562384006 0.29855042251190533 0.2645811729519931 0.2382124560387683 0.21867352463429052 0.204739127626581 0.1960378215523641 0.1929767569798027 0.19608778579938446 0.20582332385432286 0.22247848763750022 0.24525727575559075 0.2724493538527734 0.30310382263493246 0.3356918699021812 0.3678446108969838 0.39641312928346784 0.41835125687230995 0.43208336295942695 0.4378759931227352 0.4369664558109989 0.43069318293408615 0.42016778879233624 0.4062493340153293 0.38951098265317746 0.3716910782406229 0.35550880894098286 0.34117019490749845 0.3287645238795405 0.31835634033997406 0.31000237669297964 0.3037646100730307 0.2997211825909565 0.29797639288739153 0.29771871954688767 0.2975837490082289 0.2975658085885783
0.7142696462067943 0.6221431454999495 0.5378170405943935 0.4624541851616885 0.39645288066390405 0.33967831386409914 0.29290609709690596 0.2555347602245084 0.22615798224162004 0.20377544627257463 0.18772163471822606 0.1770524466749837 0.17220804902242445 0.17401916244733937 0.1829443930883479 0.19888741990907757 0.22072941435209745 0.24650731618647367 0.27513587018031577 0.3051950277921147 0.3347947334882969 0.36169567628621696 0.38378736069021396 0.39970455377626934 0.40909233447135085 0.4123643089086986 0.4102847043245209 0.40367485700899575 0.39318139958195253 0.3794153982116026 0.36358584908859654 0.3488189846744349 0.3356503898680634 0.3242197767963918 0.31463361051248895 0.30698383995670553 0.30136262224994126 0.2978746141499033 0.2966249405073753 0.29631706325199675 0.2961461842872397 0.2961234628830357
0.7334455529966207 0.6371342186936613 0.5478386884365155 0.4678697184240028 0.3979393715498613 0.337912041318937 0.2878290118010453 0.2476307742897823 0.21570414214327152 0.19080190718797319 0.1721716512701939 0.1593146756206121 0.15240853656711056 0.15309486625030952 0.16197556841161498 0.1780667873056178 0.19953568860770488 0.2243035535141354 0.2513147852194969 0.27936142170938516 0.30696682662017805 0.3324720699574675 0.3543052049333545 0.37130719067250495 0.38291635835430565 0.3891229067519788 0.39028329792663363 0.3868676182531482 0.3793389778520665 0.3682913929276063 0.35459425746217205 0.34136068972624195 0.32948837443973206 0.31915792252325903 0.3105131316379529 0.3036796860633564 0.29878049976257287 0.2959487906255588 0.2951055599786861 0.29472155726838867 0.2945095689795945 0.2945659119810647
0.7355583659137631 0.641880126589381 0.5518930487805096 0.4700723096204297 0.3980636916754091 0.3361008771094974 0.28383416930957706 0.2414719069092091 0.20756705262933942 0.18063853315492753 0.15962986990329903 0.14407605194771467 0.13426208824796293 0.13383723003083048 0.1440766655145699 0.16131345710465064 0.18277721909347264 0.20669390176723834 0.23224953249815664 0.2585092156456267 0.28434045119491663 0.3084831191515873 0.32969801027097667 0.34700999026839924 0.35983756938411826 0.36798007003650557 0.37151912100639484 0.37058982459364853 0.3655350056155103 0.35684321629012594 0.3451980352444239 0.3335315674423088 0.32301423442053745 0.31385535018442623 0.3062285856407118 0.3002893284751417 0.2961898132270314 0.29409250019314764 0.2934589252306533 0.29326269483762235 0.29345293971132125 0.29395394962523935
0.7306582511095082 0.6405813266938055 0.5518569557797153 0.46995968514361314 0.39733308710364335 0.3346283191335234 0.2814544126965433 0.23763453150445266 0.20243649189543722 0.17421911778457783 0.15165170668635 0.13372611717183863 0.11969163403011496 0.11736917530400484 0.1317238008742552 0.15025576487221237 0.17135420347556393 0.19414284391646933 0.21811408810068203 0.24250118366822265 0.26640322760720625 0.28885700624695476 0.3089317055805758 0.3258508135707697 0.33907680792252165 0.3483334452302511 0.35348924147682376 0.3545329786307795 0.3516880267492315 0.3452638680258585 0.33571427340516097 0.325706322354044 0.3165518693829576 0.3085924277668367 0.3020242523578814 0.297026979157579 0.29379004410728987 0.2927032199790909 0.29257205800709574 0.29288254081206466 0.29356635497340505 0.2945439007077764
0.724290714490727 0.6367331842269778 0.5497799775311517 0.4688268716801763 0.3965893927146083 0.3339786589176991 0.28083075992239814 0.2365130249616683 0.20074219308130287 0.17213816257980538 0.1493618094816897 0.13146402329357396 0.11836709593695352 0.11643263246349086 0.12890647241203188 0.1461021650774627 0.16560266496698953 0.1865505633816374 0.20840564402273515 0.23055009611184082 0.2522696718606922 0.27280324751111573 0.2914167175625169 0.307479007413857 0.3205172638705969 0.33022628318502284 0.33632461992987517 0.3387533956127865 0.3376182706353081 0.3331139076881979 0.3255921559470583 0.31757723944372473 0.31021203129578845 0.30364288296554104 0.2981484680126968 0.2942142821028989 0.2924549776506777 0.2922994890062714 0.2925038264975894 0.2931131378311229 0.2941652990289953 0.2956352410302487
0.7181507502149532 0.631969042157178 0.5467490961742871 0.4673165029544883 0.39625600751066037 0.33452840980834725 0.2820680717848133 0.23824203852646636 0.20248212685844233 0.17424651213727776 0.15235749278045557 0.13631749357171546 0.12692727430535547 0.12607929875955742 0.13410366329338833 0.14799896855268382 0.16472616977987395 0.1831143982022277 0.20246070578848574 0.22213564533411462 0.24150771955944028 0.2599472344593372 0.2768610871300349 0.29173406810751995 0.3041603296990677 0.31380719201209717 0.32034263958550313 0.32366999895000703 0.32380556608322925 0.32084641479373066 0.315099987107441 0.309011126501994 0.3035046670349269 0.29871614910065286 0.29486067866711846 0.2921303119527245 0.2908917353444061 0.2902473885704829 0.2901383397844454 0.2906793332924503 0.29193707082649467 0.2939032778720098
0.7119515229756537 0.6265329113463146 0.5430778094442552 0.4656198381863456 0.39637086777219893 0.3361847700343129 0.28502323925218065 0.24234055442956492 0.20737366401293497 0.17979405964806783 0.15910274700633883 0.14480480734979487 0.13727123504533714 0.13677681552075335 0.14273595335408537 0.15360603956734353 0.16735885245940182 0.18294769031603414 0.19960116519237786 0.2166805567352543 0.23360734912022396 0.24984443121611358 0.26490426620214336 0.2783653850789137 0.28988540238003024 0.29910167276722627 0.3056964970528604 0.30954094220287504 0.3105851707791935 0.3088454476530554 0.30467319010786964 0.3004297335220963 0.2966678622626858 0.2929200349491368 0.2899437298923421 0.288048082799474 0.2864467951971998 0.2852184874838003 0.28473682759889585 0.2851533894751426 0.2865830224032262 0.2890558286101203
0.7042603277710128 0.6197583826847353 0.5384745500618199 0.4635496113713978 0.3967197454643935 0.3386553556727196 0.28930328550232254 0.2481871595573664 0.21464863126218903 0.18804502277155113 0.1683012796060443 0.1551799745639952 0.14855560848419716 0.14811629682468666 0.15280177987687996 0.1612279816211233 0.17228344685403157 0.1851451515057096 0.19911090233761308 0.21358511988334083 0.22804891095601693 0.2420442358656035 0.2551706030804637 0.26708645909151746 0.2775049566740647 0.28604668901978725 0.2924330659501009 0.2965112851885698 0.2981823601118888 0.29740306275025485 0.29470892288389744 0.2917477198277768 0.2881044686048315 0.28493285550322456 0.2827069189834296 0.2809133907150466 0.27917129973750604 0.2775721194338775 0.2766547994063858 0.2768669974327074 0.2784020920166153 0.2813790076491536
0.6930116332477604 0.6105237309451081 0.5323182421141619 0.4606898818540337 0.3969300340075455 0.3415341709720685 0.2944337713914938 0.25521802995450155 0.22332353734511867 0.19818585102735656 0.17935982707708972 0.16692464964529558 0.16069293187998918 0.16011117630768576 0.16362524917520815 0.1700107428022883 0.17867659429377222 0.18899685149730566 0.20038499152958186 0.2123242491546157 0.22436859853361799 0.23613713191826272 0.2473082517304511 0.2576129317060278 0.26681133979376703 0.2745882173055883 0.28083841759001055 0.28531061548692266 0.2877677270635706 0.2880163572039354 0.28601972877880133 0.28272462289169237 0.2792551638791582 0.2763984007520226 0.2738285879199422 0.27136512044887634 0.2692084519557151 0.26754374926246727 0.2663509310270198 0.26625353745205693 0.2677642876045307 0.27122212648896643
0.6761986438755115 0.5977428920811452 0.5239669961973041 0.4565826920828202 0.39659238052017914 0.3443969945011568 0.29995045003085274 0.2629233251724717 0.23285135588652492 0.20925736878318074 0.19174306502963662 0.1799541769770337 0.17375354293640768 0.17288669503400786 0.1750498883886408 0.1795915250380246 0.18608430972138662 0.19404209508024362 0.20298873782389212 0.21249536335213454 0.2221946847125155 0.2317827604403453 0.2410134114488205 0.2498241484080701 0.2582515800132243 0.2658526116091806 0.27228795708450465 0.27725007436251575 0.2804408883745468 0.28057045167978945 0.27818857195894026 0.2748053779896601 0.2715656492884132 0.26820131372516487 0.26474810939132565 0.26142665612292254 0.2584612387088173 0.25606681799589265 0.2544424724733064 0.25389646974223085 0.2551304451988163 0.25899011540567024
0.6528240203661301 0.5808624487607293 0.5130411654076407 0.45089992881395596 0.39537349013242007 0.3468836654884451 0.3054646910379053 0.2708969803538308 0.242830746664728 0.22088958715355878 0.20472030674284245 0.1937680251201916 0.18795164015294358 0.1863464718204691 0.1870946335484617 0.18986422142525397 0.19430732930857006 0.20003299171618286 0.20665553046584356 0.2138279074247313 0.22125854087107039 0.22876564832484458 0.23658435720012613 0.24460898517057952 0.25258586869961924 0.26006477896084806 0.26669848567959886 0.2721414719687675 0.27516319794002314 0.2743844097110879 0.27171939645793386 0.26832419067594576 0.2644060985317877 0.26015101591698253 0.2557917645877791 0.2515858894879261 0.24779722362107637 0.24467537078745205 0.2424340223749594 0.2412293070960468 0.24148661551635134 0.24540221631391043
0.6235521047419608 0.5601574851945933 0.49959192721706003 0.4435534093299071 0.39309292006346686 0.3487529112873589 0.3107003918751965 0.27885343719374434 0.25299407744736097 0.23286300498186327 0.21798339017982815 0.20793795640244458 0.20242101230509998 0.2002569115948602 0.19983265145657628 0.2008678209733768 0.20331174189015447 0.2068705623360373 0.211235198063723 0.2161352530952787 0.22151843002420282 0.22770525049725854 0.23454934336888988 0.24187978535011043 0.24947986622294266 0.2569121669426483 0.2638161636206192 0.26935930540978004 0.27114572138191456 0.26983069516853037 0.2665730438874891 0.26244754005219706 0.2576904216733031 0.25251918906009635 0.2472071089462782 0.242064054314634 0.23741450367823205 0.23357522648700738 0.23083602968658223 0.22945784672603048 0.2298363306398502 0.2338103691513228
