_RESULTS/CROSS_VALIDATION_POSTPROCESSED_80-20/MHZ/IZ/6comp/1/MHZ_IZ_z_63_kriged_reverse_6comp_spherical_1.asc
ncols 100
nrows 81
xllcorner 5.5967107548124995
yllcorner 50.982328804812504
cellsize 0.00017565037499993607
nodata_value 1.7014100000000001E+038
[rows 19 to 37 of 81, columns 0 to 41 of 100]
0.08376519886969576 0.08295791277011844 0.08307385473660475 0.08392254514772703 0.08469889965456036 0.085269024059028 0.08553142876982729 0.08536298587205013 0.08464130586230381 0.08326305278363037 0.0811599476401525 0.0783134625182115 0.07469140837615652 0.07024745092571107 0.06523175770085084 0.05995143294440916 0.055015289905335406 0.05085294431201199 0.04772032240048081 0.045909217731908945 0.04562000578064786 0.04662970736412538 0.04844402325079873 0.05078837258141848 0.05343993551522172 0.0559216666135169 0.05805178945114515 0.059771939083999005 0.061031653657474594 0.06130082083925364 0.06041661586818843 0.05847881509518026 0.05566813403241059 0.05222484812533195 0.048426902301662265 0.044591483574662354 0.041130395299605514 0.03862340213498897 0.037483157491515054 0.03769443543352966 0.039001678862559924 0.041676205116942505
0.08136417884751776 0.08033977526385909 0.07972487219691786 0.07986523702728131 0.08000540336505446 0.08001585869285027 0.07981278067248507 0.07929223393565799 0.07834995157850806 0.07690017706218591 0.07489124074641786 0.07231734069664787 0.06921473397403509 0.06570611596190941 0.061941458555780926 0.05832330551886927 0.05518208180641688 0.052631054522337135 0.05084013006619816 0.04997616326488988 0.05024711343198854 0.05162524744232171 0.05376745854118301 0.0565096476761766 0.05960844676921678 0.06261562634790654 0.06520829983588432 0.06725540510456932 0.06828375502674752 0.06799032522446631 0.06636045045327534 0.06354062396092128 0.05979025001491317 0.05542641442867254 0.050788864894507776 0.0462115627036185 0.04210395390229757 0.039123588399529306 0.03745080184487515 0.03705491952743835 0.037888850190826585 0.039872377607489656
0.07901443237495388 0.07783820219045517 0.07701275678474676 0.07652537861333285 0.07615787253931663 0.0757604419703463 0.07525537763561618 0.07454194939450906 0.07351818103898267 0.07210077412343543 0.07023992096973647 0.06818699716213567 0.06614953038444457 0.06399464180940663 0.06186076127294474 0.06001089311949085 0.05847016676001293 0.05735002560708736 0.05680978095642816 0.056995018725319334 0.05804724860528742 0.06010011897812155 0.06284338638955045 0.06607145279855872 0.06932241431577975 0.07227434806020688 0.07493821705266954 0.07694396150435524 0.0774948426585543 0.0764187240359936 0.07382457509424639 0.06992004708741668 0.0650132012617815 0.059499754707380545 0.053779098494124065 0.04822263466511678 0.04336010930589202 0.039770054171526424 0.0374960032440926 0.03653133172289819 0.03686597828933469 0.03847840619590378
0.0766996112017069 0.07534871883132109 0.0743804334485652 0.07372857604373029 0.07307931159796939 0.0724054508912808 0.07173151836773348 0.07094442677994862 0.0699337209227315 0.06874804052603163 0.06789258566431478 0.06720191290403332 0.06646722703497704 0.0656367338762968 0.06515538135256996 0.0650055092544395 0.06508895498246015 0.06546288015202932 0.06630899361281072 0.06780848688427776 0.07005397330160325 0.07321260273571427 0.07704055818577342 0.08113119194296445 0.08478209039437944 0.08769350565805116 0.08941137620745988 0.08981312249006027 0.08909509888633638 0.08709965207068449 0.08328648589853546 0.07797160653510737 0.07159521296413499 0.06461588927708033 0.05754262666382659 0.05085687705540245 0.04509805558531308 0.040706144988509226 0.03770554852249253 0.036125184379336525 0.03598969828837585 0.037274744773458594
0.07481492785704635 0.07323305256177144 0.0720389873171605 0.07119102697752316 0.07064416907132016 0.06995031256840889 0.06917307981081885 0.06841131297582417 0.06789208297354439 0.06806393720575267 0.06864670883542133 0.06938387314754199 0.0700542027613004 0.0709786375801696 0.07233054822821368 0.07396974240806166 0.07583382097010502 0.07797047650618683 0.08053431888254224 0.08384552729844214 0.08800523172937574 0.09299100718094752 0.09860848063453333 0.10412921482744254 0.10836817049016134 0.11059312174673845 0.11074786942604109 0.10894845298874065 0.10547644179935672 0.1007890260258859 0.09519859204894979 0.08801585604865643 0.07969859463731489 0.07095580221190559 0.0623347774041975 0.05428008591201789 0.047423842992077594 0.04201820958280746 0.03811215983427651 0.03581896866344207 0.035270549160413944 0.036382366346730095
0.07349710398979925 0.0716203655890248 0.07012990604366849 0.06905262407844223 0.06851001609709713 0.06819007090624288 0.06774264279835153 0.06763092854872912 0.06852182498100434 0.07023657728750013 0.07244375519716516 0.07486406759951092 0.07742341066944201 0.08064276516304601 0.08438161636608783 0.0884308324759948 0.09261857428316951 0.09687913172532014 0.10148050429382446 0.10736009218610024 0.1147748600129784 0.12284335657346807 0.13118366076528132 0.13842222817218028 0.1427800408539519 0.14395295568088787 0.14187742099358694 0.13676782215262592 0.12921721423868834 0.12006313879616831 0.11027379560069529 0.10049535582132407 0.08990946845337033 0.07899233388538177 0.06838047834529072 0.05874218193074851 0.05055137162418217 0.04391156108463439 0.03883839912303004 0.03556968789828193 0.034670632120556905 0.03591284919728999
0.07281441117350346 0.07056570435827468 0.06867130319575587 0.0672849437642334 0.06667228896218955 0.06675517949071576 0.06739739357553988 0.06920408951574489 0.07194840577171274 0.0754607189592419 0.0796001035036756 0.08419354382296175 0.0895147499694365 0.09590854893263168 0.10311290070355988 0.11081206153458001 0.11864142792082824 0.12621969473678016 0.13329743101281946 0.14265869992191588 0.15504517512621432 0.16475799599387048 0.17227343802082593 0.17759807286928406 0.17947339307462196 0.17799907177555555 0.17337951648259503 0.16586025472019827 0.1558287318132633 0.1438343111789264 0.13050028625391213 0.11640320930388734 0.102625597305609 0.0889864745893972 0.07603711342999628 0.0646355351965026 0.054912959108102385 0.046894087268746824 0.04044175330413265 0.03556010851398639 0.03442659416466827 0.03631409723004128
0.07290251107820624 0.07021919677141515 0.06776530950164185 0.0658747284930533 0.06522731431800276 0.06603264948850993 0.06869484945442103 0.07259852278270089 0.07757225646790064 0.08353005885515055 0.09038081416155239 0.09808698592267831 0.10753446601837897 0.11869923693360461 0.13129421715131842 0.1448854869338923 0.1588620607999807 0.17250657736231406 0.18294934382804467 0.19063095291256196 0.19775333224039568 0.20135161412963123 0.20269649722013194 0.20276632184980667 0.2004906913246756 0.19577109358899247 0.18878533957497462 0.1796125023071293 0.16850816880332276 0.15599430904283965 0.14268850686256798 0.12907449982287578 0.1154116661359433 0.10097936981095289 0.0856776360616789 0.07229770413950383 0.06095906962411565 0.05164821756238479 0.0441824298655568 0.03856940308422231 0.03696174293221146 0.038522890799197115
0.07396892582766673 0.07089080683074986 0.06778456419502682 0.06490721472032382 0.06442172826975132 0.06713152954292399 0.07179655754748507 0.07803447631355503 0.08562458529832874 0.0946047497510917 0.10497254017300388 0.11701199673490387 0.13203462512652023 0.15023550831297772 0.1711413326210601 0.19417621483195374 0.21672046621957827 0.23030006857504445 0.23480699650866405 0.23343094592782185 0.2286296685022597 0.2212238917681403 0.21352078756420892 0.20647922133120866 0.19937414775099047 0.19189506602914888 0.183599034077335 0.17405582115590226 0.16320348111228167 0.15157419823087834 0.13988690268155307 0.12857206221883874 0.1176626022680013 0.10728020075294041 0.09568752537124899 0.08193739724139777 0.06894876684128512 0.05849500953515837 0.05045955574330567 0.04500056774398186 0.04258972240421774 0.042673049572491434
0.07623288723344292 0.07299910263295521 0.06968789426463609 0.06639109421017327 0.06664242926710072 0.07095316148432738 0.07732067589734104 0.08583767486486339 0.09647978588682224 0.10921784035854308 0.12419302009370867 0.14225599573713105 0.16508995570456825 0.1932237892985762 0.22672608390678753 0.2583946608736792 0.27681039552514325 0.28107773713355094 0.27342723836075555 0.25787048286720654 0.23840855171565994 0.21852610472985015 0.20116373556541964 0.18733314690247926 0.17618266885216471 0.167356642854818 0.15949341635002562 0.1511368547009658 0.14169673329398588 0.13193161342358836 0.12290915765107462 0.11506384258233411 0.10848525156731041 0.10302922603010137 0.0976690956899726 0.08962474711792677 0.07871762886168525 0.06722103570991049 0.058490961017551864 0.052546667687621854 0.04911488275104062 0.04754489693373637
0.07983549651332865 0.07685083191304601 0.07400109574917076 0.07184511432199653 0.07299898233571275 0.07784304605593774 0.08565479994243742 0.09636952909710099 0.11030268081454893 0.12769277656040925 0.14865304008818817 0.17489024417696447 0.20864861116324196 0.25111267177243435 0.29284267537739056 0.31908199367441087 0.3261422959691874 0.3150510233186555 0.29033505211609834 0.2581893756684021 0.22446632071268438 0.19382759103613847 0.16905149180283155 0.15076162947007943 0.13778985764313495 0.12923021304469226 0.12349358119528413 0.11768194809270947 0.11017428791844583 0.10253247879272816 0.09649091826156855 0.0926279872372037 0.09077509200585093 0.09035534194689217 0.09074455950467761 0.08963699915263171 0.08505873769920155 0.07712924961388481 0.06771222200980821 0.06066317562017505 0.0556448173385843 0.05241620968357394
0.08489189043746535 0.08232536089322968 0.0799808248896011 0.07894799243296556 0.08131746032376974 0.08724535415782428 0.09671545871195862 0.10995167385579507 0.12748986116007507 0.15010508635662084 0.17863760243250823 0.215577678922428 0.2641902656605558 0.3159217206212003 0.35151252467623967 0.365697637226888 0.35636684346998165 0.3266465732309618 0.2836999250103596 0.23604695593381636 0.19147533628115238 0.15434433251219484 0.12632363459191862 0.10690653441164381 0.09440680358596526 0.08741023554572816 0.08455050900571022 0.08219316440720197 0.07616533410934836 0.07045883096023196 0.06749715142059179 0.06717396375149778 0.0690208732610484 0.07258717226446494 0.07742419221178395 0.08244983096865867 0.08472782181628616 0.08322768310539541 0.0772807066687066 0.06857950735361665 0.06180435399526852 0.05689039756955448
0.0913136445464686 0.08917565090182471 0.08720484228353581 0.08745699637069665 0.09121089848659225 0.09867877763049382 0.1102261500445563 0.12644977056580395 0.14826251770738166 0.17691644970437445 0.21401283489133832 0.26398145679307616 0.3243230541341114 0.3703853777929025 0.3935730127084348 0.3908160838804532 0.36326283710353274 0.31565778409660356 0.2573868028637729 0.19899527280457008 0.14883916648521223 0.11045722197130037 0.08370923443976183 0.06632427868710061 0.05590001747410863 0.05053784342242269 0.049397172208057116 0.05157833755222184 0.04523936970879783 0.042181285541844776 0.0419228684974555 0.043910532805585545 0.04787799567427708 0.053696784120236804 0.06127338313272262 0.07031330503976894 0.07840694128204545 0.08328310672721674 0.08262071242915257 0.0758783567640319 0.06727223364982776 0.06067779551122295
0.09901372850787289 0.09727069233632357 0.095753955256818 0.09726325831664175 0.1025095938506728 0.11180169625700967 0.12579242874533275 0.14545271443596497 0.1721661432615935 0.207821248647048 0.25490936525846375 0.317209275451234 0.3722176187960467 0.4054409348333241 0.4118837560042818 0.39117472803968345 0.3474070429373423 0.2867407320780957 0.21906486458771277 0.15612753494735035 0.10613025173748002 0.07126683191648839 0.04912450538999429 0.035857313528557797 0.028341553878565143 0.024465008299431205 0.023139907391042838 0.023002043451799535 0.02229888568370971 0.02234023604422369 0.023818599523030004 0.026828470348299986 0.03147980190632277 0.03794986263469937 0.0464145497830217 0.05701887568098406 0.06853391661678898 0.0777372311045059 0.08217131361655061 0.0801015847702485 0.07176781385652092 0.06356719931735243
0.1080927899659687 0.10671344011143687 0.10571801422102876 0.10829659769583189 0.11499686593055318 0.12620027067115175 0.14283384905323565 0.1662080687532558 0.19821461077731967 0.24148091475826258 0.29956684074547985 0.3613095203076694 0.40264121283105714 0.41726659101253993 0.4047244517125408 0.36853820892435335 0.314401528379196 0.2483963289748403 0.1783287073112342 0.11601144432245657 0.07022410630115344 0.04171440734837373 0.02561529932527516 0.016935766602819594 0.012469614062494153 0.010326469672605127 0.009509281471659968 0.009467526336491361 0.00990657740381113 0.010921161426395253 0.012768519819187694 0.015725949163378657 0.020123439963914806 0.026346706536482887 0.03478927445654912 0.0458586599160698 0.0589160174059309 0.07050207093636128 0.07808584320582346 0.07973795362514952 0.074741353595826 0.06542869726203822
0.11917573010099282 0.11812575046571086 0.1175884496134453 0.12099972654739939 0.128903862956989 0.14184071052938926 0.16086947265788124 0.18770308629620647 0.22481976932140812 0.27562346643686614 0.34043587410278453 0.3896116843880785 0.41312825066451225 0.4086332729328194 0.37928994919676806 0.33182422479461576 0.2735270281835857 0.20952353209134533 0.14306107070420254 0.08388625678993453 0.04393035190057427 0.022516472039973968 0.012158011751593676 0.007302136817668793 0.0050148873977140995 0.003982530229629529 0.0036276606352543517 0.003717673706131366 0.004184616847443009 0.005091350452316026 0.006611455642381689 0.00902709863101675 0.012738801763038297 0.01825848464706572 0.026169235837600786 0.03709740088577215 0.05057527818045464 0.06367422444858055 0.07362429035755458 0.07794599410963898 0.07531898638118968 0.0664200413527839
0.13247990924914424 0.13170427126833575 0.13138299732118447 0.1352805177840781 0.14401112772766136 0.15841664130646574 0.17957510618098374 0.20938778465835411 0.25065969769537094 0.3075054939015069 0.3689191136918377 0.4029038970661196 0.40698420286427023 0.3831719675401701 0.33872012454473543 0.28322456070085567 0.2253356055622689 0.17005252684370858 0.1150942004438214 0.059455027464274855 0.02571076341567901 0.011264124474931511 0.005395773984289793 0.002939522635356284 0.0018783288421953637 0.0014345400112871743 0.0013090037855251222 0.0014008320781438556 0.0017139418226306546 0.0023228270333622973 0.0033866021642763155 0.005182354671182897 0.008141865840106755 0.012872789735600954 0.020134149112896176 0.03063066582498354 0.044096308390076625 0.05814578613099722 0.06989420069830675 0.07642545431028622 0.07581587312272184 0.0680419448239993
0.14819069971516743 0.1475573852168063 0.14691617311974106 0.15073108747818564 0.15978675591637534 0.17504914440410305 0.19781559880080543 0.22987973770801423 0.2745056985787825 0.3365589723405751 0.38686372711629335 0.40271302721346275 0.3865494145053976 0.3447228650104508 0.28771300626211027 0.22662544736670726 0.1700867182914191 0.12299534309785026 0.08666048731055527 0.0376326179667565 0.013572505850679992 0.005246531660386208 0.0022477525560427136 0.0011104110173073974 0.0006594285385995818 0.000486777168128918 0.0004512093488837961 0.0005149073700371529 0.0006951568084775061 0.001062220173654018 0.0017601835264866614 0.0030455683839739054 0.005359717812251919 0.009403320692200678 0.016115276029045365 0.02617179377564208 0.03951516730681121 0.054243187479097316 0.0674462941129182 0.07581946280094 0.07687961260363382 0.0701477998889262
0.1664947200791638 0.1655966878023853 0.16364443751567484 0.16658446609716898 0.17534818647911274 0.19079899702364703 0.21425844138368497 0.24804880665397558 0.2964977110266166 0.3586555535013452 0.3954141904607366 0.3926372514292066 0.3565676639330566 0.29972849128882173 0.23404689918761823 0.17059788456856956 0.1164488562902776 0.07394548231126366 0.04125216182555445 0.017649342864589603 0.006371092627643343 0.0022993646361371164 0.0008957935744755489 0.00040034545781679167 0.00021925452228189687 0.00015648968540416346 0.00014970237143909244 0.00018735865152987122 0.000287539074398171 0.0005045099000922105 0.0009568818408813984 0.0018814755763659154 0.0037120126292544305 0.007218257206415684 0.013633307646318909 0.023345160656139088 0.036648687702987494 0.0520947098163683 0.06667102998915697 0.0766691229884326 0.07907666835034054 0.07301735466540389
