_RESULTS/CROSS_VALIDATION_POSTPROCESSED_CLR/Berg/GZ/3comp/4/Berg_GZ_z_355_kriged_reverse_3comp_spherical_4.asc
ncols 100
nrows 90
xllcorner 5.6208707817415728
yllcorner 50.959635321741573
cellsize 0.00013419651685393446
nodata_value 1.7014100000000001E+038
[rows 19 to 37 of 90, columns 43 to 85 of 100]
4.685533942603831 4.485439389593774 4.225294073388463 3.943287347125153 3.681450458835804 3.46717311597148 3.3056652028931346 3.19579390397058 3.1329405555685574 3.111019670543737 3.1237209501383933 3.165164796447831 3.2337179182908997 3.3359620438035824 3.4703350512233078 3.635088089106308 3.8286176587983203 4.048951985181596 4.290255829440024 4.504120852316504 4.658167983176725 4.72841451537498 4.708486912434045 4.598188857333754 4.428912692938157 4.2308901854149905 4.021036520052849 3.8085212671152506 3.5988476809061343 3.3957674009357106 3.202142969156958 3.0203544209875695 2.8522703895742616 2.6969045201640145 2.554439527863425 2.425775811247474 2.3128872297430325 2.217745680774346 2.1423345965072995 2.0886600438082046 2.058649771461198 2.0389954534352666 2.0199090427520314
4.826380724369542 4.573686144220453 4.250258854947328 3.918605126938952 3.629800771077848 3.4074884544917983 3.2524953245635024 3.158882065287873 3.1179010275298142 3.1203963915457584 3.1580148137221755 3.223661072646392 3.311554112907718 3.4248692316409057 3.5692394738862987 3.7434246285019928 3.94673332562445 4.178723734442461 4.438106469087982 4.685783716067236 4.886339412728491 4.99862748799414 4.958748332396863 4.789146197017917 4.573725941695448 4.3435817509913175 4.111159366650115 3.8820183955261442 3.659506210718531 3.446106956411276 3.243912101703361 3.0548122934241877 2.878965235807133 2.7155498125228874 2.5662643473640596 2.4313492017462246 2.3124327582982445 2.211422990031272 2.130257946779015 2.070915765674525 2.035424664643843 2.0126701532610847 1.990502266749531
4.966692817640602 4.614880864482238 4.201119368226565 3.814667457354486 3.504122882135662 3.2842845084602095 3.14776665836621 3.0815004178734253 3.0714602701847444 3.105093067564578 3.1721109365328215 3.2644614031230206 3.375724482311815 3.5026941126604716 3.655235328142452 3.835915412600558 4.044536994504462 4.281365881454765 4.547760214812127 4.814559666163719 5.052033085420103 5.251052203003632 5.180239053280983 4.911953375364 4.652487718232685 4.402378218122482 4.157345297527872 3.919320227582298 3.6900655738330066 3.4712713863951667 3.264588189726516 3.0714198465468607 2.890105342626054 2.721443061711167 2.5673857459558804 2.4284027134662756 2.3054420869467447 2.200373476077115 2.1151058897621553 2.0515986349991424 2.011874476570211 1.9858463818646075 1.9600889402083435
5.06626439996202 4.530358503323033 4.021832029682597 3.596506979292818 3.2838438769291627 3.0871418637208996 2.9879833742313613 2.964287281949419 2.995051067862585 3.0634051146159806 3.1591578104623212 3.275125843174222 3.406264417075349 3.549011342068301 3.707030432770481 3.8909088447223974 4.100849522786887 4.337112481514755 4.60006851142118 4.861568394892208 5.08290164464257 5.230199097539054 5.1544730494308135 4.909806920289967 4.647434671185035 4.396727592026072 4.153876358881703 3.9169366650001542 3.6882002192186087 3.469605138859406 3.2629310143395704 3.068715600787678 2.8852703147985403 2.7143320287326778 2.557877715240752 2.4170692845308603 2.292144464821285 2.1849161219976923 2.0972823098233504 2.03119200738802 1.988418074481837 1.9582879812448062 1.9281425786183362
4.747105077699446 4.179450329182133 3.6566645507957167 3.2374883902420333 2.9569446441798517 2.8144576800196894 2.774767244461067 2.8034595145362604 2.8777699012605864 2.98257975664162 3.1080574626679387 3.2478020886007575 3.3976334234974703 3.5547566277236506 3.71837991583471 3.9010368355598946 4.106020073233575 4.332686682351949 4.579932068556733 4.815600456281629 4.991531649003695 5.068405038281549 4.994588849343192 4.806149396296785 4.572068640411607 4.3322184710125855 4.10217853607006 3.8756058870757606 3.6543150355718237 3.441336752411029 3.2390696022617793 3.0470293458016404 2.8648307833435513 2.694599556685697 2.538194926534999 2.396557031884617 2.2702932611027276 2.1615957033350752 2.072727977370798 2.005265732173774 1.961066288309364 1.9280104503914948 1.8947279377633572
3.976937616493824 3.5682993190484247 3.1122819829485793 2.7391831860009637 2.5271361900607126 2.4689326122972006 2.5082268218298043 2.6026616155438465 2.7287270190087702 2.873424627939697 3.0291351178280053 3.1912810715843523 3.35716473046906 3.5251721764276116 3.6940430135976188 3.872490085865051 4.069609946295792 4.282939935260477 4.509299606855331 4.712098657211414 4.8469525391568276 4.888901939480706 4.817101733249432 4.662545042067001 4.459318855627219 4.234984787224901 4.014472204285733 3.8020195686158873 3.591831955230745 3.3884899291110617 3.194272234461207 3.0075063029093636 2.82694643531199 2.6552975998614814 2.4959575079710277 2.3519542028299973 2.2242847215611357 2.1148656018388423 2.025350163183178 1.9578489925223037 1.9141718284298666 1.8797175075905355 1.8459109914800977
3.209424497187991 2.87838105848049 2.4727617827573334 2.127094571699276 2.0100452725367006 2.081708681357788 2.222801714943986 2.390253786529216 2.5690405617688623 2.7519664996795585 2.934900441899152 3.115570539169927 3.2930845966128275 3.4687782356668375 3.643076077290145 3.818371783632996 4.00624359639052 4.203601870630719 4.407011863173882 4.577138181567021 4.680243265004757 4.701414609220853 4.630144156998205 4.494508292244825 4.319121927338806 4.1195741728829685 3.9101279236917086 3.7100580434566437 3.513861285327767 3.3212540795704855 3.131861636221746 2.9448413713365404 2.7624170256275313 2.5881826491614732 2.4263545319488133 2.281064092122235 2.1537051884308607 2.044515019387284 1.955854412976072 1.8900762387558032 1.8478881861300382 1.8124621606675342 1.778515304369083
2.5341462098718948 2.2565434283550476 1.8738619729143455 1.4455851344193746 1.5051243546221833 1.73866654033784 1.971398473649959 2.200173631768279 2.423979479626249 2.6397572143541748 2.8450103574913923 3.039248905622527 3.225151987357763 3.403992273602654 3.5771801984346716 3.7464919946436046 3.923967555131261 4.104300187698073 4.283278552060195 4.422827352354625 4.500820696975904 4.507385934265001 4.4359058325846075 4.312682803030865 4.1599954482241355 3.989047273266028 3.8082665264154114 3.6253182912877566 3.4453989459471552 3.2585890220039397 3.0693792477850255 2.8793798191340336 2.6937258690768826 2.5168255209433084 2.3510191512000675 2.2006807798517256 2.0678183084598736 1.9552248818189577 1.8671056656325118 1.8048578539847449 1.7645502413401413 1.7288516127962277 1.6955068369748874
1.9833584216913729 1.7799314696167352 1.497770331484406 1.2370648022204835 1.2960925059755004 1.5425699758179325 1.8123401920460864 2.0791082943078445 2.3348092479257554 2.5742193514160436 2.795402352565075 2.9992443473179864 3.186441429059382 3.359797964174578 3.5230050571768428 3.6795277089364173 3.8440074764237213 3.9972133719350307 4.14302808951399 4.253243442192538 4.311284526949854 4.306878392677561 4.237754423945206 4.132874816194304 4.00765231016205 3.8666588596074014 3.7154437773349525 3.554796337055438 3.3837156229861733 3.201405823314889 3.013275466803828 2.8213711996181767 2.6313784604148194 2.4491507291101904 2.279947817719282 2.125096365775975 1.9866518936034798 1.8680844346743504 1.7738936319803016 1.7083184380667427 1.6663990258352364 1.6314311661020922 1.5998741767715041
1.5435538360795762 1.435935170696425 1.2997872592022348 1.2233686374086263 1.2979571410519255 1.5024542833673689 1.7658294398417536 2.0432605228363583 2.314111326623924 2.567886849880241 2.798925331738541 3.0033190305063133 3.1822784451817987 3.340747149157296 3.484831513431791 3.6194085221146066 3.7557813541888203 3.8882916215535746 4.006398008922506 4.08393322565106 4.117402943870171 4.109392469672518 4.052566961471024 3.969190871156883 3.870160953671534 3.757685011066868 3.629140170639073 3.4843199830705407 3.328714050786084 3.1534410289760397 2.9667199819291348 2.7734992713855635 2.579814733637484 2.3919026308316593 2.2157230348790216 2.0558552449159126 1.9125838591534845 1.7889429729978854 1.6897846546741682 1.6191040684080846 1.5653364297169705 1.5236437855189193 1.4943629454506864
1.195893086353687 1.1850825706846373 1.1758369980381587 1.2143304773510457 1.3368929599062447 1.5388594332236234 1.798342078414322 2.080965229011418 2.361486000635617 2.6254420361484008 2.8588094970153746 3.054398128111278 3.2153681971755823 3.352007909627287 3.472737733849896 3.582700476550899 3.6907611758854397 3.8057096971339317 3.8973511497837836 3.9495343323949834 3.968769345582781 3.95124595151544 3.896244547658381 3.830006701949626 3.752633532735582 3.6596090053901604 3.5473614939154667 3.4182347987334873 3.2766825045140866 3.117519551017559 2.9327928942588546 2.7383825884369632 2.5411955629848837 2.3478120065425796 2.163874408159444 1.9955360739683865 1.8471152371695583 1.7190204942473994 1.6157956295430251 1.5378575149304423 1.4726574064268507 1.4209292723048736 1.3844158466931953
0.9375545250503947 1.013121260413453 1.0968086424850654 1.2153046102835439 1.3867742771989897 1.6095279412387664 1.8747295926754775 2.1679284635046314 2.4667292535701324 2.743843870712099 2.9774850393321803 3.161306141384468 3.299743691888791 3.4078795306647116 3.499674177081129 3.582816099871097 3.6674409589268384 3.7601304439174816 3.8259187433267714 3.865478442081419 3.874865855462752 3.8495727218030305 3.792201820807721 3.73177739319359 3.66868360686902 3.584604771580202 3.480749998016472 3.3620314435250442 3.23351337710492 3.09025420729207 2.9144024459305866 2.7185862783317316 2.517695742031015 2.318341423659058 2.1264100469879 1.9491106612430804 1.7919631751167562 1.6594198838794443 1.5526083091267024 1.463594517759559 1.3876362703698915 1.327017940120871 1.283518393780687
0.7702334698473519 0.9054045676049676 1.0534974259011898 1.2295933263940948 1.4434768615744926 1.6947590894214142 1.9752722336099608 2.286736358047114 2.6100913590892443 2.917787550326419 3.1679504120848683 3.333196999777362 3.43332057789465 3.50154608555625 3.5594642961457827 3.616065080835748 3.681564132307397 3.748724297258979 3.799906994685889 3.829401252856632 3.831093831611046 3.7999761740664413 3.7446894770501524 3.688784970694668 3.6226405994369424 3.546030860372266 3.450684218642841 3.337927668388212 3.2129535898802257 3.0782649831159654 2.9145643081374812 2.717886565030549 2.511835054962837 2.305245346293767 2.1047996271254643 1.9180238424294356 1.7510322100181321 1.611074554047276 1.496610732695195 1.3952147555764964 1.309136643629982 1.2407432377838736 1.191784287536529
0.6788363305525147 0.8501655322147414 1.0406807276308563 1.2572271414843865 1.5043614244759511 1.7815398564612792 2.086170111102536 2.4190010356970166 2.7812722140331902 3.141007878491593 3.4250732507971042 3.557998453521946 3.5970132816078557 3.616331330554188 3.640328620128007 3.67445529957798 3.7228481601863033 3.7729631920349633 3.8137010301098755 3.8370412394390563 3.83562666472789 3.8028562670469777 3.755922228462727 3.7011272632788925 3.6315154801243628 3.5510656407967893 3.462394648440197 3.3557714926380164 3.23366568197668 3.0995103448081296 2.9378766130948946 2.744000022565178 2.5306765180456754 2.3137115614267527 2.101597961799177 1.9032005239661007 1.7255159095642427 1.574895366306229 1.4450438512053876 1.3312853676563665 1.235695784584864 1.1606272646346003 1.1076278816408247
0.6433626345250558 0.835388827462245 1.0526048958546335 1.2961244008031456 1.566619116925189 1.8633262796381862 2.191279963912066 2.5524873501605754 2.945691062272652 3.3652647422576183 3.7455523135094095 3.783631370272576 3.750068499503157 3.7278477777824834 3.7278628789166532 3.7488482092783313 3.7836832474249213 3.8255797206416267 3.8641168766542773 3.887999795791714 3.8875218314969153 3.8584669776870593 3.8211507118263537 3.7667850734119637 3.69534092052224 3.610707422256601 3.51796585530357 3.4170631394225404 3.2979736094993966 3.163497913133093 2.9985213983703574 2.799874117501216 2.5776292726401104 2.3489276704697217 2.1229597225854877 1.9090955179252478 1.716477351280594 1.545552250245618 1.396312927085828 1.27007661215381 1.1656316395186035 1.085096014136621 1.0295330148379582
0.645454305644142 0.8498156372294692 1.0834664262948779 1.343860701319002 1.6285672239067073 1.9406377187217727 2.2890347583800783 2.6657786505592993 3.0608183540607214 3.4665104655808134 3.808553738463253 3.8688114452544893 3.8399604219002588 3.8155789700623433 3.8114722769704663 3.8254595856424687 3.858185093427275 3.9040764256876366 3.948557878298761 3.9783455504988394 3.982426646179734 3.9653194635429245 3.936089965587669 3.8842754775905117 3.812463722319147 3.724769841026764 3.6263272541583085 3.522925940692796 3.4072563633385293 3.2720687917722007 3.101809545962692 2.894649918703924 2.6559239107716666 2.4124656067224572 2.1704215988722932 1.9385490307988715 1.7214011194289862 1.5221141026153282 1.3497259336808047 1.2095934839756304 1.0971552253271433 1.0126909234059192 0.9563571464467615
0.6721779390446032 0.8848095047634761 1.1287724664519088 1.3991826121544273 1.6931245395615897 2.0219928183688363 2.3804801264863986 2.7559837102580547 3.130868410116706 3.473924928336644 3.7297492021673517 3.847410590786841 3.8744453746102474 3.8780472108212884 3.882506584701572 3.899382964185676 3.9446585541932793 4.005165333647087 4.0636003579741935 4.104852270111808 4.11893052794522 4.120796647740002 4.099803795651422 4.052042408226166 3.9808594238327952 3.891022856740582 3.787988260522836 3.6774639360665233 3.5624658966601745 3.426597483498075 3.249703850277698 3.0316878219342818 2.7754275594380244 2.506572755447009 2.244917099213226 1.985692487397278 1.7348364693814993 1.504647387602128 1.3061884181295969 1.1478824335024504 1.0284947294481097 0.9422903052986824 0.8875889424442196
0.7163776062826201 0.9369683485758069 1.189618962844983 1.467552969856579 1.775731847946951 2.116772318840006 2.4787120955675706 2.845644034688293 3.1964020787912992 3.5015571377448893 3.7247622102860705 3.8512591149953055 3.9070257976992586 3.9274120630849616 3.9350341619345723 3.9671960554721792 4.036313100130467 4.121877517866904 4.202709694327902 4.261986949344389 4.299957711881704 4.322580864629941 4.311406180251525 4.26812136220271 4.197730139524235 4.1062614245686735 3.999819276256866 3.8839979388343555 3.763920810660235 3.627868818581101 3.4436788114045824 3.2125287176987865 2.938018992213917 2.639337737722989 2.3405495353977086 2.043121902087916 1.7544044442605657 1.4898133763336097 1.2634730514751542 1.0857126272006659 0.9583788640433333 0.8734253352326193 0.8236545109179809
0.7885417767459202 1.0208811242688622 1.2830485702100238 1.573362781353017 1.897422314759648 2.24932367699465 2.6143213883408025 2.974549009571476 3.308300943106608 3.590606559784739 3.796670527012271 3.91488699950048 3.954775294088426 3.944556066388633 3.947651019697727 4.006916252461096 4.112568770262541 4.232679257482051 4.3417816851066915 4.428060394765324 4.501727369969594 4.550281463722026 4.557424138594298 4.52504299176415 4.458572142316933 4.365698146747465 4.257160191461506 4.138644157468486 4.014050703541522 3.875885499347648 3.684831506707413 3.4392167118596273 3.142454420432131 2.8029035402219016 2.453278512151805 2.1101393310938286 1.7782207885094263 1.4742536644862447 1.2173355164399968 1.021188027995416 0.8884325136525602 0.8069734686233367 0.7663926076933936
