_RESULTS/CROSS_VALIDATION_POSTPROCESSED_CLR/Berg/GZ/3comp/4/Berg_GZ_z_1000_kriged_reverse_3comp_spherical_4.asc
ncols 100
nrows 90
xllcorner 5.6208707817415728
yllcorner 50.959635321741573
cellsize 0.00013419651685393446
nodata_value 1.7014100000000001E+038
[rows 57 to 75 of 90, columns 42 to 83 of 100]
-0.5058901083276695 -0.2728393001749909 -0.03660878047199745 0.18197028559889095 0.3515569522653337 0.4323587249306762 0.40058318454491015 0.28566716880430754 0.13655065092940522 -0.020504788430797838 -0.17632430713531733 -0.3196855104012952 -0.4539093583356246 -0.585060335217328 -0.7055543944817937 -0.8114927526052647 -0.9091731728855268 -1.0112532481967813 -1.131677135000765 -1.2719863426729177 -1.421897631135427 -1.5697517749320964 -1.6951876697237647 -1.7832398348596463 -1.8370813003449693 -1.9615150672316775 -2.3115881330837054 -2.6381425622324812 -2.924688293321644 -3.167582710261404 -3.365493282201278 -3.5136525084221324 -3.6133527904573577 -3.6717588157877943 -3.6968906089142237 -3.6939394587416055 -3.6554276586860213 -3.5920982383355162 -3.5227543283697895 -3.453114105992956 -3.3882773996880213 -3.332830053624821
-0.6722657873785334 -0.4667688040626068 -0.26569673425403106 -0.0862210329908466 0.050887911438904254 0.12730615926336508 0.12861264206692713 0.06464736439744545 -0.030931870921260263 -0.14283749279790925 -0.2618540221726624 -0.376907932275365 -0.48297082039596617 -0.5889173569430932 -0.6908729370532463 -0.7884357697422564 -0.8837737174647642 -0.9829328199706548 -1.0910425509443842 -1.2067872257912633 -1.320870541550792 -1.4227576084971445 -1.5106606626935553 -1.578110182720331 -1.6524939891442836 -1.8050038545724614 -2.055680996581664 -2.3333204252675217 -2.5951258410028166 -2.8270267443018042 -3.023991714994959 -3.1855276705143782 -3.313695768392912 -3.4077144387810887 -3.471039120058373 -3.4981211217132797 -3.4881598685333133 -3.4575818675368195 -3.420736413275031 -3.3826776352942973 -3.3481148137498518 -3.3213546828401523
-0.8850933990395231 -0.7109335594984443 -0.5391289665164067 -0.3882444105748073 -0.27227051823269255 -0.2019366285189541 -0.18084449207979603 -0.20770397056444034 -0.2620909955797277 -0.33753674261672195 -0.42537958589224134 -0.5161706535298758 -0.6011714585367298 -0.6788847201525705 -0.7589190113809421 -0.8404654647494567 -0.9244565009074424 -1.0128312332604552 -1.1062545628904066 -1.2020167512855804 -1.294345674513444 -1.3758383299543846 -1.4409554512109244 -1.496870071528976 -1.5807228627971126 -1.7187096388369998 -1.9134484517143626 -2.138397031604538 -2.3651554249188225 -2.577684930898263 -2.768125109877973 -2.933299757186697 -3.0727775594320272 -3.187808859930702 -3.2720299263949144 -3.320651931982378 -3.335382079276248 -3.334484107538996 -3.327405274880758 -3.3186889601988216 -3.312640358058327 -3.31326331594455
-1.1255286893472336 -0.9833742662294709 -0.8427662240236535 -0.7148735075393828 -0.6136786853072707 -0.5477131698818929 -0.5191698410896715 -0.5223382174667774 -0.5460802666247653 -0.5929776383612966 -0.6550751924676441 -0.7217841040736497 -0.7853071239094134 -0.8415165055085141 -0.8978386819127309 -0.960034236219748 -1.027316576215242 -1.0994364815743727 -1.1755153356988783 -1.2530946236210982 -1.3281250870720003 -1.3961829261690046 -1.4541645070953826 -1.5038650194726078 -1.5783806433336491 -1.6940902016263348 -1.8510506927214956 -2.035651149209758 -2.230649312542633 -2.422419405929774 -2.602407260134473 -2.766050298652659 -2.9114866525703667 -3.031008156329033 -3.119252666701721 -3.176581439411978 -3.2080170778657133 -3.2306220710671236 -3.249077381479669 -3.2668950368378344 -3.285771573380941 -3.302687493026662
-1.3843971592121678 -1.2688187958304988 -1.1566166224650125 -1.054016395545263 -0.9689611656229649 -0.9074712455363372 -0.8742793626272629 -0.8674723543876506 -0.8754896903778135 -0.8996051963684981 -0.9366169241167799 -0.9797888472740977 -1.023791738584234 -1.064867998178535 -1.1012451036418787 -1.142047399108324 -1.1902580070415212 -1.2444078355954966 -1.3027957201284175 -1.3630591475932587 -1.4220869529650315 -1.4742019591792936 -1.5157828105247826 -1.5605746111487964 -1.6328003344631776 -1.7352581321193927 -1.8663418822120277 -2.0194908555725903 -2.1865991927625483 -2.357752251220065 -2.525271073015782 -2.6838101659349487 -2.8229046995300004 -2.9374090067056056 -3.025927423316525 -3.0880983526681756 -3.134051276540448 -3.175307248347801 -3.2115806841980725 -3.243563876379834 -3.272395241896482 -3.299187509871689
-1.6538652813790558 -1.558493384226475 -1.471125982877719 -1.3903496479395012 -1.3222526062129538 -1.271344002577973 -1.2399436245844258 -1.228403198092225 -1.231733497261268 -1.2425969018071235 -1.258704905286832 -1.2816843419593438 -1.3082056985010393 -1.3349706281147822 -1.3598083744818092 -1.3819912748801464 -1.4097253037101098 -1.4447779723622847 -1.4839322173166534 -1.52367737891048 -1.560593274623654 -1.5914064628512588 -1.6153794747002124 -1.6564572700821012 -1.7234108176611764 -1.8165693388629118 -1.9338798350246384 -2.0705255819523134 -2.2200060908267147 -2.3757753860975055 -2.5301664896129497 -2.6726152223581745 -2.7984839567360136 -2.9045915628647085 -2.988673427133972 -3.050862046453058 -3.104250976415046 -3.15234880310809 -3.1959603228076934 -3.2359886806640805 -3.273385066253013 -3.3066256314724702
-1.9272754951593685 -1.8468687015283116 -1.7798796177808667 -1.7183901437172762 -1.6652196992082402 -1.6231728519049065 -1.5936895883593962 -1.581462108483227 -1.5861629108018702 -1.5950858291947356 -1.6061689831278172 -1.6176962460249817 -1.6292959804920177 -1.6425600312101318 -1.6556327526050607 -1.6669531341371604 -1.6754462191848591 -1.686399874023604 -1.701448268541562 -1.7174694611033097 -1.731295746718863 -1.7398798432837697 -1.7522594024376277 -1.788348913066224 -1.8487247681847578 -1.932748530663038 -2.03832700517216 -2.161787065041673 -2.2975771997587238 -2.4359870767713536 -2.570358843663495 -2.6954204447584633 -2.806901244810864 -2.9014632116821684 -2.9765528283265557 -3.0380744327335663 -3.0952229813919727 -3.1483715491579023 -3.198071541984429 -3.2450096629603014 -3.2867736309300475 -3.315009375843877
-2.197200126507923 -2.1287374924872364 -2.073585658864593 -2.0275451104714244 -1.9853164851761758 -1.949448482785464 -1.9229319448173898 -1.9133940862551637 -1.9202341953474837 -1.9309443051257618 -1.9416391949403238 -1.9513660833070792 -1.95917551400282 -1.9642950241021255 -1.9662244543473495 -1.965878650615752 -1.962949712614431 -1.9562931589054142 -1.9471529772593494 -1.9390548054601 -1.9291730202284785 -1.917388160164668 -1.924388598095033 -1.954751118556271 -2.0081081720905085 -2.0834160022122306 -2.1770244501061518 -2.283792846205273 -2.398634834678444 -2.5161565248466573 -2.631144897219867 -2.7389050385072276 -2.8354189871397617 -2.9173668014752367 -2.984381140144885 -3.0470376645552744 -3.106855801946516 -3.1639589434747455 -3.2186473699810847 -3.265848306422562 -3.300830637108633 -3.3222572772462686
-2.4488758428032504 -2.3900490388225433 -2.3417991171394856 -2.3057096924031066 -2.273582863886702 -2.244074339567641 -2.2249220769044125 -2.2192875872268223 -2.227280583308904 -2.2419873454801857 -2.254358722802846 -2.263954244410507 -2.2702531711935965 -2.2727388207196006 -2.270965329258825 -2.264557432007625 -2.253157735706741 -2.236343922124754 -2.2135419661258906 -2.1839725472015044 -2.1498754396651663 -2.1283117649225107 -2.129125580780615 -2.1515366249128522 -2.19420506313777 -2.2550725485240553 -2.3312592682499287 -2.4191016081576677 -2.5143542222235844 -2.612499952086056 -2.709070574817467 -2.7998991413186785 -2.881271542662987 -2.950324702846319 -3.014559332864174 -3.077667926455424 -3.139336488267989 -3.1975276366257708 -3.2470019151605785 -3.2860696609495963 -3.313282633187323 -3.327268796183997
-2.6760179311324603 -2.6253510556580797 -2.5825547892801106 -2.549254603686042 -2.5249557897923456 -2.5059211500020044 -2.495353994546271 -2.4944617058489884 -2.5036208588957436 -2.5214436404161766 -2.5371094047092315 -2.547922115063156 -2.553692299820949 -2.5541197243183396 -2.5488530733917893 -2.5375032402661875 -2.519618666366827 -2.494636464084828 -2.4618246653999214 -2.420227600149496 -2.379094467368718 -2.353649792354608 -2.3460647974357336 -2.3580321356126657 -2.388207921489748 -2.434599087960833 -2.4945872630294534 -2.564976879375597 -2.642135115253996 -2.722195828015799 -2.8012778869905195 -2.8756719589703126 -2.9419701365725786 -3.0039103579295814 -3.0667657484658206 -3.127800394143584 -3.1837495342524105 -3.2328361964894583 -3.273403360921779 -3.3038971243584023 -3.3228507197323602 -3.3288984611479444
-2.8741407039225333 -2.8304582843964923 -2.7919923404324427 -2.7600185554693275 -2.739323197694932 -2.7317389851086022 -2.7300264237319287 -2.7344551808849777 -2.745572940026233 -2.7632961438335286 -2.78318075977711 -2.796288764976573 -2.802344687987862 -2.801225093103635 -2.792671123543388 -2.776307065626299 -2.7516312340029785 -2.7179871135467755 -2.6745236674522057 -2.627536038303939 -2.5919644213790605 -2.5695478636092783 -2.5611713652164445 -2.56717627701997 -2.587289485533356 -2.620563346626006 -2.6654129276692347 -2.7195515453987325 -2.779842068312125 -2.842917721157153 -2.9053564547748425 -2.9633975589048434 -3.0179811661102978 -3.073401906131255 -3.1276892126005373 -3.1789064003994967 -3.2252195466580535 -3.264897894619785 -3.296307634984439 -3.3179024512076163 -3.3282129690646887 -3.3288984611479444
-3.0390739433283565 -3.001434965343488 -2.966526613738544 -2.939311300915623 -2.9230335079711356 -2.918586937167013 -2.9248353211182594 -2.934979590769683 -2.94862340338038 -2.965859122613949 -2.986255282126255 -3.0025133925339835 -3.0095197561399516 -3.0072913540899338 -2.9956518904327716 -2.974250993427063 -2.942563125937898 -2.899870560208476 -2.852411924808221 -2.812619526597416 -2.7822500723642793 -2.7624896898234566 -2.7540699250053726 -2.757217912314478 -2.771609548992732 -2.796336069347986 -2.8298969622418086 -2.8702292166666057 -2.914774696154393 -2.9605775664073977 -3.004396726177056 -3.047435501175727 -3.0928766217898103 -3.1388674432129084 -3.183555617585666 -3.2251351897074487 -3.26186530849484 -3.292078246582593 -3.314180308945247 -3.326648427815602 -3.3288984611479444 -3.3288984611479444
-3.1668859301379104 -3.1351413216712136 -3.1079570798833833 -3.0876003440363653 -3.075362544239437 -3.07201209295681 -3.077758470636908 -3.091885367891313 -3.1084610854303474 -3.1257006189861727 -3.1433538489883723 -3.1604057335264057 -3.168898226447762 -3.1659277900862035 -3.1513878666309556 -3.1249570270884965 -3.086188240373846 -3.0438097692594477 -3.0053835419024084 -2.972671023914936 -2.947091217215849 -2.9296791427033155 -2.9210453900264697 -2.9213381688531515 -2.9302119017899555 -2.946808845400444 -2.9697609193887056 -2.9972167904331295 -3.0268946004054005 -3.0562928988887452 -3.0880736347087407 -3.123223839136637 -3.160142621953548 -3.1971621424853742 -3.232593946473273 -3.2647622077386727 -3.2920254562604363 -3.3127891408542642 -3.325511450520652 -3.3288984611479444 -3.3288984611479444 -3.3288984611479444
-3.2561103323164082 -3.2349209594709865 -3.21655109740291 -3.2025481740905772 -3.194042268703376 -3.1917029542731976 -3.195712398612298 -3.2057578713129073 -3.221044560871294 -3.2385456335311424 -3.253833911789351 -3.2662633591298436 -3.2744635578557153 -3.2710530705909653 -3.2537761833366363 -3.224520923560179 -3.1925388596698583 -3.160744770393992 -3.1310154812246616 -3.1049422120721824 -3.0837925999342835 -3.068474630188811 -3.0595032710144903 -3.056971566480735 -3.0605292577723784 -3.0693730254904246 -3.0822524184263465 -3.0974940162044122 -3.114499010276201 -3.1360771850400853 -3.1614208815795233 -3.18925008011829 -3.2181527490400104 -3.246633245565479 -3.273152531981052 -3.2961592524629686 -3.3141121013499295 -3.3254947076536396 -3.3288984611479444 -3.3288984611479444 -3.3288984611479444 -3.3288984611479444
-3.310789567305014 -3.3000158969052675 -3.2899067260232844 -3.281837962716411 -3.2768093276621264 -3.2754111142163476 -3.2778036571567277 -3.283711637732548 -3.292433831468986 -3.302867264977298 -3.3135433096785136 -3.3213133004858655 -3.322859611339987 -3.317919896522922 -3.306767390981231 -3.2900145155615728 -3.269813552199248 -3.2481150264847365 -3.226632376671942 -3.2068073563441497 -3.189776975759822 -3.1763428036442547 -3.166943729799468 -3.161633832119988 -3.160067613651522 -3.1614952292929877 -3.165479844077028 -3.1740567379918705 -3.1870399190813057 -3.2036966377405998 -3.223079189653225 -3.2440658040655723 -3.265402631034234 -3.2857431267662482 -3.303682375680746 -3.317785148389485 -3.326607522736847 -3.3288984611479444 -3.3288984611479444 -3.3288984611479444 -3.3288984611479444 -3.3288984611479444
-3.3288984611479444 -3.3279720388599507 -3.3256550099359803 -3.3231679292176315 -3.32140375620223 -3.320888245627316 -3.321764009225646 -3.3237861105066235 -3.3263296090916463 -3.328408343904295 -3.3288984611479444 -3.3288984611479444 -3.3288984611479444 -3.3288893709268734 -3.328154511811354 -3.324220542937529 -3.3153381577496357 -3.303292913511788 -3.2896539406891883 -3.275732359554374 -3.262552836280142 -3.250827720778511 -3.2409348787183783 -3.2330187251160662 -3.2282522435183254 -3.2272052285043964 -3.2299457720423286 -3.2362953975401934 -3.2458372830946693 -3.257934776435058 -3.2717578614263956 -3.2863145162621605 -3.300483800244218 -3.313047923797319 -3.3227212885328736 -3.3281753056605505 -3.3288984611479444 -3.3288984611479444 -3.3288984611479444 -3.3288984611479444 -3.3288984611479444 -3.3288984611479444
-3.3288984611479444 -3.3288984611479444 -3.3288984611479444 -3.3288984611479444 -3.3288984611479444 -3.3288984611479444 -3.3288984611479444 -3.3288984611479444 -3.3288984611479444 -3.3288984611479444 -3.3288984611479444 -3.3288984611479444 -3.3288984611479444 -3.3288984611479444 -3.3288984611479444 -3.3288984611479444 -3.3286167547043117 -3.32523273331245 -3.318969604976369 -3.3109772440943424 -3.3023214583368654 -3.293958569914805 -3.286708939070108 -3.281231250277039 -3.2779997232019804 -3.27728646327295 -3.2791508482988467 -3.2834371644139178 -3.2897807688677823 -3.29762206172064 -3.306226706053577 -3.3147100093115247 -3.32206323200665 -3.3271797865622195 -3.3288984611479444 -3.3288984611479444 -3.3288984611479444 -3.3288984611479444 -3.3288984611479444 -3.3288984611479444 -3.3288984611479444 -3.3288984611479444
-3.3288984611479444 -3.3288984611479444 -3.3288984611479444 -3.3288984611479444 -3.3288984611479444 -3.3288984611479444 -3.3288984611479444 -3.3288984611479444 -3.3288984611479444 -3.3288984611479444 -3.3288984611479444 -3.3288984611479444 -3.3288984611479444 -3.3288984611479444 -3.3288984611479444 -3.3288984611479444 -3.3288984611479444 -3.3288984611479444 -3.328781159303094 -3.326973624617469 -3.323717700765596 -3.319876390302307 -3.316184706906233 -3.3132292215519654 -3.3114302394611514 -3.311028171167273 -3.3120754043561504 -3.314434499968901 -3.3177828997113794 -3.3216236599240085 -3.325301146705912 -3.3280202401126946 -3.3288984611479444 -3.3288984611479444 -3.3288984611479444 -3.3288984611479444 -3.3288984611479444 -3.3288984611479444 -3.3288984611479444 -3.3288984611479444 -3.3288984611479444 -3.3288984611479444
-3.3288984611479444 -3.3288984611479444 -3.3288984611479444 -3.3288984611479444 -3.3288984611479444 -3.3288984611479444 -3.3288984611479444 -3.3288984611479444 -3.3288984611479444 -3.3288984611479444 -3.3288984611479444 -3.3288984611479444 -3.3288984611479444 -3.3288984611479444 -3.3288984611479444 -3.3288984611479444 -3.3288984611479444 -3.3288984611479444 -3.3288984611479444 -3.3288984611479444 -3.3288984611479444 -3.328897199486253 -3.3285651976241883 -3.327985069370713 -3.327532868172152 -3.3274231332202615 -3.3277025603466677 -3.3282486016954365 -3.328773123317773 -3.3288984611479444 -3.3288984611479444 -3.3288984611479444 -3.3288984611479444 -3.3288984611479444 -3.3288984611479444 -3.3288984611479444 -3.3288984611479444 -3.3288984611479444 -3.3288984611479444 -3.3288984611479444 -3.3288984611479444 -3.3288984611479444
