_RESULTS/CROSS_VALIDATION_POSTPROCESSED_80-20/Berg/GZ/7comp/1/Berg_GZ_z_0_kriged_reverse_7comp_spherical_1.asc
ncols 100
nrows 90
xllcorner 5.6208707817415728
yllcorner 50.959635321741573
cellsize 0.00013419651685393446
nodata_value 1.7014100000000001E+038
[rows 18 to 35 of 90, columns 40 to 79 of 100]
9.091794150870959e-05 3.099416808322003e-05 1.4468293405283912e-05 1.1084634732585996e-05 1.2747549431313875e-05 1.7568842660760975e-05 2.541782107421479e-05 3.5740186568950955e-05 4.645602891223346e-05 5.581833678237673e-05 6.256505354339585e-05 6.631629764387316e-05 6.752093572768714e-05 6.711747244026687e-05 6.605690548345404e-05 6.414387091213965e-05 5.901825185252488e-05 5.14163164327345e-05 4.273947434725011e-05 3.3717977682614266e-05 2.502849331644032e-05 1.7674931006790918e-05 1.3112957852189052e-05 1.08849344323928e-05 1.0270057660473684e-05 1.1308440303691748e-05 1.448390755039953e-05 2.0780719289917685e-05 3.197083325437077e-05 5.096656233815676e-05 8.220620072675314e-05 0.00013194209619300969 0.00020815921234438583 0.0003197085964835389 0.0004742080049115611 0.0006745112608848138 0.0009169350424401528 0.0012049673520071115 0.0015290573118668604 0.0018672373282501366
0.00019927560982179233 8.608259014387406e-05 4.721712416449124e-05 3.4980869176075616e-05 3.370971106149606e-05 3.829025951542661e-05 4.687341001235794e-05 5.685694718613974e-05 6.500248269392523e-05 6.968948615906833e-05 7.049092085275643e-05 6.808833888365286e-05 6.37428866643527e-05 5.875170409623214e-05 5.414451389863296e-05 4.990275992093179e-05 4.378414074086535e-05 3.659301192731264e-05 2.9015369402561348e-05 2.1612328686690237e-05 1.5152140775918178e-05 1.0127124297456933e-05 7.145965713422155e-06 5.631142698941316e-06 5.224508520021368e-06 5.913744242106528e-06 8.161104295455285e-06 1.2804569782243754e-05 2.1355220411478174e-05 3.6421144366460066e-05 6.213762465572933e-05 0.00010457474943159303 0.00017186503621099118 0.00027361653078935145 0.00041908062003338407 0.0006137081432707784 0.0008543636160518203 0.0011375467873112762 0.0014607262582320322 0.0018032660039597095
0.0004569592733627865 0.00023678536177131128 0.0001433750067642022 0.00010535510158150446 9.187821627231847e-05 9.076130729596422e-05 9.60183163955701e-05 0.00010086984851380383 0.00010085766184248543 9.553874541618703e-05 8.628163894106965e-05 7.521123487575288e-05 6.422974593641032e-05 5.457279680148976e-05 4.682773895639051e-05 4.048125679977272e-05 3.375554070786759e-05 2.6723616522328918e-05 1.9970825815748934e-05 1.4092912039352746e-05 9.379257748175218e-06 5.992510730205744e-06 4.032667435870772e-06 2.9553946006924333e-06 2.5596343324486094e-06 3.0631422149756134e-06 4.859636735114557e-06 8.522043853902618e-06 1.541377827531251e-05 2.792257513308853e-05 4.993811874592261e-05 8.734652645534929e-05 0.00014831734954065775 0.00024294247214476283 0.0003816417913139743 0.000571842004905597 0.0008130107159766693 0.0010949282697323582 0.0014170237869825626 0.0017618102726341817
0.001049438627468049 0.0006192121916468937 0.00040634385804061825 0.000300526792094984 0.00024804397725923137 0.00022254672378161714 0.00020915347658825436 0.00019298017713388198 0.00016916426205816905 0.00014103302675999078 0.00011302474818449107 8.838968126310379e-05 6.854726742153104e-05 5.354184477051897e-05 4.2738074337698205e-05 3.435378581183503e-05 2.669540508007045e-05 1.9814754220539542e-05 1.4021988260760215e-05 9.457632430844284e-06 6.06022124505338e-06 3.8127229352801187e-06 2.525111395924835e-06 1.757280073300829e-06 1.2993348098067743e-06 1.6852982962973536e-06 3.3453920451820626e-06 6.531852874012791e-06 1.24878777271797e-05 2.352345573336178e-05 4.336876915315487e-05 7.778692749280946e-05 0.00013497282122035053 0.00022535374650871833 0.00036017248326146846 0.0005482697991914992 0.0007910028064104769 0.0010765949399540935 0.001398122329046903 0.0017437842575994398
0.0023454987577990844 0.0015369983404623793 0.0010789376957830409 0.000812189193767227 0.000653198518788212 0.0005503184481206421 0.00047155458418073645 0.00038815998705205506 0.0002996576308699445 0.00021954217878270439 0.00015563595636115362 0.0001089286658019123 7.664453098881823e-05 5.507459903730253e-05 4.0665351710525766e-05 2.9800445475293263e-05 2.133766400152207e-05 1.4899707063464252e-05 1.0052866951931835e-05 6.560013710920419e-06 4.1347574162179385e-06 2.682012429635062e-06 1.860953398638491e-06 1.38641899267017e-06 1.1774735822087287e-06 1.5720739885107937e-06 3.0139626032100005e-06 6.006199181338688e-06 1.164810105457433e-05 2.2101430325898193e-05 4.1100481809744164e-05 7.438519776962553e-05 0.0001302311654983202 0.00021934357340703137 0.0003535382873131956 0.0005425702042826986 0.0007889486646484612 0.0010817280619080144 0.0014040513457041933 0.0017495422856561406
0.0050764807072653005 0.0036208752280380498 0.002689701116413933 0.002076303604345562 0.0016628919688390716 0.0013536920110897815 0.0010832382279269495 0.0008058594289056239 0.0005485875643112632 0.00035229652587598045 0.0002206238443592983 0.00013829456030123053 8.805319876598714e-05 5.761548419980717e-05 3.885124739441554e-05 2.5994973002540154e-05 1.7204471081468803e-05 1.1311046576135922e-05 7.323804364995898e-06 4.6776539067805176e-06 2.994268506669179e-06 2.080470803844519e-06 1.5941446432816674e-06 1.3734896424716023e-06 1.4232963233751656e-06 1.9608916547289423e-06 3.398681213757398e-06 6.465370188766941e-06 1.2401464548773845e-05 2.31512272974322e-05 4.253936303667259e-05 7.647453952546734e-05 0.0001334092098557851 0.00022432317584778318 0.00036141268769468026 0.00055488136922774 0.0008076337987247802 0.0011088547175094202 0.001434812412908661 0.0017789869456718236
0.010561175366222543 0.00806692812680228 0.006272276179548208 0.00497759771981776 0.0040385833423821115 0.003272850249680245 0.0025124201168201937 0.0017006887954930043 0.0010112043730292567 0.0005639956666777902 0.00030998822073004424 0.00017273561377176825 9.926881555752509e-05 5.9513647514806474e-05 3.671489076583848e-05 2.259695771635485e-05 1.3912129283206451e-05 8.617572619422323e-06 5.368473773288407e-06 3.372820910108666e-06 2.264271628534395e-06 1.7249847788986755e-06 1.490021185608036e-06 1.476228202235149e-06 1.7352450580848165e-06 2.497062284554686e-06 4.197896926786003e-06 7.681200060259522e-06 1.4404034019936175e-05 2.654633202559489e-05 4.762650931794473e-05 8.412282465784461e-05 0.0001447193561485186 0.00024066722323876639 0.0003843991449287099 0.0005860920599920354 0.0008482485417435656 0.0011591702504418434 0.001490342324721357 0.0018315333995217033
0.020317076495527137 0.016410383879673994 0.013237006232716175 0.010768674580036094 0.008930828563630998 0.007443982682985313 0.005730687295216388 0.0034769003676968723 0.0017462254232406443 0.0008380083863502596 0.0004064975384799787 0.00020403637581377568 0.00010743700201727482 5.973954795442617e-05 3.391334943585334e-05 1.9426005318423768e-05 1.1215258449543996e-05 6.546915972617334e-06 3.900700063053448e-06 2.427901754753011e-06 1.7531157060432599e-06 1.4917556698160162e-06 1.4618219548949487e-06 1.6369372146490376e-06 2.116992186129746e-06 3.1896771035097984e-06 5.370314821246501e-06 9.638160765460472e-06 1.7718113099662616e-05 3.222612273257969e-05 5.6538940920959135e-05 9.721941454299256e-05 0.00016371488820808588 0.0002675236651578118 0.00042084720202209547 0.0006339140155836728 0.000908910009323703 0.0012323708048440798 0.0015703090487392175 0.001907258142664582
0.03555723815061091 0.029703933689178327 0.024319578093028385 0.01984631522272556 0.0164939954830617 0.014153422763911445 0.012250559367275616 0.006174460645791626 0.0025737683790010963 0.0010926235219754308 0.0004809391606609038 0.0002222799575828371 0.00010924766839399954 5.6606634691123015e-05 3.002884165640223e-05 1.6235540886491967e-05 8.913998096226613e-06 4.958429124935169e-06 2.8110114690568108e-06 1.754647197765658e-06 1.379683642756344e-06 1.3449022811990129e-06 1.4986360859802296e-06 1.8679263751625153e-06 2.612733301196577e-06 4.112029589838456e-06 7.013017950960133e-06 1.2460457394833994e-05 2.2390766381650043e-05 3.9704813784055094e-05 6.799779284900034e-05 0.00011266165305832679 0.00018407593956365674 0.00029383929379576116 0.00045430362250826095 0.0006748213859553248 0.0009564788038679093 0.0012874353231915625 0.0016347342514608505 0.0019919691655231786
0.05712105105973459 0.04823971965861162 0.038976585065530256 0.03076804647893077 0.02424289086360364 0.019152368675438708 0.01408020064292641 0.007170006923902785 0.0029463673770093635 0.0011873728966607564 0.0004919088565176311 0.00021468210809881365 0.00010009558731906228 4.8655314205017135e-05 2.452881112821695e-05 1.2796116023854995e-05 6.855099984860236e-06 3.7324733106964256e-06 2.0927527450256356e-06 1.2739099578922632e-06 1.1340476287462388e-06 1.3106624599018284e-06 1.6378016387240948e-06 2.2224122890933135e-06 3.3050858828089713e-06 5.371239013924498e-06 9.155890551477994e-06 1.5942638319128024e-05 2.7886158847287083e-05 4.810321839518198e-05 8.038213689358593e-05 0.0001287904928787676 0.00020336260896166962 0.00031572880548563596 0.00047765753939129154 0.0006982012622698552 0.0009778956148912003 0.0013022056434025026 0.0016504567471154563 0.0020207357321001787
0.08684452222377996 0.07233899048904158 0.05612837368185327 0.041578507583079044 0.029798794355770493 0.020333633127564785 0.012321292379525568 0.006165233946828985 0.002648618158347325 0.0010671220670229993 0.00043164761574830847 0.00018241028930983353 8.06453809762024e-05 3.73648339582972e-05 1.831177119675414e-05 9.472251082060816e-06 5.1162857883545444e-06 2.8763644894249644e-06 1.771919841223172e-06 1.2370934738349455e-06 1.1754426937984992e-06 1.4292660304460385e-06 1.9157980684496467e-06 2.769547327993028e-06 4.255591631966268e-06 6.958143865629853e-06 1.1730320182717593e-05 1.999074132752139e-05 3.4023571517460984e-05 5.701560855491264e-05 9.270227220600872e-05 0.0001442406132792746 0.0002195301526897222 0.00033044184525675023 0.0004875190891129066 0.0006988608895462076 0.0009649900266514804 0.0012753137585509572 0.001615650662976512 0.0019841777470100863
0.1253367147918602 0.09987806389415753 0.07293712159771157 0.05017995485752738 0.0325366353570213 0.01946382449853329 0.010437286899308056 0.004935255041383862 0.0021115791544772805 0.0008432637794134801 0.00033347479813629235 0.00013516039447242432 5.6774663309921545e-05 2.545998202285795e-05 1.2400733171155523e-05 6.531179787019471e-06 3.6709720387467384e-06 2.288799648491191e-06 1.6155718948835017e-06 1.3324561311671752e-06 1.3451131258139852e-06 1.6395192080064408e-06 2.2563711215308096e-06 3.340910983053858e-06 5.25334302216325e-06 8.686906584934102e-06 1.4539244023382526e-05 2.4389378976024885e-05 4.053533692884037e-05 6.588110667876454e-05 0.00010390028802670185 0.00015717793841852454 0.00023027778736851357 0.0003352991804108916 0.0004812209173932684 0.0006747882365588983 0.0009163796041773367 0.0012052022361894088 0.0015280297564144291 0.001881440653310778
0.16897459309068297 0.12369934750387616 0.08525487828305578 0.054689827618130245 0.03240920486009465 0.017587299481153167 0.008648108321996813 0.0038553367377769537 0.0015945277689152055 0.0006251756283655552 0.00023627315056503045 8.867035440163002e-05 3.5005079263545605e-05 1.5243540021396157e-05 7.428705312377056e-06 4.057867528107502e-06 2.5310490391117826e-06 1.7920837797162586e-06 1.4473217505227534e-06 1.3510788268844e-06 1.4685030841110782e-06 1.8387496562194753e-06 2.5444829131566872e-06 3.8030835542709687e-06 6.053790669488172e-06 1.0095029263685748e-05 1.6892089114472858e-05 2.794453214576756e-05 4.5673618245398176e-05 7.30057943035479e-05 0.00011258198768133914 0.0001653454261576434 0.00023346290225203248 0.0003283055082838589 0.000457551794425889 0.0006264742297070187 0.0008374963571800306 0.0010950506372391533 0.0013876488524714448 0.0017180509549984408
0.17555514519264526 0.13099660993089635 0.08838342856537555 0.05411136254593603 0.030178690952218826 0.015318135962632137 0.007075829988110979 0.002996352389422935 0.0011860389020528605 0.00044476966917821227 0.00015621768778169444 5.359648513031884e-05 1.90834890119574e-05 7.747979968526519e-06 3.872757820610688e-06 2.377254008878455e-06 1.6990488801613543e-06 1.373826277316893e-06 1.2550077942109662e-06 1.2993443246274304e-06 1.5108253582461898e-06 1.9355334497351048e-06 2.704214683321797e-06 4.069616182328994e-06 6.5219424129944526e-06 1.087329273160462e-05 1.8129962062916327e-05 2.9841066618278725e-05 4.792709795362507e-05 7.517601418305715e-05 0.00011410181359027083 0.00016537650101825123 0.00022740655294950377 0.0003086022850048168 0.0004172522659945517 0.000557297432062769 0.0007346944551727021 0.0009534654928805591 0.0012067795984869283 0.0015031427527883454
0.154657146344827 0.12106902981535977 0.08248121314075346 0.049655040492156535 0.02678070526421245 0.01304201419786055 0.005776639545803581 0.0023514627092769045 0.0008802701395971846 0.00030614097451815155 9.959136695590329e-05 3.0313149362948865e-05 9.293477531840404e-06 3.4661459557478756e-06 1.8996416983648648e-06 1.377531076170717e-06 1.1433263568708649e-06 1.048627586912548e-06 1.0663059726217333e-06 1.2005147633662364e-06 1.4580198834648331e-06 1.9115408450828793e-06 2.70040399713509e-06 4.0851865615087425e-06 6.567193978438023e-06 1.0859616234972066e-05 1.795584649945568e-05 2.933498932135484e-05 4.6752145082593545e-05 7.190880642108535e-05 0.00010708194284873554 0.00015288195375916233 0.00020753036651620512 0.00027660673264036254 0.0003632303019980302 0.00047354979135012007 0.000615889071315181 0.0007927777048360239 0.0010030304109878312 0.0012570801909444955
0.1324487484198725 0.10445375159547832 0.07200037251444186 0.04332176253803158 0.023046253116107817 0.0109870158090535 0.004724977747365279 0.0018332276201101882 0.0006492241509198013 0.00021050207596829678 6.261338754687807e-05 1.747843451610705e-05 4.729736265367575e-06 1.4529561505483076e-06 9.925218028172378e-07 8.609594063239867e-07 8.101010277696827e-07 8.195156934896633e-07 9.045643637694576e-07 1.0690639057606986e-06 1.3371638963891932e-06 1.7825757966882225e-06 2.538333814764088e-06 3.852714955208455e-06 6.178951758843282e-06 1.0085679990386851e-05 1.6475135274337265e-05 2.662213581997848e-05 4.2026982362865527e-05 6.39698676094966e-05 9.322846222575104e-05 0.00013066643114202788 0.00017478525955322383 0.00023045066583524527 0.0002999834734355143 0.0003834413824542983 0.0004915588701166484 0.0006271897942796103 0.0007950566684052127 0.00100377507809578
0.1123426391841036 0.08764777640961219 0.06057818530040298 0.03671051067445157 0.019438477848705286 0.009055603630716473 0.0037553931089659926 0.0014042541238562887 0.0004780371724279886 0.00014826385865505771 4.307983832721306e-05 1.2125996872980229e-05 3.4107327264911755e-06 1.1454291972259037e-06 7.511660549741259e-07 6.525083770516084e-07 6.310672875040064e-07 6.704261004523075e-07 7.702853129914868e-07 9.287023609380507e-07 1.177637443843276e-06 1.582375655730518e-06 2.2606105228018923e-06 3.4326002733326383e-06 5.444426510139637e-06 8.743137649178738e-06 1.4066607553332295e-05 2.2414109572380126e-05 3.493711005538149e-05 5.259198992289077e-05 7.547376051055266e-05 0.00010346195627091798 0.00013603394548932887 0.00017736387410561877 0.00022979520628865427 0.00029415053560154106 0.00037264374765290625 0.00047169597107034003 0.0006005881696266624 0.0007755507171812359
0.09645598310808592 0.07388865125207399 0.0501329576745781 0.030176960987238342 0.01577848961486671 0.007252741878263714 0.0029811695103352984 0.0011124816634600044 0.0003739032602093919 0.0001158310359768532 3.430451478764402e-05 1.0198587840900409e-05 3.299861151786721e-06 1.3335557964840094e-06 7.699214768711133e-07 5.919016442421287e-07 5.437894871046892e-07 5.74212846918746e-07 6.583731830377332e-07 7.924647023315685e-07 1.0045251135068423e-06 1.3480990869960541e-06 1.9210800160323656e-06 2.901430006614822e-06 4.510080556841492e-06 7.105937288003228e-06 1.1233396306297094e-05 1.7607755683914315e-05 2.702004014879156e-05 4.007990019921596e-05 5.6763843385789014e-05 7.608763955700015e-05 9.804371451513872e-05 0.00012632649098940154 0.00016289376707367384 0.00020965302224689407 0.00026753867403603114 0.0003378257689923535 0.00043843320872192446 0.0005872495258809627
