_RESULTS/CROSS_VALIDATION_POSTPROCESSED_80-20/Berg/GZ/7comp/1/Berg_GZ_z_710_kriged_reverse_7comp_spherical_1.asc
ncols 100
nrows 90
xllcorner 5.6208707817415728
yllcorner 50.959635321741573
cellsize 0.00013419651685393446
nodata_value 1.7014100000000001E+038
[rows 36 to 53 of 90, columns 40 to 79 of 100]
0.051412205481488386 0.04090436581724788 0.028678636624521955 0.017828824854819583 0.009706628168495211 0.004629386538151882 0.001972500059491808 0.0007498519645368236 0.00025758041415848077 8.266366844054181e-05 2.5813754530497634e-05 8.266886792306927e-06 2.9173994118266863e-06 1.243999273310342e-06 6.786771494719695e-07 4.6713415996178e-07 3.9127114247503375e-07 3.852155192195015e-07 4.2332535237654934e-07 4.944953194392964e-07 6.12659022284455e-07 8.069763351460671e-07 1.132560150902462e-06 1.6647272787610682e-06 2.492595453359554e-06 3.7777844331485978e-06 5.72157893291461e-06 8.55503609302975e-06 1.2479764526073929e-05 1.7562657743477955e-05 2.360295643513363e-05 3.0016200324608168e-05 3.6524912052656975e-05 4.467890146541827e-05 5.4913108897666296e-05 6.802740626487347e-05 8.462667860170804e-05 0.00010647497649802468 0.00013809482651743312 0.00018564100020306226
0.047298356386944705 0.03607714216377868 0.024163496045024456 0.014378756735485899 0.0076792902577028175 0.0036386051264275473 0.0015391396884059253 0.0005807935542903448 0.0002010257569163349 6.617176413754718e-05 2.1609105387150506e-05 7.362693328886977e-06 2.7752875852934106e-06 1.232370631102089e-06 6.7439345643215e-07 4.556839248201869e-07 3.735157750320506e-07 3.5778421697524257e-07 3.845117065072513e-07 4.458320471562426e-07 5.488687012705628e-07 7.177529083973704e-07 9.916813371265109e-07 1.4042872746706502e-06 2.023470480558464e-06 2.9509355729786626e-06 4.322384656463709e-06 6.301724238064515e-06 9.03422167400744e-06 1.2480144770737918e-05 1.6444660784960553e-05 2.051789404853771e-05 2.451179849414016e-05 2.964963878155857e-05 3.6350474728974734e-05 4.52813618804597e-05 5.8064609391337764e-05 7.650957246702303e-05 0.00010231650739823876 0.00014103888761808986
0.04436611943292602 0.03224515557029369 0.020631031685847623 0.011769443851395306 0.006097006338400341 0.00286491368224371 0.0011917320750868918 0.00044683002526113347 0.00015578402212012166 5.2397137584675586e-05 1.7714348995942023e-05 6.338728261651671e-06 2.549899082338868e-06 1.200332496564025e-06 6.79040071622311e-07 4.6516513581068984e-07 3.816057876072854e-07 3.5830510416431673e-07 3.750225455980706e-07 4.3054008490344066e-07 5.25432969719058e-07 6.789657206769975e-07 9.048533376731064e-07 1.230597025440709e-06 1.7031483149526e-06 2.38714516033042e-06 3.3568345588555274e-06 4.678663481974663e-06 6.394062368011277e-06 8.507545342804313e-06 1.091414705095131e-05 1.325072221861387e-05 1.554385360164081e-05 1.853547997356862e-05 2.2858721187439913e-05 2.9306049170716917e-05 3.926752254818178e-05 5.435242293703275e-05 7.61041331046353e-05 0.0001077493270548518
0.04198488917871226 0.029255786497647377 0.017931193923364404 0.009808226623055711 0.0048936937895198125 0.0022401819603057862 0.0009148399621506246 0.0003404727828743922 0.00011926037355763874 4.0792061437079184e-05 1.442991854729494e-05 5.514303589025791e-06 2.3594803412516816e-06 1.1685404588318481e-06 6.865061547280233e-07 4.836309877046787e-07 4.04198708270723e-07 3.8027801417641437e-07 3.9184143348577165e-07 4.434476037992751e-07 5.362962127653247e-07 6.712779948736222e-07 8.562210181755642e-07 1.1068584523784749e-06 1.4544551215793266e-06 1.945297569889673e-06 2.620199542415457e-06 3.4914487651239954e-06 4.539367513835739e-06 5.7107471995021965e-06 6.927508223027797e-06 8.132483765115072e-06 9.462026483444627e-06 1.1234281298562207e-05 1.4058819613408276e-05 1.8783213870677403e-05 2.652027817865878e-05 3.873107510845726e-05 5.712617520314538e-05 8.367993551698313e-05
0.04022685394985431 0.027054646864432028 0.01591113711575308 0.008327017463706829 0.003983866044383168 0.0017429052689647553 0.0006947497109652764 0.00025628473331083096 9.039482269838476e-05 3.2329603110542114e-05 1.2116374387173993e-05 4.901848171392734e-06 2.209008875858492e-06 1.1443310005761685e-06 6.999686241836003e-07 5.130844095204932e-07 4.420018359306339e-07 4.2285286473807763e-07 4.415472686581088e-07 4.966647339479141e-07 5.725632084086056e-07 6.690296646900816e-07 7.940253218479915e-07 9.573313434010057e-07 1.1777704307117868e-06 1.503759820945159e-06 1.95367033490615e-06 2.4972563992191703e-06 3.0950689864043614e-06 3.693824814367833e-06 4.237976085026694e-06 4.734499684268845e-06 5.437295628121585e-06 6.54660332668113e-06 8.520581948181238e-06 1.2064036829301719e-05 1.8183353253588502e-05 2.820797976052136e-05 4.3866836794590505e-05 6.691660095567577e-05
0.039110906244844035 0.02558994853930353 0.014435544640637978 0.007185446620671613 0.003259841758774384 0.001353792130080283 0.0005216975893027077 0.00019138973053514546 7.033084104524998e-05 2.6527567726707658e-05 1.050908641190406e-05 4.479921261650069e-06 2.111869564076514e-06 1.1371709510401617e-06 7.254047989878385e-07 5.625436191948614e-07 5.091013904437892e-07 5.080530634670862e-07 5.369361260840978e-07 5.81119190196649e-07 6.322827645697525e-07 6.821172089052823e-07 7.514912006811373e-07 8.450791695779263e-07 9.616276925536213e-07 1.1790715749365468e-06 1.4775995061297205e-06 1.8050206650443932e-06 2.1321704455821322e-06 2.4167723630699227e-06 2.612442398977038e-06 2.763277758175624e-06 2.994040275440369e-06 3.5209904716440217e-06 4.8444746509889754e-06 7.645783754882128e-06 1.285903155635857e-05 2.1512893155947696e-05 3.5191183712674334e-05 5.581620850534603e-05
0.03858817987695006 0.024837536988623066 0.013378324848735922 0.00625474802474642 0.002655513562497281 0.001042785199492304 0.00039070992801931703 0.0001464915674559127 5.637898178654679e-05 2.2535525694925403e-05 9.476121373787366e-06 4.265071266160265e-06 2.1006998488111704e-06 1.1752724142661368e-06 7.872208435571951e-07 6.5648229679163e-07 6.38872276746444e-07 6.516585929028765e-07 6.687271932456385e-07 6.879543472010983e-07 7.106391166423019e-07 7.233472021546466e-07 7.443401838612706e-07 7.960297374477423e-07 8.815914877614299e-07 1.0220766494340487e-06 1.2050171599242063e-06 1.3902917140703434e-06 1.546755438089677e-06 1.6470863188584285e-06 1.6788566047868257e-06 1.6878511273956222e-06 1.7050981926571864e-06 1.8384080134654313e-06 2.5999499516175276e-06 4.794478691269167e-06 9.257739977435971e-06 1.726513016395523e-05 3.015115306987126e-05 4.916981756316739e-05
0.03839360150128364 0.02481965565742615 0.012568146372212255 0.005388163722169452 0.0021155221398973054 0.0007883155028015989 0.00029758726013613836 0.00011549979402545803 4.666907303051998e-05 1.986007254311079e-05 8.972272807905304e-06 4.349854403166991e-06 2.2901265729144497e-06 1.330087023457776e-06 9.062356420656197e-07 8.240958269180652e-07 8.530367809984344e-07 8.74181687775216e-07 8.684760689868562e-07 8.429528530411143e-07 8.146204915231429e-07 7.841248591272804e-07 7.697875814207559e-07 7.9414573193596e-07 8.599807831123847e-07 9.557663804993431e-07 1.0631028134821877e-06 1.155954841088388e-06 1.211599267309536e-06 1.214539235431513e-06 1.185023887380865e-06 1.1529804469390032e-06 1.1165742125460132e-06 1.0640513691931269e-06 1.495506006560951e-06 3.3211303784097146e-06 7.135205677899886e-06 1.44166307498011e-05 2.7003341848812968e-05 4.6225816212885195e-05
0.03722464973801991 0.025626687631102683 0.011546777619700811 0.00439257799079414 0.0015996573828760635 0.0005870400816637081 0.0002280585369453718 9.298019589767815e-05 4.006693455253372e-05 1.8409581614930658e-05 9.157292956637336e-06 4.944006756538357e-06 2.884662089559653e-06 1.7933638719156284e-06 1.1487326987114754e-06 1.156971892222847e-06 1.2609507291278905e-06 1.2832063154347687e-06 1.22169850046835e-06 1.1021727935226228e-06 9.706235945633765e-07 8.604846067198435e-07 8.1891769167041e-07 8.356984020205148e-07 8.919148926317186e-07 9.581380519844683e-07 1.0118929533664192e-06 1.0374282421284546e-06 1.0259938134080712e-06 9.876892529021433e-07 9.543376013130365e-07 9.316148131415199e-07 9.291557596710151e-07 9.992683316504899e-07 1.4438260530174288e-06 2.856426705308638e-06 6.145657472892091e-06 1.2809232034725048e-05 2.4975639440289215e-05 4.469183119936297e-05
0.02902460301620185 0.023797243394652768 0.008798142053218869 0.0031302166234806477 0.001118981224939206 0.0004243007797717695 0.00017350834509442814 7.576378399905861e-05 3.555017803848503e-05 1.82428817867117e-05 1.025576682353197e-05 6.294265466296127e-06 4.178692220281551e-06 2.960736757540815e-06 2.2682360524762494e-06 2.122534210309358e-06 2.181720199800214e-06 2.1388838687844045e-06 1.9342974092055945e-06 1.6069738944686436e-06 1.2486523107238867e-06 9.605569516226179e-07 8.881320622601787e-07 9.523827867723622e-07 1.0118993070299535e-06 1.045126859574073e-06 1.0417374354748256e-06 1.0051874646708187e-06 9.453567734695381e-07 8.951883471311244e-07 8.669409495073792e-07 8.688468856075412e-07 9.221998747354519e-07 1.0935092064557314e-06 1.5956886145693362e-06 2.86836730363764e-06 5.8066502961812286e-06 1.2081933861802963e-05 2.3941854089349815e-05 4.3970392379465996e-05
0.015355574946069242 0.01002359723656816 0.004625119431754068 0.0018065861194609852 0.0006961030389118442 0.000284342544171164 0.0001256976081414132 6.0032317941737144e-05 3.1617973021222404e-05 1.8486220585099285e-05 1.1973802799519646e-05 8.502217521487146e-06 6.554425342889895e-06 5.27737783331081e-06 4.5413784715043935e-06 4.303198381009519e-06 4.276019361782479e-06 4.0681080447296994e-06 3.5485511895298306e-06 2.7769308963088116e-06 1.925886065199466e-06 1.1583173443614402e-06 1.076409683759969e-06 1.2681092565501838e-06 1.3174792616631408e-06 1.2724824756112143e-06 1.176555948261419e-06 1.0566151931704952e-06 9.538830392834366e-07 8.862330985561423e-07 8.598619142665069e-07 8.840338432271357e-07 9.820818647972259e-07 1.2164716187556481e-06 1.7671172179796189e-06 3.0266553816786983e-06 5.814301275710609e-06 1.1875248271016671e-05 2.3637790090934833e-05 4.4014022165874654e-05
0.006927153696438156 0.004188314779213678 0.0020685761630651308 0.0008998405678916046 0.00038671696836283843 0.00017400931096258994 8.465148787666267e-05 4.5485537031628384e-05 2.7442078891201957e-05 1.8567847526624843e-05 1.4007763716808747e-05 1.1702042174597494e-05 1.0351055145442765e-05 9.456622952322057e-06 9.031727381164991e-06 9.036280001829734e-06 9.170255790864786e-06 8.803050616871534e-06 7.702356743322911e-06 6.017928398258595e-06 4.1809336971363425e-06 2.6948143235057392e-06 2.2339869987865452e-06 2.220333674571633e-06 2.051315069201573e-06 1.7504641433129595e-06 1.4500486748035393e-06 1.2072670335531684e-06 1.0360367231922359e-06 9.327770548993408e-07 8.988967770167367e-07 9.393233590282326e-07 1.0713976402610176e-06 1.3539358043296808e-06 1.9580591756706004e-06 3.2423797418869296e-06 6.0126189413758495e-06 1.1947914054901773e-05 2.3822595109275145e-05 4.468210061136898e-05
0.0030859854503184096 0.0017601696095752657 0.0008900340559812221 0.0004200569421618111 0.00019933619701663092 9.897254772643249e-05 5.3700204011641745e-05 3.273838295017925e-05 2.2718355359457607e-05 1.7940966708353918e-05 1.6015648627264294e-05 1.5735493769580047e-05 1.596482726992713e-05 1.6633802512624077e-05 1.7783813887769482e-05 1.935501793389009e-05 2.0936420519613618e-05 2.1211085030498055e-05 1.946336711266695e-05 1.597654352442807e-05 1.1830021330490016e-05 8.261275662884698e-06 6.103674113672322e-06 4.782411412248097e-06 3.6554921342750554e-06 2.645826042843517e-06 1.938687527349227e-06 1.4761427244726051e-06 1.1850447307472147e-06 1.0165320663790485e-06 9.620569501463063e-07 1.0175263869435064e-06 1.1771322710152678e-06 1.5026353839247623e-06 2.166028162665364e-06 3.5118630181997597e-06 6.309132708752055e-06 1.2243009931055559e-05 2.434597010920878e-05 4.585529574824486e-05
0.0014242096884674537 0.0007734968849305768 0.0003859037808949018 0.00019166849473509743 9.81022499752945e-05 5.297922388809716e-05 3.182489799721227e-05 2.1907200625283143e-05 1.7601475856216904e-05 1.6447001330720185e-05 1.7611439201405694e-05 2.0181793150885744e-05 2.3727870195308306e-05 2.8422111148063026e-05 3.4438143251777375e-05 4.171988680881783e-05 4.955638723695451e-05 5.496898453252723e-05 5.46904740224614e-05 4.815388142851075e-05 3.729984456664208e-05 2.5881542612373238e-05 1.7078756603369655e-05 1.1014253202449625e-05 6.925915466713068e-06 4.2750353279849414e-06 2.7335430050260164e-06 1.8766190026352619e-06 1.4001760908264471e-06 1.1462420154318402e-06 1.0605107579553824e-06 1.1170115946763975e-06 1.2954534142386178e-06 1.663028783572005e-06 2.3927482423500074e-06 3.827600055182516e-06 6.719704593318176e-06 1.2739553686100459e-05 2.5154895996585774e-05 4.7488086405669786e-05
0.0006876393529384899 0.0003583222635449429 0.00017525297579351693 8.773196087770174e-05 4.647065808453467e-05 2.6803400524017626e-05 1.752597452804578e-05 1.3541885151077248e-05 1.2667502682042431e-05 1.4199015054310311e-05 1.8265017676156175e-05 2.4591974092577127e-05 3.377747170786593e-05 4.681818596948187e-05 6.489497816522687e-05 8.890975872893047e-05 0.00011829169263215783 0.0001475507827078127 0.00016318850714486694 0.00015547033527498597 0.00012283547706427856 8.094902401266438e-05 4.690078901433368e-05 2.5413959223665093e-05 1.339116414826792e-05 7.035252024094609e-06 3.887779315072139e-06 2.3935406309816708e-06 1.6631086337677552e-06 1.3151974436807952e-06 1.1929083714531987e-06 1.2332439972170771e-06 1.4233269194863542e-06 1.8365556581238877e-06 2.64258002431742e-06 4.1928513817479155e-06 7.242789785704272e-06 1.3430735457839967e-05 2.624154809065186e-05 4.9620595171049125e-05
0.000350105320446209 0.0001765783504991087 8.482559673881627e-05 4.219705316456993e-05 2.24740769157903e-05 1.321128355692515e-05 9.021090706883645e-06 7.692199940284872e-06 8.44597644273465e-06 1.156058308125091e-05 1.7909568332346815e-05 2.8589500033428865e-05 4.600584804541251e-05 7.382937813496011e-05 0.00011732012307834661 0.0001830259555824034 0.00027636352904926393 0.00039365163694291466 0.0004963386511547248 0.0005183341887797229 0.0004136996287264936 0.00025259452000369 0.00012689760236148505 5.744111684139037e-05 2.5135794199034577e-05 1.1161502806759169e-05 5.322342589822375e-06 2.940289995844972e-06 1.9115911491475565e-06 1.4643034667786382e-06 1.3102393744800045e-06 1.345472471294547e-06 1.5560886861033256e-06 2.0242873000990994e-06 2.922436161226142e-06 4.618857744816443e-06 7.888789341750431e-06 1.4374102920850326e-05 2.7586128784339943e-05 5.231416499047895e-05
0.00019160592642856168 9.461591163311963e-05 4.4909809488520736e-05 2.208376922024855e-05 1.1668760060786159e-05 6.741669765608628e-06 4.541521655211701e-06 4.097405466390935e-06 5.327910818285318e-06 9.077098602374293e-06 1.6999010913635804e-05 3.213890188826128e-05 6.0145605093803094e-05 0.00011071116498786064 0.0002000085173031573 0.00035356266815393406 0.0006071082940646627 0.000995425374598738 0.0014833455354923027 0.0017794365526039614 0.0014633295747382394 0.00079570537727616 0.00033027311042544755 0.00012168250062150267 4.369913533143846e-05 1.6281334691276256e-05 6.704260602627549e-06 3.3410011282796294e-06 2.0553168431580744e-06 1.5461945351956965e-06 1.386490136179757e-06 1.4362285948244727e-06 1.6894623202679406e-06 2.2302236016042735e-06 3.2444697781842185e-06 5.126084083221554e-06 8.684903479846286e-06 1.5594851850156447e-05 2.9347283245270756e-05 5.544380256904298e-05
0.00011465339516295116 5.631112197862272e-05 2.6743508328457338e-05 1.311625145878644e-05 6.862571416847175e-06 3.8192631539543966e-06 2.3554989384681385e-06 2.098295318713121e-06 3.474775165262719e-06 7.565841177773481e-06 1.6903149586349662e-05 3.688844282399587e-05 7.817444110301336e-05 0.0001612411368195994 0.00032484495574307715 0.0006407989962894393 0.0012372510325056553 0.0023241811693178586 0.0041493246527024505 0.006177885288424053 0.005468367512503569 0.0023843757702836483 0.0007736026162445123 0.00022945491317272166 6.751774484946566e-05 2.101679560185621e-05 7.468098448675725e-06 3.3878443062784926e-06 2.015235257039669e-06 1.5301040058010244e-06 1.4098423231506994e-06 1.5061887506527748e-06 1.829199807731032e-06 2.4677568432943267e-06 3.631400207059791e-06 5.748406284504017e-06 9.676692089075575e-06 1.714493343930828e-05 3.1663811596803114e-05 5.9206697887407113e-05
