_RESULTS/POSTPROCESSED/MHZ/TZ/8comp/MHZ_TZ_z_125_kriged_reverse_8comp_spherical.asc
ncols 100
nrows 81
xllcorner 5.5967107548124995
yllcorner 50.982328804812504
cellsize 0.00017565037499993607
nodata_value 1.7014100000000001E+038
[rows 19 to 37 of 81, columns 43 to 85 of 100]
13.018844959299456 12.501036111199868 11.98785707987873 11.48747171703239 11.00123666226178 10.532424435030299 10.09849872288114 10.021232742189998 11.343566938136096 12.998795431743243 14.744888356971611 16.488824272960397 18.130713639935326 19.575625181901753 20.729195288415585 21.53995907903403 21.983323151438103 22.045528680479116 21.753628863369006 21.262038713839328 20.73042099792285 20.26776041488749 19.945698009027485 19.794942081913142 19.76220429006645 19.752822494143352 19.68120000687444 19.541629782261104 19.341451615451845 19.12478835214923 18.92983885231929 18.75483053010213 18.60405654078915 18.483430937267492 18.40026336861746 18.362061463255653 18.358660643530126 18.399495195825093 18.51898265799551 18.791229745917562 19.34157822056623 20.190886380956492 21.201872850132254
13.1373859007839 12.658478594460561 12.18125544242454 11.717195127531877 11.26951173266697 10.847238700278313 10.492262364063896 10.572347532083933 11.827900175883691 13.509783556730733 15.304169458278752 17.081903484430775 18.703355153305356 20.04729823665801 21.054334475443902 21.693249373463882 21.95729627316632 21.87992005187393 21.566815577860936 21.11382501509874 20.631756382735222 20.21700123485636 19.940016435077634 19.833791082303705 19.84950264441393 19.87834474221197 19.83672543604707 19.72832098449155 19.5607072189003 19.41665083811606 19.294501582094576 19.184569257133035 19.087053620092927 19.014785708326205 18.980810947242503 18.998374385174806 19.063813118216544 19.198762205861765 19.44318967613277 19.848763192722366 20.457994779241368 21.281104088463525 22.235088332997183
13.375752900752818 12.96666777734245 12.561898667491572 12.185148379025359 11.853819729173479 11.608639800649382 11.55786686248862 11.953390801366298 13.001780383917511 14.518789943801197 16.233859420326482 17.91212413594942 19.39326372352877 20.568804996510337 21.380626683288913 21.818250241938557 21.906226953006506 21.750061670400722 21.426349114884673 21.01243297916501 20.590440344530556 20.235678005916395 20.008436633908804 19.941109794587756 19.9946779694688 20.043727619737325 20.03678302629177 19.97011945515465 19.854744124253223 19.78120923753762 19.732368200646505 19.687205359787157 19.646991767634177 19.618603609693064 19.626501192257905 19.689630315306637 19.80816912152586 20.011594589529132 20.338493655816777 20.82507025428558 21.47981572735376 22.298754270216133 23.238837761735514
13.716203240398302 13.405112919038089 13.102230469861691 12.847993651306536 12.673452068188704 12.634800451421274 12.83227526399919 13.405536854817935 14.432749527469346 15.836031091213181 17.38979676844791 18.88842318993735 20.176733218681456 21.13819259136046 21.71983044411581 21.936521783438334 21.883424058633288 21.65872674602417 21.326826426475723 20.949369484585834 20.583439464458554 20.281756698357754 20.092573813432363 20.049593013060278 20.12672762860297 20.207069672991125 20.255224003654472 20.251708860128197 20.20976913793559 20.21243123119509 20.244024955826212 20.26446306913495 20.276656211763303 20.290851492234278 20.323615682231573 20.40177381342563 20.53798305461096 20.769523430996326 21.132713591713784 21.653683480062185 22.313388845396208 23.142830160081427 24.11274660907885
14.130408873669733 13.941536225074772 13.760377905757451 13.643407397267993 13.63223916383474 13.784292830066452 14.175663551450409 14.884643053165252 15.940698523565919 17.240418600114165 18.626845479704844 19.937266922653272 21.014285494052896 21.7382656611108 22.068720955369038 22.072364588664897 21.88970655285845 21.59765202950591 21.253395007477884 20.90028286747817 20.572391412952378 20.302588345151037 20.129102282189592 20.09558205493322 20.194259514710122 20.33602599239189 20.468696035561347 20.553253871366366 20.603560441505905 20.693601127752835 20.81062701452934 20.900857901341592 20.9616537420813 21.006925269372623 21.057159446067363 21.120011909665227 21.23219793473423 21.436884783421455 21.77711515312541 22.258223388775995 22.892078289188227 23.72504834759376 24.75531728151088
14.554554707907668 14.525881460034535 14.49230013889429 14.514315338946632 14.658369781900829 14.97274185262636 15.513440793970961 16.327786929702224 17.383897390075997 18.585892654697357 19.83057591020136 20.97583083927126 21.85686154279119 22.343998376751728 22.414435445930007 22.223114431122486 21.909791212445686 21.54670430054052 21.177513197213614 20.82845880982484 20.520098374761158 20.264687253842354 20.08432521705488 20.037019687603987 20.167651986121648 20.416233090199942 20.667076233188258 20.863835192291305 21.02195612736024 21.210219059981387 21.416975943540397 21.580502301980435 21.686840420092796 21.75142347207174 21.795203047770816 21.822244539993164 21.87044318954347 21.999702832150515 22.241723802889453 22.611143133710076 23.1909321296918 24.021007369405684 25.084906133946188
14.974516567859766 15.107329248968107 15.239209805441915 15.402049361571443 15.666772480614213 16.100004264349494 16.744989145001938 17.613043946349023 18.62485112071593 19.735020567990954 20.865075100343024 21.891623184761904 22.638460586230728 22.92372684562881 22.745173607837632 22.358118943515333 21.911451829415256 21.467252451692627 21.055335889157668 20.697895399035207 20.39903085896313 20.15535785105369 19.963120443167227 19.855527477071174 20.050090387801742 20.4640973612768 20.855098802884704 21.18115351725091 21.46041081430337 21.757501023333315 22.057452852626763 22.294261666752664 22.44079869479388 22.513222339964226 22.523524796769482 22.487516100511172 22.443332570823998 22.44746431656159 22.53013458438911 22.766974798887535 23.252944433484764 24.01918798963843 25.018250814227862
15.38367725384987 15.642189314213267 15.909437973268274 16.20664507846967 16.58375434787783 17.098153663361828 17.80510278750645 18.654522517864656 19.5963105695496 20.60318983854044 21.62257149599852 22.561251314150272 23.268352891136324 23.433643060719827 22.99215998353683 22.411063304329932 21.83540598323745 21.30114515720552 20.840527045646052 20.463762663377523 20.171586647781968 19.952280354399807 19.793272309871746 19.685793033916752 19.95562580737228 20.481026513388333 20.995375195026682 21.46130462713866 21.879852794182636 22.306010093008023 22.714647461091054 23.031310773550693 23.215961817799933 23.28008721216162 23.23311551751673 23.11106131989473 22.95469911625812 22.809864656905958 22.71853296047457 22.758032544406205 23.099368448412488 23.780974536680812 24.658892022561417
15.741438991111783 16.09297629923538 16.469918609730854 16.881785611894898 17.354046641702144 17.93146651611017 18.63970658219649 19.42592630836459 20.26766124693792 21.148101087007497 22.026151213890557 22.838982003650788 23.508621439543532 23.71572406888373 22.977920093213307 22.259533162594437 21.585701755592215 20.98599690320232 20.475522316203975 20.059178641476034 19.750865272302278 19.55741210449141 19.482108136536258 19.56443478687707 19.895459699487162 20.432501623304645 21.058123007005296 21.683613425689508 22.26594349672501 22.838229998947412 23.359999294982437 23.747862845456964 23.964048369991545 24.012228952444836 23.910060799804914 23.693849950951332 23.44080652125222 23.164795402331055 22.882262931765286 22.64077044601267 22.780725633974278 23.45736471723607 24.221629500968778
16.025889990426816 16.443387824595565 16.902433835824386 17.399251163519043 17.946521775813437 18.566538046928173 19.23065343396903 19.923748805988037 20.643612676739227 21.371005218557787 22.066932356673835 22.670058349183662 23.071882554687615 23.032221927055655 22.50216963515791 21.797873929006528 21.091973146659637 20.443462059718666 19.872775924478585 19.406404778901674 19.072302759765954 18.89808991389626 18.895612965461282 19.126328563316225 19.584329345825324 20.232941393633507 21.00825067427946 21.834697968533607 22.625487436382365 23.37459714665997 24.014657248150492 24.447527106621074 24.649658293074918 24.646153739219034 24.48108929730258 24.215807573116326 23.906834986630518 23.531129445335804 23.12703555026466 22.7420668123919 22.7252384974901 23.258511925714227 23.85389144925733
16.21885621795588 16.680246054168503 17.19476660335517 17.746447604029246 18.340492433742412 18.974412082802147 19.58096077695039 20.168091171789655 20.755271096979406 21.319494595559753 21.822578764896583 22.2028136057226 22.361368725176433 22.182269854364982 21.702082157596823 21.04292886780627 20.326695759991015 19.627535297352743 18.99926472296054 18.48455511170738 18.12112070218542 17.946185917637024 18.02441116655846 18.40036970215619 19.024316324735004 19.851001878898238 20.829168019673176 21.896157019816222 22.961476121362004 23.944813636925247 24.709302327037506 25.1224924274838 25.23229670794412 25.136101517260812 24.903811446108232 24.620798010788818 24.29339796928068 23.895066939944883 23.463912192974913 23.117244885428295 23.025355252222113 23.237898002533903 23.60269796434332
16.309307391636484 16.796071593339214 17.340570299606828 17.917961230739103 18.526530033373 19.14443255152107 19.69768158786593 20.190255937784897 20.64856818944878 21.061120957987924 21.39111774621128 21.58221266547575 21.556449548298914 21.256107248624804 20.744242188255527 20.077275709484933 19.334975741968684 18.58846177924035 17.897634582398737 17.317787934728685 16.90829206712621 16.740944852988584 16.918812895288408 17.4540678864525 18.27960904772712 19.32932653395127 20.54765542328457 21.881312027606175 23.266808796831597 24.593197083614747 25.472365494889072 25.72250175081296 25.687527593338764 25.484980583250582 25.205263187348432 24.895390740493255 24.550795809778197 24.164798110682444 23.766249124428033 23.417342157845752 23.229513740510626 23.25435943897647 23.431083718292577
16.295888699680063 16.790664391776755 17.34051142891765 17.915064418674174 18.508894464805262 19.08928587428352 19.59526647606471 20.023369106790632 20.378568223620352 20.67230675560157 20.865720393870753 20.906019432092844 20.734147776781874 20.324534340066236 19.741454709848792 19.035769715039738 18.25568035390681 17.451682969998743 16.676680707686735 15.994456304590152 15.502263693620247 15.363868683497305 15.664266720767115 16.394672484240687 17.450972745563657 18.734973892789213 20.184738827200725 21.752777502585094 23.395926693827555 25.06791933015906 26.021967495430946 26.052727749787813 25.923828190751376 25.674802459902235 25.378630417281613 25.057561039046323 24.69998943878772 24.31121429497269 23.9285164391202 23.5896800418145 23.32943030664576 23.241300136476617 23.292623514592268
16.2297286197275 16.72010830996874 17.251530817236354 17.795071953732954 18.342132633349586 18.856242441285147 19.31282981100633 19.7084443930099 20.016671324027897 20.226938253657885 20.315161794442478 20.237986572483045 19.9531444785651 19.440872508049612 18.788053747990986 18.04014269235023 17.22075310535952 16.360579021232965 15.496722306141072 14.690396528566401 14.093100616756992 13.919931066709545 14.363772069001493 15.334074269202397 16.636022812693373 18.140130841770798 19.782868449665653 21.506030174924966 23.213967118794017 24.738039515148927 25.6778769220851 25.94939670072539 25.884248276142685 25.673531312540486 25.394923367402257 25.083203972487173 24.730290620074932 24.34859447755649 23.971050918440557 23.621045119581616 23.333531597096282 23.18128832078842 23.15981295449921
16.179115519664467 16.656840047488604 17.156978522969524 17.649157897255627 18.131807604606426 18.582279339929144 18.98646614674549 19.337139719950912 19.599540066606796 19.754820759895377 19.774880040530217 19.612890958569114 19.24160923083595 18.64668425490279 17.944527244022545 17.16535247805537 16.319324247331636 15.421741725213922 14.504508886933209 13.63867014760974 12.88972900167412 12.520324610525599 13.181442171119851 14.446348954872434 15.96304422086823 17.639238581675787 19.409351329928498 21.191087654979295 22.87763850345021 24.302976637136386 25.216157210225187 25.608014960285274 25.636517917578196 25.490653472402254 25.25005245773314 24.96277602973506 24.62920650446737 24.264736759067766 23.89959453361527 23.549651450720862 23.259685722765674 23.070104490603924 23.016874940017797
16.177356345243307 16.635500945557254 17.089893397809533 17.531116144461894 17.95466956317605 18.337752037901808 18.68582553233177 18.99172818893971 19.209391322464576 19.303756532548217 19.253864461070854 19.037066820195697 18.60971634751194 17.971598647134307 17.241524266247943 16.45023015766362 15.601708363328942 14.726511321362148 13.86401651986654 13.036330166730076 12.25957362558628 11.627434900685476 12.578475303103598 13.990517844936672 15.56411907464782 17.29038165279863 19.098225517160035 20.892203104753655 22.557437733389722 23.93142216150747 24.82257794602863 25.219066790214534 25.289244865263015 25.181013913950924 24.966988479719184 24.703478300845035 24.396536544233776 24.057650829995662 23.71360786690715 23.38486850893858 23.121303941852222 22.931823442441868 22.853606304495724
16.239373506340524 16.67322623784826 17.094850595852527 17.49335974822698 17.8552618838473 18.167658799822572 18.449749894893497 18.699313695355695 18.86446503916631 18.897439952742594 18.78879525216906 18.50709575645912 18.03652764266794 17.398243834996073 16.67241234420836 15.909579691388695 15.124353110968366 14.344773751851351 13.600904411502182 12.923065213335908 12.3886429885016 12.242236410944098 12.849215063373354 14.017449519814335 15.468789714081685 17.11543365537102 18.87842845732371 20.654655250912402 22.303346018894462 23.62351059877687 24.466758784765265 24.831218239020508 24.884319135974785 24.77945595099855 24.57790654266651 24.331662851929753 24.05307868611198 23.74349824204019 23.42785405264544 23.144389493141027 22.92357179412788 22.76876589727913 22.700748209932463
16.39661316442269 16.80168155637612 17.192603686864743 17.548106569991834 17.85113343712026 18.08560987605389 18.277760439171427 18.44194893543256 18.53513828120482 18.50258967245802 18.34436711230094 18.01888358491336 17.523032575726283 16.89817022111091 16.22452314198269 15.540977254033251 14.86032483453576 14.213465779917813 13.618891515776935 13.123661976839227 12.820873751668719 12.860513029170592 13.372204311513947 14.323133790173431 15.591931597331898 17.086443221599186 18.740579033530118 20.45834951047545 22.07479084212253 23.350199286255936 24.113572092858085 24.412799060652883 24.437822890985082 24.310788067787907 24.10761918702495 23.870476598795605 23.617670790147624 23.338792579276447 23.07065515244675 22.847318300660476 22.68675269054434 22.593367101397476 22.57030230715315
16.700473239499612 17.075707745761626 17.416321211160806 17.698711134138073 17.912066360197755 18.052676919889993 18.137752401055526 18.198207959452244 18.21063688144448 18.125300218385956 17.943632368101518 17.618334866994935 17.142080826812776 16.55265658466967 15.915772157343655 15.308295527668713 14.742089533101737 14.231489495215428 13.795385966010826 13.472268993426182 13.326297442609434 13.45073616639021 13.914640853426482 14.719539193067027 15.809679555748469 17.122950637445573 18.632109816702386 20.242662210672528 21.782566466137983 23.061216044326795 23.703552550473635 23.910346382895632 23.93241761023806 23.806700493724485 23.592711864381226 23.35494164709757 23.118155105037946 22.87378165641247 22.661267781940616 22.496186428502835 22.399539034956405 22.37965498587576 22.435825831901436
