_RESULTS/CROSS_VALIDATION_POSTPROCESSED_80-20/Berg/IZ/5comp/3/Berg_IZ_z_250_kriged_reverse_5comp_spherical_3.asc
ncols 100
nrows 90
xllcorner 5.6208707817415728
yllcorner 50.959635321741573
cellsize 0.00013419651685393446
nodata_value 1.7014100000000001E+038
[rows 19 to 37 of 90, columns 0 to 42 of 100]
16.22297495214329 16.197718037642066 16.171369684751937 16.145357457956727 16.121054447022857 16.09973477634246 16.082521123038756 16.070328748578014 16.063812665978215 16.063325656910166 16.06889417014247 16.080216471851845 16.09668339289042 16.117417881027013 16.141326624800982 16.167156010625686 16.19354552492453 16.21907372604982 16.242294229502242 16.261761123915377 16.276044560679047 16.283737924464344 16.28468318221762 16.28468318221762 16.28468318221762 16.282749076225464 16.2754185551064 16.262938990401725 16.24564542104362 16.223876021221333 16.198495958120397 16.170456453904883 16.140157462742213 16.10859855778502 16.07574280309421 16.04147128679424 16.005735451166974 15.968644249748417 15.930621988958643 15.89268469589322 15.856867504304379 15.826670621459721 15.809403984328382
16.18023738680954 16.146548618589858 16.11217712067542 16.078716705918747 16.047730514405202 16.020696679177817 15.998940516804097 15.98355880798806 15.975345660827713 15.974731993299574 15.981750203756247 15.996031442618863 16.01683607701398 16.043110897057225 16.073561915861806 16.106730564892892 16.141063246718666 16.174968030552815 16.20685613301374 16.234624025454377 16.256104968593636 16.270674560340733 16.277594374129116 16.27755243369627 16.277595942420923 16.275822132040837 16.269267318764978 16.257772456297932 16.24095582148261 16.218390801003967 16.19209084103012 16.162949962555377 16.131031380574534 16.096488988287312 16.06006118462502 16.021633050340053 15.980935838128524 15.93776743753255 15.892131988436534 15.844554435891995 15.796761013896884 15.757139382239451 15.740671479857765
16.128593780830403 16.08596630543858 16.042973464548883 16.001400506726565 15.963039242047902 15.92962322385687 15.902740492301543 15.883730111283773 15.87357598992205 15.872817173245835 15.881494336182925 15.89914561860826 15.924852864488079 15.957326788968263 15.995011906660245 16.036191518773098 16.07867205897341 16.117836945892652 16.152630429872623 16.182746275861838 16.20776997900712 16.22715550484051 16.240196770729963 16.245998378257333 16.24648419078766 16.2455901178689 16.241324775593142 16.233463740970446 16.22153632301676 16.2051205683595 16.184252978134023 16.15775015192259 16.125185697188556 16.089304430479626 16.050251879727284 16.008319588596393 15.963358922361095 15.914786735149878 15.862001834524131 15.80458136099589 15.74729332806191 15.702580922353324 15.683273781777707
16.069490809471283 16.017366820039996 15.96506801136971 15.91459525960644 15.868013027436426 15.827375343057671 15.794614945000951 15.771400844025605 15.758982867819892 15.758054320322785 15.768667764730449 15.790228400321975 15.821567047309305 15.861071262614686 15.906561419530933 15.951461577934689 15.993570799719766 16.032687992782535 16.068568503776703 16.10091685529286 16.12935982346769 16.15340794013051 16.17241263781469 16.1855251053892 16.191586950541268 16.192022186673874 16.190621827467925 16.187079906503516 16.1808149452246 16.171538836714 16.158939667803022 16.141632148211066 16.117971784005846 16.086051134691743 16.046238747978 16.00246561491816 15.954429424456931 15.9017687603285 15.843376886135902 15.780757144810295 15.723600258879452 15.674941857752431 15.640949715040604
16.00450978200642 15.942294056144013 15.8799194037088 15.81962064774515 15.763781467877564 15.71485697390494 15.675237067390865 15.64705005565872 15.631929891154881 15.630798054395523 15.643724851049567 15.669918355986317 15.707845062736428 15.752816977816783 15.797019257277581 15.839835910155124 15.880955481601115 15.920089500443128 15.956982776196154 15.99138802725523 16.02301743979051 16.051482142601518 16.076228996635702 16.0964826909493 16.11112212108342 16.116007481751183 16.11814459781823 16.119736567790444 16.12006571773374 16.118886733577376 16.115452247591687 16.108245918835408 16.095511806735942 16.07525073344745 16.045177719472665 16.003214295282792 15.954487750573055 15.900127353453344 15.839816238821742 15.783321093008215 15.734614240946284 15.695376232702529 15.667266958877878
15.93540387321262 15.862490662392165 15.78919785530401 15.717997562058542 15.651634204390804 15.593058956565025 15.545272411769403 15.511056969630088 15.492621153340231 15.491238708811267 15.507007661899097 15.538830764928708 15.579153544356213 15.620340448880205 15.661812878119235 15.702959774694387 15.743267154529617 15.782371967577353 15.820050449533543 15.856163362832964 15.89057592565595 15.92306606462843 15.953232432198938 15.980412643898593 16.00358504525365 16.01784846302921 16.024541489031517 16.03225161307329 16.04031265639927 16.048290436185844 16.055081295968446 16.059031160552163 16.058268274556678 16.05071090200255 16.034036385892016 16.005590394099997 15.962292002958206 15.9087441194055 15.85590143042789 15.812108249894038 15.779944809199295 15.763744241635475 15.767445804136452
15.864136252547825 15.779957471083828 15.694866855194167 15.61154668185727 15.533121607024276 15.463138198343716 15.40541184204045 15.363676723604321 15.341035047498208 15.339332624310838 15.35871323893548 15.390448458194408 15.425850554765393 15.463899864471362 15.503400137007816 15.543305159003296 15.582876792322024 15.621713041421758 15.659694450921565 15.69688441231821 15.733404906488898 15.76930149676443 15.804410040482564 15.838239307151087 15.869884245752264 15.894978030246188 15.910004731640925 15.925065814652994 15.942230567676177 15.960662614096005 15.978950010807235 15.995281593494202 16.00766211552156 16.01393397644634 16.01176027407136 15.998554106023114 15.971318588331778 15.928694938040767 15.88851129257092 15.860598157643354 15.847919203504365 15.85457822485207 15.877754313549769
15.79291338233536 15.697018380782746 15.599287141672116 15.502531197846373 15.41020938978837 15.326237916189832 15.25560517611057 15.20372487291752 15.175331695928735 15.17333163299547 15.191173060155464 15.217204479561763 15.249559884860373 15.28585911507385 15.324310253183352 15.363361969388285 15.40205677015853 15.440031239833315 15.477390787117828 15.514548379179438 15.552043931351323 15.590350734837703 15.629679649485794 15.669802579402555 15.709924049658685 15.746507245744427 15.773986949665991 15.798056678997938 15.826100635210272 15.856661633276486 15.888017291955242 15.918178448061365 15.945018800533608 15.96631082648982 15.979721400087566 15.982758621230689 15.97264864187754 15.954213785528045 15.933193218207384 15.921413217373734 15.926716354781629 15.951358365679683 15.987796640716423
15.72420206178195 15.616339083525022 15.504217972001417 15.39058177816329 15.279606267337066 15.176617816414712 15.088249270309737 15.022103090395717 14.985474854280131 14.978804461844913 14.988522171448151 15.012052566688528 15.045623973800067 15.084790367343711 15.125692209670822 15.165529782648862 15.202905885648352 15.238764660600237 15.273777104487591 15.308927854298835 15.34543194922559 15.38446437665691 15.426859807040394 15.472931822217967 15.522139153416934 15.571516165664637 15.61432862902256 15.651018090898006 15.692260760634586 15.736983873455939 15.783193523378635 15.828822312531424 15.871632436423248 15.909212692667504 15.93925475108852 15.959383041893183 15.968411433909385 15.975341684492998 15.981270432033707 15.98674622074659 16.0065622194534 16.044412605324187 16.090349447361298
15.658871705522357 15.535540426072137 15.405734404322354 15.272509882861954 15.139964825766567 15.013864211420437 14.902361273210275 14.816241590542825 14.766156637012578 14.743900765197578 14.747145733019066 14.772035243156942 14.810877928350493 14.856106362502363 14.902129322213861 14.945483522166475 14.98438297631436 15.018245434071803 15.047961329551127 15.077473791570888 15.109801799876706 15.148258060871687 15.19426277890544 15.24805346400811 15.308531559201402 15.372968002295028 15.433867786347284 15.48771285435845 15.544938437343545 15.606107545091227 15.668843592414634 15.730948026998046 15.79021764053412 15.844513117219943 15.891505089486573 15.928603123024116 15.957882264869633 15.98849317442843 16.01912404802294 16.047849222739092 16.07913354645262 16.126189322678297 16.178599400148364
15.593563941254192 15.454533484940653 15.306900722803682 15.153087725550659 14.99652376222071 14.842633666381207 14.700527590634513 14.585044603338101 14.505066162191598 14.462726060187721 14.46345571840142 14.49691534111 14.547394172613902 14.602573176800778 14.655111274557791 14.70130691948676 14.739721636996004 14.770357427525788 14.795115405905825 14.818424855580387 14.845945209015667 14.88337745143701 14.933158298827099 14.995901743130705 15.07007265932292 15.152230755240648 15.234782455206592 15.310380783900202 15.387005176468652 15.467513814152326 15.54903050866597 15.629324175446973 15.705874458131861 15.776021663346146 15.838023312110927 15.890245409818856 15.939993105201467 15.992857705996657 16.04567150434056 16.095899739578027 16.141518583214744 16.194548769690353 16.254447264106233
15.531153875073125 15.377485653996025 15.2128300463592 15.038603595662337 14.856806303616471 14.671089708781244 14.489349976335497 14.326638289183402 14.192744614603669 14.124211900496167 14.132910991467321 14.188962832283188 14.260244282939743 14.32916459128176 14.388096832190595 14.434179346836377 14.466949956231753 14.491319847426057 14.51170907607654 14.53177155763311 14.555650516913335 14.589726172259523 14.642764512725234 14.716125090350857 14.8074140079302 14.91124853399732 15.019655882333616 15.12176653923876 15.221620013608202 15.324615605973623 15.42712750562445 15.526113805518992 15.619417526503051 15.70541724983163 15.782563219826207 15.849887427034531 15.91782312967543 15.989283865917775 16.061346089158462 16.12972634191975 16.191384925284687 16.249611308373446 16.32281020907767
15.474527593508355 15.30816338931926 15.128671400181743 14.936276757377506 14.730953483869506 14.513020575271723 14.285295009774735 14.047090373913488 13.818135802758283 13.710779871852502 13.75937651521561 13.862107639187698 13.96276779956196 14.04559365742212 14.106701536373127 14.146440802671531 14.172717119608539 14.189935622272046 14.202430094743484 14.215619496618858 14.23583429880817 14.269551017079321 14.324457412314482 14.409822613250405 14.52238491871751 14.653405884485448 14.792130684004952 14.925491229466784 15.052785050771043 15.181153568442094 15.304998819450532 15.422830814728638 15.533372035238616 15.635307061859246 15.727354522267738 15.80969703649534 15.894048198542857 15.981115614780927 16.06774579785871 16.15061233167021 16.22555461963322 16.296261831952343 16.383147133301105
15.423885769534726 15.247450368402795 15.056535865427348 14.850553422261308 14.627988464829333 14.386118049655986 14.120133489077032 13.796940460509735 13.399261670897241 13.220448639758988 13.397401162151745 13.559097527636752 13.682223891161026 13.768613737274038 13.82227728033395 13.855243042260101 13.872640520827636 13.878786644171088 13.878974468570693 13.880120102623286 13.891099202109514 13.92210233306201 13.982236871260605 14.07954657913016 14.217688176546057 14.382598252972379 14.557134566822317 14.726367212471517 14.88492661833371 15.039300962195224 15.185458057111708 15.322767864703323 15.450580467909969 15.568061872853692 15.674319063178574 15.770695723753578 15.869223693503212 15.969343204851036 16.06769773761078 16.160886419787083 16.246475373545326 16.33504435918503 16.43449079396636
15.380884172706619 15.197447929265895 14.999223209639181 14.785527578998146 14.554762245668224 14.304227754199959 14.025134395861244 13.67831560446884 13.261543848419027 13.059214275129637 13.201401294116089 13.347163452653483 13.454454358054708 13.521957748550692 13.563563785314194 13.585056147143334 13.589753106681687 13.581226954105718 13.564273287962529 13.546224956870967 13.53829591338479 13.55590245542711 13.615801565468477 13.728348412639155 13.895822060517174 14.10296718758644 14.321223893970034 14.529743570512874 14.721186995746047 14.903017146273765 15.072446674507834 15.229284958478761 15.373830650620937 15.5059342005396 15.62522066636714 15.733888591400294 15.844027485690681 15.954539544190407 16.062006810730836 16.163045370613048 16.259337887501886 16.363586511967107 16.475534739361624
15.34675763278257 15.159497970599862 14.958261228679834 14.743078767820503 14.51383862224877 14.271103183103836 14.007032320181304 13.701595120030541 13.39733222962382 13.21578040472444 13.202741375110078 13.254678552815927 13.303153661469205 13.338332659176746 13.359513543578098 13.365235722993853 13.355268226146697 13.33018981724979 13.292202197540048 13.2469115406389 13.206113561846855 13.190860434282827 13.23101542222847 13.35319475373645 13.55752401807703 13.81865648556875 14.091213821504844 14.341490453710962 14.56731205176671 14.777592527829164 14.970384128318415 15.146031243346084 15.306068717452941 15.451256193353064 15.581865693220198 15.700500024568132 15.819420665733814 15.937585840159969 16.051612058036703 16.15818742300824 16.265507752807405 16.381839434579998 16.504727607265984
15.321819893461614 15.133579254596729 14.933017182466331 14.721377333033429 14.500783816720917 14.27585138565535 14.038568222959787 13.781167993092872 13.538916858487978 13.36437256204489 13.27848336408082 13.247337856580518 13.236643921256237 13.23528481890088 13.23341368380691 13.22362474778872 13.200659907341523 13.160583361102274 13.101173520336523 13.023540145226686 12.935822210789757 12.860421989802187 12.843412454258694 12.94830519843706 13.199638802659402 13.535805568679491 13.875501933026666 14.172112568526243 14.432394449035666 14.670071950474883 14.884537478169621 15.077139542603476 15.250507892219927 15.406513436993144 15.546167975368895 15.67202364239622 15.796625314438192 15.919576673986032 16.037585852033935 16.148254531251887 16.264860483877936 16.3904194340731 16.521529985649394
15.305626689974577 15.118599684282557 14.921268036749458 14.716140995502796 14.507389050170735 14.302497122687488 14.090831706895285 13.868971854599785 13.660124555126469 13.490046490772652 13.36907962879833 13.287030004662977 13.241070424424928 13.215449125174114 13.196862071726661 13.177208535859423 13.14681582773361 13.097357564224632 13.021884223678839 12.915383148426038 12.777187951445699 12.619066567876247 12.488759292703909 12.51104636837784 12.814030123650339 13.270945278120902 13.693350595446802 14.037700659829449 14.329014091282884 14.586449435118217 14.81664981291141 15.021889639864963 15.205084598763191 15.369213129924173 15.515948629497576 15.647284091940689 15.775521995686764 15.901282542655048 16.02097404021208 16.134521173478042 16.257227289835043 16.389035349780414 16.526308027910197
15.297257906132952 15.112892197384294 14.920117897007138 14.722442580464005 14.525449011490702 14.337891517586392 14.146843140974056 13.949259295471606 13.760633807718328 13.595224310986914 13.458013918545916 13.358397277276177 13.29943346826903 13.267636839770306 13.247384721800595 13.22646144163777 13.196031096360668 13.145148468477194 13.06399275416435 12.94314297209159 12.77298287176381 12.545108440752854 12.266059168556119 12.057315064939003 12.417491784976955 13.075513482409962 13.57820553562725 13.954836961755001 14.26441976375146 14.531570235696762 14.767459157119672 14.978670515851677 15.1672668438562 15.3357671384547 15.486391372877534 15.620612809324003 15.749753204168046 15.876813521405403 15.998276017271948 16.1153971605605 16.24352546665247 16.382976494743485 16.52997884782616
