_RESULTS/CROSS_VALIDATION_POSTPROCESSED_80-20/Berg/IZ/5comp/3/Berg_IZ_z_1000_kriged_reverse_5comp_spherical_3.asc
ncols 100
nrows 90
xllcorner 5.6208707817415728
yllcorner 50.959635321741573
cellsize 0.00013419651685393446
nodata_value 1.7014100000000001E+038
[rows 72 to 89 of 90, columns 0 to 40 of 100]
0.026407928936662165 0.03173113673833075 0.038603415487253115 0.047394246045828384 0.05849141062621353 0.0722167785914333 0.08865244587325175 0.10733217533870176 0.12679813406639973 0.14421813372704384 0.15565556962121638 0.1588901825767494 0.1547894557208704 0.14488930187555232 0.1319234122912603 0.11831633693829827 0.1055767524842993 0.09440545281945617 0.08499499801247343 0.07727567538971418 0.07113399050519444 0.06633734994396293 0.06260549432190586 0.059677286775759265 0.05730665573236089 0.05526461976011419 0.05335604549470795 0.051453133709502316 0.049572087258816434 0.0485581190949294 0.04780400947403009 0.04692261380562849 0.04603343833165857 0.04526959470324408 0.044754663377499594 0.04455650554811251 0.044668083222194566 0.045044040077506266 0.04563892214716142 0.04637907029778305 0.04716260878747128
0.028190414990455874 0.03429923780874936 0.0423205713852782 0.05280144083281742 0.06638784286918072 0.08376132980430975 0.10545864588678058 0.13145615498665178 0.16035403583268107 0.18815839645197757 0.20776586255538232 0.21445558613358995 0.20711370487212863 0.18983896635198808 0.1687576252371078 0.14813137838177037 0.12993431538105962 0.1147310439726161 0.10258278526848524 0.0931657467643889 0.08597888292410315 0.08057532349872905 0.07655973116562648 0.07356633175577305 0.07123350292236758 0.06919065514093473 0.0670792618702141 0.06462621045517457 0.0621543885873649 0.060794805775065006 0.05976926575014742 0.05839093314438707 0.05696964995808835 0.055761338927531066 0.05494433962668252 0.054628994847308245 0.05487532423408473 0.05561428541041013 0.05670774702827895 0.058045492226053964 0.059464866844849126
0.029669124205718475 0.03645901945178269 0.04550136143478318 0.05753072852400253 0.0734892020219445 0.09452309589040353 0.12187956121294818 0.1565341787989725 0.19814200847513794 0.24250022789243852 0.27809910827962436 0.2909286077970407 0.2751716933081481 0.2435685358757136 0.20966482899803443 0.17956430766803874 0.15489291613644735 0.1357289467180101 0.12115350237897687 0.11024780247139845 0.1022543457242372 0.09656466464567387 0.09267261589726548 0.09011412868892467 0.08840021836519088 0.0869578690521832 0.08512596852790778 0.08230539907280639 0.0794697565223236 0.07743742306530378 0.0757091946960669 0.07335153947706041 0.07094428201731504 0.06891649889107233 0.06752409315586241 0.06690353084567609 0.06711899157516524 0.06818914947192334 0.07005757028558049 0.07240174283807198 0.07494829983836405
0.030710082045002918 0.03799553976154338 0.04779500783753695 0.0610007723698395 0.07881984490554639 0.10285377230383841 0.13515026309434824 0.17811500720143744 0.23389556745204654 0.3017257462700984 0.3693478933429184 0.3947456405593433 0.35554600496592054 0.29843002885786984 0.24775994151540648 0.20774491335160375 0.17764684433250927 0.15528835500596203 0.13885736375025468 0.12699528122171583 0.11871099023937548 0.11327677213054338 0.11012926927159393 0.10876716952586588 0.10862600562959557 0.10891576759107108 0.10847226495946351 0.10616569000362294 0.10311197713698769 0.09974660708988153 0.09630234113943886 0.0920092518686591 0.08788055437646586 0.08453909729708736 0.08227865587404118 0.08122201166766017 0.08141417322676472 0.08286364248175307 0.08554764992634972 0.08937330667582684 0.09380409366206906
0.031209388488587942 0.03873730234301153 0.04891151203323177 0.0627083576080101 0.08148150253118432 0.10709891092478972 0.14211928071343022 0.1900050052404677 0.25533274334746 0.34375720617903427 0.462973868961302 0.5245905158104883 0.42080343747022225 0.33518076698289534 0.2722619244140383 0.22688647454679806 0.19404562507189396 0.17028805060666605 0.15326805055045065 0.14139194064922864 0.1335773250801696 0.12908799687066339 0.1274101789774233 0.12813504551675814 0.13079669268597868 0.1345746014557888 0.13774465176769335 0.13814559413251226 0.13511655796471464 0.12880267541248222 0.12163414072542604 0.11388636096982696 0.10709069761624229 0.10189619668584192 0.09848903106565762 0.09689505597453557 0.09710511953844356 0.09911700006266604 0.10293204547838766 0.1085130769873217 0.11567774479060579
0.031114361878596754 0.03859589394432946 0.048698197418292545 0.062381172764610325 0.08096951372741186 0.10627777531440685 0.14075981602831047 0.18765249683044474 0.2509735149367763 0.33462666290116094 0.4390543236612103 0.48625654830465154 0.4099069364845669 0.3327045062800812 0.27433352872433703 0.2315452746583364 0.2004073809707856 0.17794688448616267 0.16207507106957836 0.15136456903912038 0.14486618923701444 0.1419785893476627 0.14235556022020326 0.14582703506167916 0.15228751457066111 0.16141880702173816 0.17178043313209304 0.18011862452747268 0.1777854663543782 0.16417947716417491 0.14986620168409123 0.13697505603706206 0.12678022954556373 0.11942774334642318 0.11476510823663626 0.11263302292947847 0.11294593985793179 0.1157074282259594 0.12099504305768335 0.1289094091312653 0.13945260359097225
0.030435171351301957 0.03758845421075989 0.04718482291531206 0.06007267697489497 0.07738393330898782 0.10058760709368234 0.13148860411727942 0.1720287710283655 0.2234430224021359 0.2833205244113425 0.34089007755437617 0.36462778542797625 0.3388894189882322 0.29504675433166455 0.25396789667966363 0.22080304369924664 0.19550954633087905 0.176916098245223 0.16384627426129744 0.15538206162919957 0.15089349813402494 0.15001465897520216 0.15261874715787999 0.15880697655972603 0.1689113541104306 0.18348816640720728 0.20315297742201868 0.23001929581855282 0.2308231750440936 0.19902664427639155 0.17529121791981572 0.15725599471301796 0.1440234566653025 0.13483544018284757 0.12914772088527407 0.12663247064586217 0.1271581434652598 0.13077407851651993 0.13769771825499713 0.14828692958836426 0.1629494065214628
0.029242545477513943 0.03583321616015541 0.04457454147995087 0.05614283727583032 0.07138588578488614 0.0912966177550209 0.11687476924074706 0.1487153121587519 0.18598634430436017 0.22431470309846935 0.2562364774564635 0.27082481124467606 0.2639224631240519 0.24374387775113024 0.22016489571283568 0.1986308645088625 0.18106200661688 0.16776851670861165 0.158509523547178 0.15294488242498896 0.15080900166111222 0.15197430138947252 0.1564768917538024 0.16453437413921032 0.17656405232455508 0.19317834306975332 0.2150599550174422 0.24469999691614538 0.24692062921997976 0.21461097684422867 0.18938457253913948 0.16995042716049205 0.15563004092254837 0.14567664406607805 0.13954874502405187 0.1369347525310153 0.13774788489416498 0.14213001218024057 0.15047129843320717 0.16344255361011828 0.1820187727287797
0.02765244797985299 0.033520111523590294 0.04118541716996211 0.05113663266247662 0.0639317116374509 0.08012421688802118 0.10007785696852266 0.12357604574803628 0.1491288526165956 0.17308884824339166 0.1915504559551764 0.20153180403992577 0.20168905892023795 0.19405515482067381 0.1826655494099748 0.1708589419617093 0.16054576699427117 0.15258636820274893 0.14728342003207578 0.14470634949647923 0.14486464558341575 0.14778959273225387 0.1535629803093698 0.16230248992841206 0.17407060626923862 0.188558286875612 0.20413577718254244 0.21844548681937045 0.21954592674027595 0.20610469017646993 0.18882853528917104 0.17263352927108355 0.15965952223213223 0.15026965877100268 0.14440132764775956 0.14197504244132303 0.14303887634049758 0.1478427069042482 0.1569059757650427 0.17110800862040976 0.19182214369818895
0.02580339894987894 0.030868864365299477 0.03737101068346371 0.04562950763692582 0.05596424597179595 0.06861132089371329 0.08356143970296676 0.10029324403232247 0.11742616438078621 0.13248345546264106 0.14350995084098583 0.1507516582559074 0.15333764315749338 0.15173264390665686 0.14750314765213673 0.14235870643940104 0.13760050880688648 0.13404521306356715 0.13215417406021449 0.132180582464373 0.1342717034229199 0.13851915334631393 0.1449590436604614 0.15351024486353135 0.16380595559620711 0.17481208060321957 0.1842144013568837 0.19122880430858394 0.19266755001838498 0.18799004605426553 0.17809102767838056 0.16658066895405144 0.15625469386207208 0.14829896885516214 0.14316863464669086 0.14107152370341883 0.1422058135598764 0.14689016254861462 0.1556583135681517 0.16935512877393125 0.1892532554720436
0.023833802781414372 0.028089694105666693 0.03345196457470667 0.040108914802111206 0.04821333553763355 0.05781144770031089 0.06872992477695279 0.08042609558532424 0.09184946986693183 0.1014375079516915 0.10832672684197761 0.11358164788674466 0.1167036927635004 0.1177364523218756 0.1172687466339519 0.11611100589620374 0.11502221178011068 0.11459136014270177 0.11523294231054002 0.11722552238660242 0.12074693940520549 0.12588343994539097 0.1325991877766559 0.14065099923277616 0.14942942727755676 0.15772438546283193 0.16358073469611345 0.16752800680805693 0.1693807998285491 0.1683105582128043 0.16267332024831757 0.15485837659341575 0.1470965377594494 0.14071661911281172 0.1364217684369617 0.13459910122233062 0.13553290402332552 0.13953717977752855 0.1470397626510555 0.1586335765815226 0.17507713439946432
0.021864935030173654 0.025356794372331872 0.029676299230552403 0.034920022360251234 0.041137723360017496 0.04828129251188034 0.05613605248016862 0.06424784991943276 0.07188257489749489 0.0780876219906979 0.0826027137773594 0.08636756628746432 0.08926683814882241 0.0912486864626008 0.09252772754365733 0.09347759978044524 0.09451277338584292 0.09601111278463935 0.09828219849684809 0.10156130253961682 0.10600595036428848 0.11167670851916765 0.1184880939489654 0.12612075751934526 0.13390245861557992 0.1407111127143767 0.14504180975716346 0.14768703500662494 0.14979435311688852 0.14965913290701607 0.14593240024034693 0.14029128857230924 0.13432405266189262 0.12916354830904647 0.1255100332771572 0.12378274749851595 0.12426422452867684 0.12720029078885675 0.1328537790623411 0.1415066021185735 0.15337584446770877
0.019991875916969628 0.022797123841434803 0.026208859780464108 0.030265290608111072 0.03496015148862085 0.04020972765188209 0.045815104382043614 0.05143136446924014 0.05656533999218545 0.060694945087920546 0.06378065441338798 0.06642344386577488 0.06883819283385179 0.07096759697327604 0.07288837745245225 0.07477573266163236 0.07685501470097639 0.0793607755778716 0.08251015441201037 0.0864857905514834 0.09141770405868715 0.0973519907458095 0.10419501083877333 0.11162809152978899 0.11901007660433714 0.1253363466369423 0.12938516908413447 0.13152408819609998 0.13346131029507086 0.13280129004051322 0.1295289706318348 0.12482012786379441 0.11981422463914852 0.11537655275412628 0.11207626972815504 0.11026277853312637 0.11015426898824203 0.11190138900995443 0.11561375649851238 0.12133895469117227 0.12897126305520143
0.018281698849123822 0.020491437508262596 0.02314050540038724 0.026233076432763045 0.02973686899653528 0.033563396946302 0.03754894010621778 0.04144409236483092 0.04492311017661053 0.04775176488594704 0.04998034130286917 0.05178832058199184 0.05367434242678836 0.0556030331472807 0.05760271745147414 0.05976194927646086 0.06221018558354123 0.065098110783392 0.06858098209884848 0.07280355205231348 0.07788113845161744 0.08386849081127933 0.09070628604358144 0.0981371784025955 0.10559973536436508 0.1121614285138495 0.11664644334254709 0.11876575060623268 0.1196429073602289 0.11785871058893288 0.11418432228247286 0.1095962027822386 0.10493905477297612 0.10082633837081563 0.09765427865067969 0.09565777938511544 0.09496650982592093 0.09564222042560755 0.09768949199950422 0.10103428762854938 0.10546350419304037
0.016776668814353513 0.01848244541718228 0.020506201375768886 0.022834062994117926 0.02542481851489023 0.02819874477408803 0.031028851756173467 0.03373917984235118 0.036115520068534364 0.03810077836071351 0.03975872568544952 0.041037232707106096 0.042438618786495144 0.044043492636459736 0.045863704442133585 0.04795026138376767 0.050385605548164666 0.053274864402330084 0.056737162619968334 0.06089617474556695 0.06586677203013737 0.0717318739589159 0.0784998931331834 0.08602807441231336 0.09389436321944199 0.10122879605146087 0.10667875236156932 0.10894169539364758 0.10796091919398822 0.10465125855919506 0.10010745999679213 0.09521823606130826 0.09058565431121389 0.08658790893706993 0.08344613914538494 0.08127587237589376 0.08012279316419346 0.07998255260473985 0.08080387966010796 0.08247440381324073 0.084790518005292
0.015500013684702376 0.01678556821869425 0.018304222742642217 0.020033654472716905 0.02193234547266072 0.02393352256598491 0.025941604045156663 0.027833675494290666 0.02946855373971077 0.030886803711740237 0.03213873127140295 0.03313907195022685 0.034127877610625974 0.035391808135458926 0.0369363157479054 0.03879502545530468 0.04102660364511413 0.04371133984464427 0.046947693498793006 0.05084832595377034 0.05553401556253913 0.061122085658046464 0.06770250654477201 0.075286211518414 0.08368605690929515 0.09223314335110408 0.09926150986380144 0.10117206632893265 0.09791918665335494 0.092774461081575 0.08721532646132991 0.08194111865355005 0.07727116208845941 0.07335664406751177 0.0702631451912878 0.0680057549559693 0.06656609169923063 0.06589930011059877 0.06593295220110162 0.06655893121598049 0.06762111149717699
0.01446241610016971 0.01539938470250232 0.016512484543464323 0.01777617485377919 0.019152256512316983 0.020586655266809185 0.022008279041495417 0.023331235686491477 0.02446315385742957 0.025484830945013394 0.02644012073964777 0.027275575039434785 0.028000384726585836 0.028950803461031842 0.03020412087906437 0.031784153820515436 0.033735863991034815 0.03612437193152527 0.03903448329273547 0.042570576452942745 0.0468564050475383 0.05203385285250407 0.05825851477073584 0.06568612338766873 0.074427069352857 0.08435410570664269 0.09344249778001283 0.09478485666695975 0.08860095652669507 0.08160987436789882 0.07529604045306848 0.0698501845855138 0.06527334807596642 0.06152831830917139 0.05856792513869354 0.05634010008056139 0.05478797874567072 0.053848075257639086 0.05344672607798548 0.05349521781077975 0.053885359455466936
0.013668171569846633 0.014314442119496852 0.015100822602711709 0.016001014515037403 0.016981049873772795 0.017997536683290984 0.018997484431714964 0.01992031715642119 0.0207047136281348 0.02144109706594581 0.02217456102539677 0.022870867479524055 0.023507286635293265 0.02419304952830749 0.025175576349031756 0.02647903076378019 0.028138641222591715 0.030208285244647252 0.03276130684851117 0.035892254095575754 0.039719596614242736 0.044389590586908265 0.05008169771451071 0.05701643444369236 0.06546730199388869 0.07548311928303787 0.08612725220091338 0.08678356239903719 0.07825019560051547 0.07055372063446537 0.06422089322890485 0.059006883531249034 0.054738417880525664 0.05128804566364699 0.0485569099350309 0.04646362705689994 0.044937022671640424 0.04391097767769164 0.04332036319664059 0.043097889684322745 0.04317261345964648
