_RESULTS/CROSS_VALIDATION_POSTPROCESSED_CLR/MHZ/TZ/2comp/3/MHZ_TZ_z_710_kriged_reverse_2comp_spherical_3.asc
ncols 100
nrows 81
xllcorner 5.5967107548124995
yllcorner 50.982328804812504
cellsize 0.00017565037499993607
nodata_value 1.7014100000000001E+038
[rows 0 to 18 of 81, columns 0 to 41 of 100]
-2.8818658922221467 -2.8779943049142753 -2.8749732083622033 -2.8732001579178066 -2.8724362238189034 -2.87176703642661 -2.87109688485637 -2.870184996043274 -2.868624004434703 -2.8658589636578786 -2.8612097878213065 -2.8538949665456865 -2.8443739158272305 -2.834094997075877 -2.823055202661086 -2.811372486266628 -2.7991943417880707 -2.786657556319794 -2.77388657402011 -2.760992173886703 -2.7480706037904414 -2.751980387691343 -2.76511462402694 -2.7781317916049035 -2.790895594793102 -2.801778492950679 -2.804859239999528 -2.800225354014719 -2.7886039121204718 -2.7707587756433867 -2.7475180583688354 -2.7197915279999627 -2.688591702152754 -2.654970533833545 -2.6197789934419062 -2.584781731925749 -2.551942493216065 -2.5232143245762253 -2.500604614455358 -2.486755330184786 -2.482784757119131 -2.4887890726327644
-2.8581440092739894 -2.8511912562946957 -2.84599926603815 -2.8430235759354776 -2.8420938567547442 -2.842279408997138 -2.843452349049191 -2.8453239448761574 -2.8474176233276856 -2.84909420505833 -2.849581131318554 -2.8479734935040173 -2.843133269947394 -2.8341269459309886 -2.8228463959061325 -2.811032685102492 -2.798873783479612 -2.7865829822851187 -2.774464518578645 -2.763190332245617 -2.755247025644718 -2.757166036247598 -2.7670233797759374 -2.77901785069253 -2.791467965835701 -2.799336483637258 -2.798684931931694 -2.7900252501670315 -2.7739716333122586 -2.7514303767207458 -2.7232128231572075 -2.6890438006223945 -2.649713272739135 -2.6070610993899708 -2.563037802123538 -2.5197309279729283 -2.479379091534813 -2.44434084756895 -2.4171816889233004 -2.4011280071497145 -2.3977452328524755 -2.4072792621303436
-2.8222485518674896 -2.8119832078701923 -2.804446963864244 -2.800168825734727 -2.79911807030258 -2.800321223539472 -2.8035851275486428 -2.8085613060425096 -2.8146878461920886 -2.8212236156662955 -2.827085208242145 -2.8311613426868307 -2.832502216620865 -2.8301225169127724 -2.8230278137147513 -2.8116926661777297 -2.8000260380612767 -2.788640611022207 -2.778094708739429 -2.7694409832687623 -2.764669073824777 -2.7659485291399384 -2.772767439033347 -2.7827005808621865 -2.79337644535072 -2.7973691299217687 -2.7929991475270617 -2.7806291389476696 -2.7607265234955674 -2.7324691005881174 -2.6954558389421437 -2.651587415152226 -2.602635190921478 -2.5504714787652754 -2.497109601798522 -2.4447626316058235 -2.3959147195972617 -2.3533695734277535 -2.3204758216334302 -2.3013451965908835 -2.298311572383675 -2.3119202818785087
-2.7751778995066307 -2.7613190929542286 -2.7512257506235214 -2.745521708082229 -2.744365155998113 -2.7467614499249993 -2.752393629112436 -2.76083619448727 -2.771399233338395 -2.7828689807823133 -2.7941842528428613 -2.80434220411727 -2.8122904796622876 -2.816964219936315 -2.8173172066203103 -2.81235119761775 -2.8021825312459088 -2.7919442497297284 -2.783023878342695 -2.7763589580405514 -2.773142546571319 -2.77426385928082 -2.7795115864062563 -2.7877563547227444 -2.795773721235193 -2.7961162843881318 -2.7882587947197655 -2.772170715769244 -2.74525109915279 -2.7078989592509384 -2.6616170260478045 -2.608117296931387 -2.5495133064231097 -2.4876931138970693 -2.424666114727726 -2.3626761351421255 -2.3043452959974435 -2.252868647064026 -2.212601489916385 -2.1889815016401926 -2.1858353389361724 -2.2043648179148656
-2.7179673883435345 -2.700170358696582 -2.687254883236483 -2.6799697733006766 -2.6786758198396003 -2.682457068154004 -2.6907730215090355 -2.703062311245018 -2.718083132534472 -2.734757069869711 -2.752016606725247 -2.768714840587974 -2.783679475715433 -2.7957550332497165 -2.803835364302116 -2.8068907132059753 -2.803994712799349 -2.795657410177933 -2.7880772110253775 -2.7827744351921604 -2.7804664881396506 -2.781585364249835 -2.786007620459521 -2.7931131842324355 -2.7984199014837654 -2.7956600915695473 -2.7840760858297617 -2.7601068090499745 -2.724347394417162 -2.67819366164465 -2.6231277064105076 -2.5607076476404256 -2.492701207375039 -2.421362661410937 -2.348671290811746 -2.2767712353845138 -2.208207687083021 -2.1463008673684207 -2.0964409232507313 -2.06591064641019 -2.0616815044145245 -2.0866043367170697
-2.6517045657439997 -2.6295409304704362 -2.6134679843276594 -2.6044031563736043 -2.602876778490404 -2.6082577276523295 -2.6196081308817516 -2.6357878917943345 -2.655661637926329 -2.6780989064319662 -2.7018317388293003 -2.7255376324219274 -2.7479033539305298 -2.7676697073576024 -2.7836609370663914 -2.7948035982853794 -2.8001387770953095 -2.7988279318873874 -2.7926406867136575 -2.788285554956051 -2.7865874641769013 -2.7877815044944656 -2.791772719269215 -2.7981573721376947 -2.801180655339127 -2.7952677724968593 -2.7760055907152434 -2.7436827945136475 -2.6995858964139434 -2.645103915019345 -2.5817150293334485 -2.510973129356648 -2.434495004096682 -2.3541643913972363 -2.272297768456945 -2.1908544791862035 -2.1120285944809436 -2.0387485445888816 -1.9766581539244175 -1.9348946772340656 -1.9272342915696377 -1.9632293263775542
-2.577552336450978 -2.5504828587819808 -2.5308203784569394 -2.5197159401049616 -2.5178459350656395 -2.5250125629003826 -2.539487347557891 -2.5599889463992485 -2.5853610864164565 -2.614198442765248 -2.644978672338803 -2.6761670803380317 -2.7062884667500717 -2.7339699204594203 -2.75796185446652 -2.7771441197521956 -2.7905213496753767 -2.797207715652032 -2.7963966605047457 -2.7927222692552385 -2.7914786414680988 -2.79280165426757 -2.7966014334036116 -2.802498681821367 -2.803619912289565 -2.7910714120129043 -2.7642081977308877 -2.724233265764781 -2.6724505992800136 -2.610266235511672 -2.5391815247287104 -2.4607800079124598 -2.3767069961048297 -2.2886408313339097 -2.1986730243369674 -2.108968267048512 -2.021252758842408 -1.937659058526591 -1.8620939957552245 -1.8022129255535633 -1.7942513565983316 -1.8891795886768186
-2.496784907665794 -2.464121709238062 -2.4403013840667938 -2.426808481130712 -2.424533183521313 -2.4333971707145046 -2.4513308528463176 -2.4768820276019214 -2.508529476827469 -2.5445002269599355 -2.582951581483985 -2.6220988638973504 -2.66028942714264 -2.696035576411798 -2.7280205458582105 -2.7550878907426686 -2.776219585298904 -2.7905038060230996 -2.797091031647654 -2.7959969799156568 -2.795121596094371 -2.7966221154373656 -2.8003999581066936 -2.806053834746008 -2.8025490850359502 -2.7834213254512017 -2.7498326705715015 -2.703020720180163 -2.6443212103518734 -2.575178916563235 -2.4971496375857103 -2.411893192427558 -2.3211543337295804 -2.226726251066661 -2.1304383192498797 -2.0346702811120694 -1.941206773289164 -1.851973809480549 -1.7685510108726747 -1.710201053003759 -1.7116957951910317 -1.9045356773734348
-2.4108449219148627 -2.3716993041289354 -2.342955902570091 -2.326591596005179 -2.323805830548278 -2.3341838068188117 -2.356298251149201 -2.3878281785953064 -2.426701267026343 -2.47065226922836 -2.5174435751708053 -2.5650097823524147 -2.6115193426665724 -2.6553840797407915 -2.6952412989075354 -2.729922733634551 -2.7584157627925294 -2.7798170364486703 -2.793277518185162 -2.797941273219629 -2.7975021175334907 -2.799233262923203 -2.8031297125803762 -2.8069112766664066 -2.798047653814761 -2.773339730744161 -2.733977096709064 -2.6812276627125144 -2.6164649029611176 -2.5411873748110794 -2.4570322521959396 -2.36578206973421 -2.269360437482797 -2.169809121547672 -2.0692377769111516 -1.9700340235322333 -1.8750879404327272 -1.7873616160072798 -1.730150028107655 -1.7382775254046363 -1.8313740794638205 -2.042283896713894
-2.3214361970439734 -2.2746486565602213 -2.23992452185132 -2.2199946037281975 -2.2163745371967547 -2.228677692394857 -2.2556974886899637 -2.294423494219238 -2.3416931647992105 -2.3945890445794884 -2.4504083400743335 -2.5067975145812325 -2.561771161618342 -2.613677107579341 -2.661101583653018 -2.702432839375269 -2.736914784023802 -2.764051924544046 -2.7832925420372057 -2.7939476097972626 -2.796247482214358 -2.79902613651826 -2.8038791620143426 -2.804077026381735 -2.791033351921918 -2.761797415774841 -2.717672813981526 -2.6599488573253205 -2.590034769798994 -2.5094870296625227 -2.4200370502885367 -2.323619169088972 -2.2223952516876513 -2.1187677164225915 -2.015370268650715 -1.915075559102568 -1.821829947721042 -1.7553783700930867 -1.7621450757122306 -1.8456029304274755 -2.0125155459676773 -2.262939803217245
-2.2306763884186154 -2.174731177733951 -2.1325231975294425 -2.107978363080962 -2.1031621518638994 -2.1181757349206665 -2.1512109210925385 -2.198652110552304 -2.2557471845748993 -2.31863802220379 -2.3841248492466223 -2.449610643092293 -2.5122688029719944 -2.569745133935129 -2.6213657599144398 -2.6666503095078933 -2.705221472117616 -2.7367272638703537 -2.7607513136689534 -2.776708437184341 -2.7837611782945757 -2.78823667924063 -2.793614552531261 -2.7921057672136107 -2.778863765702801 -2.7486138510073146 -2.7018636819613087 -2.64018620037554 -2.5660762102889696 -2.4811455505688045 -2.387210480039051 -2.2863528171861693 -2.180984370530415 -2.073078740020733 -1.964772774541729 -1.8609499756971135 -1.773738017502703 -1.75953094387826 -1.8290158476945662 -1.9805841911163613 -2.212111690333318 -2.515525049120384
-2.1413302396303573 -2.0741683492277847 -2.0221514092427864 -1.9911515235377204 -1.984825854992667 -2.0039068784790173 -2.0452151921454913 -2.103171306009267 -2.1717390362453557 -2.245643702737049 -2.3205464904341744 -2.391955519566489 -2.45848568099582 -2.5193617391355554 -2.5740978078128833 -2.622392979786093 -2.6640552431281064 -2.6989314116123855 -2.726812960683996 -2.7472933657219323 -2.759605002200672 -2.766459931860244 -2.7712634108839636 -2.7688421444786737 -2.756555105511044 -2.727818835341952 -2.6826982163270543 -2.6217166199691966 -2.5455359111821685 -2.4571364562966767 -2.3595108317730458 -2.2539489901830327 -2.1405703275934194 -2.0234199033108826 -1.9075943350802336 -1.7995075058270757 -1.7452747986262611 -1.7834148737469928 -1.9117700717908197 -2.1263738517709494 -2.420372451601252 -2.782289014519966
-2.0552159449516023 -1.9739917298104748 -1.9086419420560625 -1.8681138833167281 -1.8597595136367495 -1.8852873504970165 -1.938566194398819 -2.010289569356587 -2.0923367172171616 -2.1763537132547297 -2.2568831302947 -2.3322127887676505 -2.4017471968104163 -2.4650060058722154 -2.521742266914315 -2.5718689440855735 -2.6154036549986253 -2.6524330049232856 -2.68304531990198 -2.7071398031422333 -2.7241023559426156 -2.7339731844892823 -2.738427962201502 -2.7360328129061924 -2.725442724826933 -2.6996081314069484 -2.6574629296421692 -2.5994494633264527 -2.526125605683456 -2.4381923044427682 -2.3346508072426895 -2.2190234655770125 -2.095404199367813 -1.9684921769176345 -1.844461452372339 -1.7423924010706597 -1.729233826072215 -1.814949037366926 -1.9979750013319064 -2.2725901921561524 -2.628708832726833 -3.0523714387010275
-1.9765135492982246 -1.8790181680325235 -1.7957624800749314 -1.7402889521864628 -1.7286954876821705 -1.7651530113195568 -1.8357889938901857 -1.9243557540433007 -2.0172993884335693 -2.108104337675232 -2.194018320204428 -2.2732584940294416 -2.3450795478084654 -2.409362956810413 -2.4667086509793448 -2.51727230958695 -2.5612618611258795 -2.5989936504645224 -2.6309401261908336 -2.65756208349525 -2.6785820070895157 -2.691557130957361 -2.6967821703199615 -2.6954585234377766 -2.6869195639121113 -2.6654052242018467 -2.627624743379828 -2.573932966033978 -2.5045435943957006 -2.4154237740846605 -2.3066522246533987 -2.1816496474864673 -2.0479332862099544 -1.9111584176517242 -1.7773123685562386 -1.6960132105755983 -1.7169500686851449 -1.8439350261763297 -2.0775006302315195 -2.4104133937493173 -2.828898901581565 -3.316229343387616
-1.9127432185386155 -1.7987437375136202 -1.69289997586544 -1.6117781692958342 -1.5934260425514168 -1.651459359128581 -1.7467422468070566 -1.8500627753301897 -1.9510075748635451 -2.0465145439320955 -2.135262572100658 -2.2165515116499273 -2.289718578899606 -2.3546108234619014 -2.411271569410887 -2.46073756015013 -2.503668443311769 -2.540486404292847 -2.571993174015388 -2.599726927289028 -2.6244112442361156 -2.6409104748163488 -2.6481494560693313 -2.6489591855430805 -2.6426470695226048 -2.626512489978565 -2.594508714333948 -2.546283518745837 -2.476689114159423 -2.385026982230502 -2.2733358069138094 -2.14414855111957 -2.001841068325949 -1.8550629094856528 -1.7155994648392423 -1.6564477765322116 -1.7019761681382701 -1.861525621166056 -2.141717056078526 -2.532788281465292 -3.014004760965283 -3.5652085137679053
-1.872366203569882 -1.7470602076371125 -1.621570983544268 -1.5008648839087328 -1.4608460748892809 -1.5675850689186805 -1.6851698391345278 -1.7967751024772805 -1.9009008271368635 -1.9971337203386585 -2.08531413916296 -2.1653868410604757 -2.2373600430207987 -2.301171641852525 -2.3567480872182194 -2.4042414122704336 -2.444720307456991 -2.4791977459679337 -2.5082070317722116 -2.5346330221566924 -2.5634883565703155 -2.5842756767195842 -2.594714061914086 -2.5991086082682657 -2.596622593280089 -2.5862141203793145 -2.5618397227609346 -2.515720774042143 -2.445180746778563 -2.3519953153995035 -2.2384878786056035 -2.107149265053447 -1.9608011794314395 -1.8049325672240613 -1.6685796922320149 -1.6244088409981228 -1.682392116778672 -1.8601940167869524 -2.1846121379178225 -2.6369012528544236 -3.1798645328820574 -3.791743829831117
-1.8613879459880607 -1.7362741164350486 -1.6123472812343318 -1.4976656369365886 -1.4634421367288548 -1.5579303453523914 -1.6676670396058542 -1.7733395351478094 -1.8722553892928084 -1.9636555066322696 -2.047252818514613 -2.122955673960863 -2.190794090331944 -2.250888589753504 -2.303419745746166 -2.3485474010335783 -2.386326027129268 -2.417922226555762 -2.4442953733366073 -2.4663502889487896 -2.5012004481417907 -2.526669401094911 -2.5421070842525264 -2.5516496033707514 -2.5543433466937637 -2.5491908133410646 -2.530108540415935 -2.485269395002413 -2.415664435487596 -2.3230563736248677 -2.2094850958077465 -2.077290399456613 -1.9291177183923525 -1.7679386008489213 -1.6398517726856623 -1.6075831736403075 -1.6700368922552549 -1.836565905250439 -2.212876233395608 -2.72992026630825 -3.325964509754486 -3.9889762651101996
-1.879480240171764 -1.7652934997360419 -1.6614731138272205 -1.5846225567045158 -1.567333019982583 -1.6147310469421357 -1.6934576112018243 -1.7802424111885327 -1.866031321414733 -1.947274006205426 -2.0224066700531886 -2.0907135531105285 -2.151927774944542 -2.206071156304957 -2.25337120948382 -2.294194553363958 -2.3289781962772205 -2.3582337605968053 -2.384662145418617 -2.4128459978964263 -2.4453519525020724 -2.472677366794728 -2.4928804126922746 -2.5081613324047347 -2.5170315158354546 -2.517069173854356 -2.4988542950927153 -2.4574231782840448 -2.3907044920632345 -2.3003998165623756 -2.1885479999283897 -2.0575324886145143 -1.9100881762341562 -1.7494766675440152 -1.6351824998965274 -1.6178293364566192 -1.6989592472278974 -1.8938750575812089 -2.2877338770759734 -2.8265256440683686 -3.4513727294557115 -4.148857101158602
-1.9204335402758845 -1.821188791570144 -1.7381454103062153 -1.6840142402336957 -1.6697456400664106 -1.694015523317547 -1.7455366884984598 -1.8103216942679234 -1.8791115349987886 -1.9467857674096491 -2.0105851225146454 -2.0690425263924266 -2.1214628383533203 -2.1676774937164254 -2.2079214220702394 -2.24275449044572 -2.27299104167401 -2.300791727619072 -2.3284439803101593 -2.3587548206203466 -2.3918762438280154 -2.4217467713908296 -2.4476924188479976 -2.469932120487437 -2.4863525246847735 -2.4894538222661358 -2.47198843319573 -2.4338627328023934 -2.371664456208277 -2.285298408204892 -2.176885891362807 -2.0489950207899605 -1.904699739878063 -1.7491625210940251 -1.6513928791858914 -1.652224662057802 -1.7625618847999183 -2.000861034305373 -2.390714843815963 -2.9168348904471713 -3.5465370432593675 -4.260238011562452
