_RESULTS/CROSS_VALIDATION_POSTPROCESSED_CLR/Berg/IZ/9comp/4/Berg_IZ_z_0_kriged_reverse_9comp_spherical_4.asc
ncols 100
nrows 90
xllcorner 5.6208707817415728
yllcorner 50.959635321741573
cellsize 0.00013419651685393446
nodata_value 1.7014100000000001E+038
[rows 57 to 75 of 90, columns 0 to 42 of 100]
-3.3050086319105416 -3.3134595424977507 -3.3382389332188698 -3.3777410552219584 -3.4296174200406027 -3.4911231068407607 -3.5594135896801116 -3.631743325774571 -3.7055687783811493 -3.778582490602388 -3.848706849949079 -3.91406884975747 -3.972968800700102 -4.020342887718831 -4.043097238305789 -4.045992434984915 -4.031307299151669 -4.000161927829641 -3.962703879710896 -3.926659081035961 -3.8944496318564203 -3.8684873613319795 -3.851096509309948 -3.844406544203383 -3.8502139895240552 -3.8698158075603586 -3.9038190184946604 -3.951826886903259 -4.005958501678299 -4.067659370814936 -4.176339008660278 -4.331224460474139 -4.523345039207874 -4.746259289673943 -4.997894624988593 -5.2784340012069615 -5.587477421098594 -5.923063653716281 -6.28175821580254 -6.658819917956148 -7.048128576019128 -7.441791091647911 -7.83914657024777
-3.4342672133670913 -3.4413298734557287 -3.4620979983643982 -3.495377512565993 -3.5393718998990233 -3.5919018512460856 -3.6506133489118957 -3.7131377027197603 -3.777089751667787 -3.8400834077524317 -3.9005408662837757 -3.9569062124718855 -4.007538340103274 -4.050691428624398 -4.080400723091236 -4.089814798445727 -4.081824155222421 -4.059978239894112 -4.03582401620328 -4.012457968629373 -3.9920363398004928 -3.976651748312312 -3.968259679597582 -3.968582704489037 -3.9789924719877567 -4.000371766905021 -4.032960453247023 -4.076189419998122 -4.128293860751737 -4.183237546182595 -4.275413688379456 -4.412344442465759 -4.587323177207499 -4.794999019271571 -5.032021846677514 -5.296313487617925 -5.585787230396391 -5.897503223736076 -6.227337927134293 -6.569831035614834 -6.917953248962909 -7.269602806720549 -7.624218027983029
-3.555277030229874 -3.56118390788264 -3.578584800397825 -3.606560262100895 -3.643680166230001 -3.6864558135406944 -3.7326764941712867 -3.7814501321281226 -3.8317211001732927 -3.8823003129356106 -3.9318718112076265 -3.978985889748476 -4.022047629768147 -4.059307266030969 -4.088856190246391 -4.108005426893067 -4.110180901182913 -4.103069455567042 -4.091721702707696 -4.080009683780977 -4.070229263002484 -4.064189560681597 -4.063531057982186 -4.069642254134221 -4.0835612393354195 -4.105865195156306 -4.13655311780315 -4.1749305481230055 -4.219513093573538 -4.267988596270174 -4.342892950859646 -4.4610859518654244 -4.616966872523251 -4.805625006281028 -5.023100576241963 -5.266073016414669 -5.531223707218363 -5.814653037017802 -6.111488090344951 -6.415600233484748 -6.725779568541362 -7.041874820921761 -7.354020387395866
-3.6671057744106736 -3.6720256856607216 -3.6863689272430316 -3.705892402944171 -3.7292547642372216 -3.7565516683907565 -3.787554156948222 -3.82176944227648 -3.8584815915091903 -3.896771707682778 -3.9355223420136496 -3.9734131533734534 -4.008914788497978 -4.040286446768082 -4.065580419892796 -4.083636936898188 -4.100007588713277 -4.113077969447735 -4.121763001937694 -4.126328243570136 -4.127288947899411 -4.129563189969505 -4.135620158653942 -4.1465804733028255 -4.16322857531784 -4.185927691158382 -4.214480539854762 -4.2481693813469885 -4.28581234302794 -4.3254783530326 -4.37938016338365 -4.477456261978688 -4.612196561600067 -4.778813865235268 -4.972996116130186 -5.1906836577216025 -5.427713585535073 -5.679427143545045 -5.9404860924003975 -6.212023496245496 -6.49197432181408 -6.772864432052661 -7.045167081385372
-3.7688211378212557 -3.770020059561093 -3.7725460253666765 -3.7775399352386843 -3.7858343047529948 -3.797909109304366 -3.813930667247617 -3.8337829169169146 -3.8570857304433064 -3.8831999669023043 -3.911223001736873 -3.9399806777411417 -3.9680219005640147 -3.993620812445121 -4.01478924450824 -4.031572273897791 -4.053657341889229 -4.082065751209473 -4.110935604088828 -4.135602525051603 -4.155819297800483 -4.17113988812721 -4.182661409978726 -4.195707916240913 -4.211880318895686 -4.232050515312186 -4.256515738374854 -4.284942970670701 -4.316347965993704 -4.349128264742893 -4.384732224233739 -4.457305144612148 -4.570507627321334 -4.714806055535448 -4.883726696200696 -5.073147308511224 -5.279236956114805 -5.498640886413129 -5.732906323024288 -5.977844703273829 -6.227565612888206 -6.474802635927695 -6.710785108489558
-3.8527406480981203 -3.84130179601972 -3.8300862444557717 -3.820551679447611 -3.8138355969543682 -3.810769238661339 -3.81189067299578 -3.8174506409242204 -3.827408050699141 -3.841416015228477 -3.858802874616874 -3.878554784576351 -3.8993066779509524 -3.919346769019791 -3.9379357166898012 -3.9602645703694908 -3.9874259191867543 -4.021697508512542 -4.061132664001669 -4.103306443321437 -4.140789083676831 -4.169932173972546 -4.1908197742953845 -4.204218763663062 -4.218165425246388 -4.235144298860742 -4.255488497962581 -4.278969083887359 -4.304787423685399 -4.331610748306399 -4.357658206317919 -4.4017411215804385 -4.4861670865599095 -4.60451223961453 -4.749956698433167 -4.914702200537142 -5.096991063416753 -5.294012407517891 -5.503917871105282 -5.721914643251989 -5.942187161211507 -6.157895584200736 -6.360862861656619
-3.9093638464412783 -3.8849751810461743 -3.8598482730902006 -3.8356622546529144 -3.8138409266316247 -3.7955510247873097 -3.7816951751116203 -3.7728949885135665 -3.7694628053404315 -3.7713646310536264 -3.7781806918413663 -3.7890725374799166 -3.8027657448560954 -3.8187880375759025 -3.84155822464872 -3.870658477707708 -3.904667133481891 -3.945159982368627 -3.9900820606172336 -4.034060860017139 -4.075557276661647 -4.113075212008719 -4.144825613635634 -4.167927885831269 -4.181935349857369 -4.195454669050272 -4.211673137456813 -4.230484624359342 -4.251262929114288 -4.272891381755846 -4.2938296874042035 -4.316236267855917 -4.370747752593508 -4.460761061516548 -4.581586633849322 -4.7278029013943135 -4.893818330436562 -5.073730516816986 -5.260448974135716 -5.448467276547582 -5.6351290578028745 -5.815544004097645 -5.983931825910863
-3.9396587651990544 -3.9020783156890007 -3.862811463870735 -3.823749366232082 -3.7865930262494474 -3.7528414345209917 -3.723768810776227 -3.7003866847162357 -3.683390033586665 -3.6730917210602336 -3.669354832810491 -3.671536293184302 -3.6803973171666056 -3.6994312602686525 -3.727870999150359 -3.7643318950834956 -3.807008075155179 -3.850564525341467 -3.894903049118098 -3.9391199599209497 -3.981704310926445 -4.021105825544775 -4.0557359058360785 -4.083951789703565 -4.1040287617760445 -4.115122761684973 -4.126557373207941 -4.140835616357085 -4.157442670370487 -4.175647574310261 -4.194548273306406 -4.213135812863435 -4.244664282603975 -4.312637966404624 -4.412192448149535 -4.537677230815998 -4.682151776118758 -4.835021170827016 -4.991250586207338 -5.14613455447749 -5.29646993658985 -5.442309157143685 -5.57900862143278
-3.9447698037623145 -3.8937633992247935 -3.8400910298974633 -3.7858471700236382 -3.7330054613307713 -3.683402261756857 -3.6387026644429517 -3.600343201370658 -3.5694496340303443 -3.5467352671428785 -3.532511608322534 -3.529949492498677 -3.5405491792856107 -3.563778631899046 -3.598492710719882 -3.6427099085466383 -3.6888856348550445 -3.7337759705603197 -3.777823467651794 -3.822501655097877 -3.866263703701252 -3.9075159558620243 -3.9446879951606544 -3.9762087121584737 -4.000467596705961 -4.015768070141763 -4.022736456955439 -4.032438421833498 -4.04614560707692 -4.063244768734297 -4.0829044347270305 -4.104129232112566 -4.126228651619505 -4.1715304566294185 -4.249132700544778 -4.346963439404546 -4.457581641433638 -4.577181751091537 -4.701700903718787 -4.82676776454336 -4.947670623590389 -5.060948152181222 -5.168339340236073
-3.9259481196224746 -3.8613135960850684 -3.792959120591695 -3.723170061633521 -3.6541874622012998 -3.588193816769157 -3.52727401264418 -3.47334165404723 -3.428031270342811 -3.3945135211380775 -3.3757242294496628 -3.372635750765112 -3.3854102165949094 -3.413381270272382 -3.4548274788013904 -3.5013951591061496 -3.5491376933160463 -3.5967764974834 -3.6429769669871646 -3.6883901733608147 -3.733418185164716 -3.776439890341221 -3.815934422368147 -3.850444576723843 -3.87852215173244 -3.898662403372711 -3.9092361025880105 -3.9147227380064438 -3.925777800685324 -3.942135696939058 -3.9629956922108325 -3.9873263585794287 -4.013935327193378 -4.042173364451578 -4.08590132441452 -4.147397244189696 -4.223111625331726 -4.309383135874262 -4.402409874725297 -4.498217790923456 -4.592638887674435 -4.6813132090163725 -4.76173175309917
-3.884560633094858 -3.8061602522762596 -3.72287034452453 -3.637146093833889 -3.55148370781169 -3.468417753547436 -3.390843461016912 -3.3227571332888193 -3.2673365268466688 -3.227326079706815 -3.204847189969718 -3.201148588678359 -3.2164398804048853 -3.249818874646238 -3.293335656777558 -3.3410523945134423 -3.3913936262247613 -3.442632318749621 -3.4930818015582976 -3.5412224711884615 -3.5875715375562853 -3.6321923057447725 -3.6736547587795156 -3.710669035123161 -3.742010042703561 -3.7664270840742424 -3.782547202732455 -3.789205496982726 -3.7978103633831504 -3.8137779968495678 -3.836300067285791 -3.864256707362874 -3.8934331865998844 -3.9118964166824592 -3.9225371622364458 -3.9475741951937193 -3.988330208146249 -4.041335372529224 -4.103101699554804 -4.170100800544544 -4.2387404850293064 -4.305351060906114 -4.366192529997967
-3.822509556715647 -3.7304206405471043 -3.632408338540467 -3.531280495653723 -3.430118044309907 -3.332287386108286 -3.2414151657433026 -3.161297454781434 -3.0957130743084065 -3.048124621321173 -3.021290200038984 -3.0168678067066814 -3.0351382969813923 -3.070989989087826 -3.115098662263086 -3.165395233585613 -3.2196212691933432 -3.2754745780768157 -3.330847062890732 -3.3839547880389533 -3.433385035938666 -3.479303465116846 -3.5221912515909106 -3.5609987761089785 -3.594800510216756 -3.6226808471049856 -3.6435998855302407 -3.656260622332313 -3.663684947057377 -3.6796224075801085 -3.704320445358972 -3.7336994458053523 -3.7536797318682815 -3.7632489361006476 -3.7632962346159435 -3.75689189154169 -3.7627760346916395 -3.782621402414775 -3.813294579690102 -3.8517554581619287 -3.89502334432508 -3.940138078608449 -3.9841253896048956
-3.7533207253766845 -3.6480184183981095 -3.5361818303147166 -3.420677732177702 -3.30472912718466 -3.191969793569694 -3.0864672829935005 -2.9926714242746435 -2.9152276288763153 -2.8585972903408656 -2.8264830756910766 -2.821177189924555 -2.8417366417220933 -2.8772659475278104 -2.9238265280899656 -2.9785450929460517 -3.038237493621216 -3.0998825736160676 -3.160892514747643 -3.219222243815156 -3.2733786811710672 -3.32237573572197 -3.3660789588812223 -3.4056822671656874 -3.4408317745387533 -3.471051487402863 -3.495740083497851 -3.5139782569323694 -3.5248233138967877 -3.541125787249959 -3.5671270867344043 -3.5870052005973436 -3.5973001321188574 -3.5985735760480155 -3.5914659611498543 -3.5768218792889668 -3.556020520528989 -3.542796343914002 -3.542415541015343 -3.5523696868395507 -3.570336318766423 -3.5941080118752877 -3.6215073033892686
-3.6848564676117177 -3.5666842484992918 -3.4411336299519393 -3.311055391004534 -3.1797316779652975 -3.0509885947247053 -2.929300694524513 -2.8198330575258765 -2.728317401518484 -2.6606181811876866 -2.621891379987053 -2.6154675808663788 -2.6350169987336516 -2.6721965793600577 -2.7237108222834303 -2.78520371296323 -2.852256449795421 -2.920993772141947 -2.9883313607217477 -3.0520057590082654 -3.110507698255685 -3.1629857665804 -3.2091437775372094 -3.249128243791829 -3.284132806427305 -3.3151851889913244 -3.342268698472788 -3.3649738670978087 -3.3822345559651534 -3.399665291176409 -3.417582405994944 -3.4272702236932218 -3.4289467865442176 -3.4227523714104384 -3.4089861711198295 -3.388267016928601 -3.3616188807167315 -3.3304938147502856 -3.299914659276702 -3.281101287322876 -3.2734479708208974 -3.275557407271701 -3.284976691304572
-3.6198014859007106 -3.4894148133031124 -3.3505939582496103 -3.2060766453241576 -3.059078692416812 -2.9134731293707703 -2.774010321111761 -2.646534428219215 -2.5380578236009343 -2.4564039401557483 -2.4090492828280934 -2.3994617649118335 -2.417915435231576 -2.459856342377997 -2.519706721288642 -2.5909129839017258 -2.6674790793041003 -2.7446174181241427 -2.818826256824081 -2.88773783442666 -2.949928900665723 -3.004763105194766 -3.0521789760835096 -3.0918330584612583 -3.125220366958378 -3.154327501987971 -3.181140179536303 -3.206912613477689 -3.231054186162587 -3.2480702310041814 -3.2569482701081895 -3.259064048349829 -3.253602868370022 -3.24104599413301 -3.221302986173459 -3.1947148823327804 -3.162197717005135 -3.12525592038442 -3.0859478127614075 -3.0467710033743804 -3.0122411058325524 -2.9895287750746053 -2.9782873664264855
-3.5608259991881943 -3.4192705575153237 -3.2680740400077672 -3.1097539900762285 -2.9472995556119557 -2.7844050936016713 -2.6258170466115205 -2.4778071563781423 -2.348675011303341 -2.2488534740258577 -2.1896365491311376 -2.173677397426273 -2.193987016275384 -2.2452952319555277 -2.318028218653741 -2.4024322833098912 -2.490707419629795 -2.5773167904399936 -2.6585921476556957 -2.7322227883879817 -2.7945202726716536 -2.844809467677992 -2.8848980978612606 -2.9171133804318696 -2.9441980771207605 -2.9691096869288947 -2.994626890764752 -3.0227192619471728 -3.0529494233605026 -3.0666434156807596 -3.071451782327549 -3.07307714855058 -3.0690454299851058 -3.056838399043235 -3.034327290357048 -3.0021734668380904 -2.963403597748256 -2.919300683300408 -2.8718976341422806 -2.8238411044953655 -2.7782774740175404 -2.738656785575911 -2.708413112847995
-3.5104830269039287 -3.3592584546729647 -3.1971426707414867 -3.026341698089075 -2.849455758310458 -2.669723362731842 -2.491444271726543 -2.3207074203026066 -2.1665541016155854 -2.042360884803433 -1.9652950804420932 -1.9406548610622991 -1.96777449009211 -2.0355174050695743 -2.1270000242936926 -2.2282241613455964 -2.329910911349884 -2.4263704099298096 -2.5105641726817134 -2.5790286207544706 -2.6327032554000267 -2.6732474542552485 -2.702950187497289 -2.724727448312435 -2.742139751011001 -2.759310404308394 -2.780542178823599 -2.8094226398471775 -2.840423535557593 -2.8537102536187575 -2.8582644189058617 -2.8629489701940147 -2.863805115834072 -2.857156931165439 -2.8400751790277265 -2.8105010825130075 -2.7672344121111125 -2.7138652449381113 -2.656015624143314 -2.5968187095646664 -2.5401516772184323 -2.4904732538332093 -2.4524751024531444
-3.4710732513246465 -3.312160587131145 -3.1412148597384544 -2.9600918985747278 -2.77090193596663 -2.5761967592575936 -2.379338405274591 -2.1852679955579175 -2.002174674189146 -1.8449820597323345 -1.7382374761596382 -1.7030756009976922 -1.746540923282359 -1.841653544805209 -1.9583572751818372 -2.078869232183566 -2.19265341441495 -2.2889475259702228 -2.3663986205778307 -2.425776675760969 -2.468592942333414 -2.4969340666559106 -2.513459267123526 -2.5215216570685435 -2.525384529102408 -2.5304265577652876 -2.5430039664371558 -2.569153349483087 -2.595428219469343 -2.610658231585116 -2.6194661538126853 -2.6313708065783636 -2.640483356651772 -2.641758455775693 -2.6315461629504773 -2.607444805976909 -2.568116023783718 -2.5131808136771405 -2.444460807811825 -2.371823038962031 -2.301073079616556 -2.2378352313287846 -2.1884317003857863
-3.4444881610242497 -3.2803182879880852 -3.1032539478088994 -2.9148481219312252 -2.7167544998432827 -2.5108107968498805 -2.2992191723288333 -2.0849821673104714 -1.8731138559317375 -1.674617622341649 -1.5165919340946918 -1.464558384489627 -1.54645402591504 -1.6833133576186428 -1.8284424710711087 -1.9630517029773817 -2.0753447524039776 -2.164863976340576 -2.23260635461267 -2.280183111251877 -2.3096060699403655 -2.323246162012047 -2.3239132740971202 -2.315081327421286 -2.301326324214801 -2.2890223018586466 -2.2870200727543075 -2.303016872880841 -2.323218388312107 -2.3436657721866623 -2.3628029911288233 -2.387010185344108 -2.408048890311357 -2.4196513411531395 -2.4177572607356006 -2.399846797990854 -2.3645385097741443 -2.3114328989134485 -2.241135410138238 -2.1558178580896654 -2.067633969736357 -1.9865779255192981 -1.9209907770549703
