_RESULTS/CROSS_VALIDATION_POSTPROCESSED_CLR/Berg/TZ/8comp/2/Berg_TZ_z_0_kriged_reverse_8comp_spherical_2.asc
ncols 100
nrows 90
xllcorner 5.6208707817415728
yllcorner 50.959635321741573
cellsize 0.00013419651685393446
nodata_value 1.7014100000000001E+038
[rows 57 to 75 of 90, columns 43 to 85 of 100]
-3.5079459867173375 -3.486667254157083 -3.428150818712838 -3.3275496401376286 -3.1786062282692913 -2.973657876622223 -2.7404197728996076 -2.5323540774292694 -2.3429408846113184 -2.1594015118011844 -1.9801113461255186 -1.832230771101106 -1.7466205858509314 -1.749581006488012 -1.8583528852191797 -2.097189893120807 -2.509556742704569 -3.1578902033064407 -4.126726963647491 -5.398372608503935 -6.793116914336117 -8.229465996404908 -9.675335610663977 -11.104569680930998 -12.085171818696773 -11.799097226494869 -11.393511770185608 -10.920489686697405 -10.393287556925317 -9.82556311316997 -9.235495346436458 -8.639286788088393 -8.034936708979272 -7.416495825666939 -6.78857406486111 -6.157328943398177 -5.54693842884686 -4.999645955945812 -4.535370613108849 -4.157826723071357 -3.869165220004747 -3.6713120895941036 -3.5661355878521803
-3.4360048845192344 -3.3688044741338348 -3.2664953172541735 -3.1248962569490253 -2.9399519333188877 -2.7056741649084963 -2.446059993973768 -2.2182511838786194 -2.018451060428357 -1.8425840857412226 -1.6889951522751883 -1.563322305704367 -1.502729127498493 -1.5212886885288093 -1.6340919455613645 -1.8730542313389007 -2.2618231731982132 -2.8176868076500163 -3.6544485256100856 -4.94294039375006 -6.3272271090459355 -7.733625609090343 -9.108558214089854 -10.340892490489061 -11.121506041519455 -11.24278694335382 -11.024826632673769 -10.664442386539243 -10.225252828990882 -9.736083005328117 -9.208216227254646 -8.643144758529091 -8.051220215361118 -7.439208824896282 -6.814262332987008 -6.180983107947107 -5.573062503139202 -5.023010294343867 -4.5514502299673705 -4.163160488809943 -3.861040404769676 -3.6476738791189924 -3.5277522816710083
-3.433086299086037 -3.3267643107390352 -3.1867227823148996 -3.0108119692979374 -2.7958045309459036 -2.538830044991351 -2.257800114928502 -2.0136353685280657 -1.8060627307862083 -1.632269648516429 -1.4917571787600945 -1.3869537709932853 -1.3366672462220404 -1.3755394291031373 -1.5151902884075588 -1.7709653998851613 -2.161946262556489 -2.7187261414703316 -3.536925985926494 -4.655924793775931 -5.912030572267128 -7.211035254794236 -8.457984452045247 -9.517912452911494 -10.219492451262575 -10.506601848062093 -10.482525536679677 -10.269916571841083 -9.936291149563647 -9.518673324188143 -9.038622820154954 -8.510301108417398 -7.94396404833515 -7.349617067425161 -6.735153659378324 -6.108515006694527 -5.512177224656 -4.968584308294942 -4.498966494829279 -4.108704884741193 -3.8014083189304033 -3.590726439688926 -3.5035224974133987
-3.4540831877953 -3.356677205451464 -3.1943133542044992 -2.990240673689131 -2.7517773200267728 -2.477029228797502 -2.178489598135936 -1.920015921733603 -1.7061890047591124 -1.5351306420130357 -1.4070987521873177 -1.324953165490685 -1.294716483769967 -1.345987753865514 -1.5044219510774717 -1.782524993847809 -2.197787441565427 -2.7772999665910474 -3.556698028223305 -4.531453413256834 -5.63064083948434 -6.770372861269156 -7.845864474133281 -8.756637318053196 -9.405436679019402 -9.756387905594949 -9.846670712598106 -9.74122830459565 -9.495613176628682 -9.147886806892988 -8.723081042555133 -8.238220104537325 -7.70744942776814 -7.141434203931736 -6.547260542693989 -5.940446621761062 -5.364985812568602 -4.836999729454257 -4.377965622971562 -3.998670024192987 -3.7207545107590527 -3.5553215104969547 -3.500553736312519
-3.4718554718042323 -3.397781529388695 -3.2591893467651345 -3.061461853352723 -2.810855998528295 -2.524269341720079 -2.2122595778050425 -1.938744563135434 -1.7188485251904697 -1.5497216132850076 -1.4320116989924712 -1.3686156591099872 -1.3649806912808624 -1.4301743688992898 -1.5964532565421883 -1.8837524630366311 -2.304678306642698 -2.8739300091560103 -3.600480160975895 -4.468831988832551 -5.418068085808018 -6.3764026060763115 -7.272128663906759 -8.035478102420242 -8.61014536932106 -8.970072461555782 -9.123447065592936 -9.096868064701825 -8.9270420402139 -8.645556803030106 -8.276413619734486 -7.839265606896815 -7.348272433142225 -6.813673406341449 -6.243241629114609 -5.66811040941027 -5.12151337357029 -4.6268753207832205 -4.210518249068421 -3.88379929826433 -3.6575184544259107 -3.5354466398855093 -3.5001010977030953
-3.4820090654263165 -3.434235576605486 -3.323484371553092 -3.1552611785238094 -2.9350938366266996 -2.668640488937845 -2.362765777536803 -2.0738983205752013 -1.844795313055541 -1.6754462322650077 -1.5648337469101152 -1.5153110554587137 -1.531536540050066 -1.6202804760635146 -1.7912485386184551 -2.073326295253612 -2.481468645422771 -3.0144569989283045 -3.663173496910447 -4.405227954133909 -5.201071731528789 -5.999445171524582 -6.7452851797298266 -7.386651442176244 -7.88302859097498 -8.213015486192141 -8.376166734240154 -8.38723558705049 -8.267456425005207 -8.038712163670871 -7.721314191254727 -7.331250182392001 -6.881784353900515 -6.38418958191391 -5.852798234346015 -5.333417709667468 -4.84532909029975 -4.412363241997394 -4.055942565623253 -3.7873915826098767 -3.612308245088314 -3.517340170702223 -3.5001010977030953
-3.4698296110439104 -3.4457304335546244 -3.3657715357471814 -3.23092515915412 -3.0468269703781985 -2.819185734162973 -2.5538685015773583 -2.2808155078712886 -2.059914875094197 -1.8957052033139021 -1.7925543160332635 -1.753526089161221 -1.7818527509367756 -1.8823305501544327 -2.060075723504486 -2.320038724670243 -2.678843701630263 -3.141624451947787 -3.6966574773812253 -4.322297970950601 -4.986444923132788 -5.649537048759134 -6.269484683131118 -6.806960208574117 -7.2310682365524555 -7.523513006640197 -7.679589468979344 -7.705750560182507 -7.615885978324182 -7.425519398335067 -7.1497945518308 -6.8024991227216045 -6.395836037616081 -5.940579608188621 -5.466742937506481 -5.010760600506341 -4.585495939707325 -4.218032649858836 -3.9254386245008925 -3.712319621424954 -3.5700722088940426 -3.504112975622228 -3.5001010977030953
-3.434836616241637 -3.4227530645529596 -3.37596604737166 -3.2768823756061667 -3.131153425314538 -2.944512500135101 -2.7228110821199176 -2.4776259529246696 -2.2718727159986916 -2.1221941581272494 -2.0293816869805514 -1.9958021032339976 -2.0275489144172822 -2.127804874013944 -2.2989028974723995 -2.54261665174141 -2.858964824115225 -3.2493692063359485 -3.7147386318924935 -4.23565368661729 -4.785497110593341 -5.3331103696507185 -5.845728242669199 -6.292923921119678 -6.650288085685533 -6.902424792542387 -7.043367189008716 -7.074993624377921 -7.004780858168848 -6.843214877799575 -6.601820386580275 -6.291987524255376 -5.92442984618382 -5.51505205169818 -5.1060327400421555 -4.7141182333444265 -4.354854356220973 -4.055529420740318 -3.817738241569153 -3.6415025502643648 -3.5335583777939195 -3.5001010977030953 -3.5001010977030953
-3.379113564987348 -3.371482605636838 -3.3497465857634072 -3.288377758154597 -3.182850023128769 -3.038847795063966 -2.8621149648912287 -2.6585384576560833 -2.4654179788833694 -2.328044357352891 -2.2467700663373407 -2.221751811160888 -2.253123228062985 -2.34517600367281 -2.5018915772808885 -2.7229597820888256 -3.0060222607760294 -3.3456386633353574 -3.73230377223776 -4.158417312838644 -4.607904981382831 -5.055615676088632 -5.475664335440593 -5.844122563156118 -6.141436066244014 -6.354115901901775 -6.4753094111118905 -6.504212685473885 -6.444688184603813 -6.303638333188057 -6.089582329267425 -5.811638866781291 -5.479796461308247 -5.129392545219888 -4.7842147262756285 -4.456134595252886 -4.161927443257686 -3.9126835104382356 -3.7158661157187605 -3.578771277246974 -3.5083111033226033 -3.5001010977030953 -3.5001010977030953
-3.304399736789598 -3.2983847224702916 -3.2871212635809965 -3.2605640355165018 -3.1966759568160246 -3.096544111119955 -2.9657163660209145 -2.80980271752036 -2.6398158132794043 -2.51161369864393 -2.438265613646227 -2.419025620730891 -2.452926222501431 -2.5385541334336996 -2.676365113858131 -2.870557945594134 -3.1178017625729852 -3.4118853332999564 -3.743493663667899 -4.100103642590455 -4.46630211171719 -4.826695248359217 -5.165835952166422 -5.464466492898643 -5.706427810837606 -5.879950840475601 -5.978128528362649 -5.998668999388089 -5.943112195227089 -5.81580279218387 -5.622889485948536 -5.371513708072949 -5.086878904097109 -4.79723505299549 -4.509822748146373 -4.231339439228668 -3.9840482586946293 -3.779677019620756 -3.6260540512723987 -3.530568704300617 -3.5001010977030953 -3.5001010977030953 -3.5001010977030953
-3.211925590329392 -3.2046275661299326 -3.2018189408404902 -3.191136392392124 -3.167454616380055 -3.112117470419111 -3.0278345576190793 -2.919848578952637 -2.793449677640388 -2.673318320290723 -2.604759873788546 -2.5878866416675868 -2.6207731651651693 -2.7009528570165893 -2.825127781650708 -2.9910708039962346 -3.201928456840763 -3.4520233387839365 -3.732631299049576 -4.03275124717003 -4.3392588872976905 -4.637764535500692 -4.913666105490596 -5.153326197086381 -5.34515451968311 -5.4805229086169085 -5.5539122124139615 -5.56230011069775 -5.505740749450502 -5.386755567183085 -5.208733529769239 -4.9881142279478015 -4.750114810091064 -4.503284104551295 -4.255656914610985 -4.022419788610987 -3.8225262724922393 -3.6642887509118753 -3.5554973327572506 -3.503554503145428 -3.5001010977030953 -3.5001010977030953 -3.5001010977030953
-3.1029314196507563 -3.0940411187857064 -3.094909197691748 -3.0968080571883743 -3.0928694914897465 -3.080304469115391 -3.0430193977011104 -2.9830686870549696 -2.9052088012457267 -2.8143624094160735 -2.747967531111751 -2.730697029214678 -2.7598104466351856 -2.8320063946276894 -2.943189470954268 -3.088195738515412 -3.263543988722726 -3.471567022121137 -3.7049072492316566 -3.9537383729472735 -4.206849456887651 -4.452213905274247 -4.677744629012638 -4.872122435134918 -5.025557271066535 -5.130352761033871 -5.181190103018655 -5.175114612362837 -5.111274495907964 -4.990504310614442 -4.826880412205565 -4.640607992025852 -4.439193194565867 -4.230143792957248 -4.022844766170081 -3.837803982744503 -3.685595770032032 -3.5742489225421035 -3.5114364253387063 -3.5001010977030953 -3.5001010977030953 -3.5001010977030953 -3.5001010977030953
-2.976127173144062 -2.9679815723078455 -2.9691726109642564 -2.9811664136568212 -2.99273176766745 -3.001299332044591 -3.006181332469302 -2.994317256887653 -2.9646639510416968 -2.921339526015669 -2.8702408144982665 -2.850393395626291 -2.873641944678599 -2.9360421575635587 -3.0329396163461686 -3.158770050670416 -3.306954855953513 -3.475110995292077 -3.6644080357714137 -3.8662925223884845 -4.071089775299518 -4.268597061630178 -4.448637031407999 -4.60165302073469 -4.719256265166998 -4.79464233439339 -4.822821915055578 -4.8006512797389504 -4.72704621045696 -4.6165113665497435 -4.480787009140785 -4.325941240827037 -4.158474367173081 -3.985268677638546 -3.8232098424781285 -3.6858617196911103 -3.581257416985653 -3.517164344995392 -3.5001010977030953 -3.5001010977030953 -3.5001010977030953 -3.5001010977030953 -3.5001010977030953
-2.830145460411302 -2.827533421076068 -2.8291965745283596 -2.8449329555553797 -2.871663930402595 -2.898667091835299 -2.9246496953807037 -2.949207865772788 -2.9671886398811385 -2.9708562567921146 -2.9633146833056694 -2.9503182949668902 -2.966137996479298 -3.017462946406576 -3.099287096386276 -3.205924259099383 -3.330755669005524 -3.466352550637046 -3.6144431330141367 -3.773020308391405 -3.933651221421327 -4.087562928834632 -4.226055091371791 -4.340936488169634 -4.424926623172781 -4.471968558936975 -4.477416221713557 -4.441873506712367 -4.377048043969251 -4.287117013990236 -4.176516506179469 -4.05042230881893 -3.9145055871588856 -3.7809406578890257 -3.665036279613824 -3.574592542091669 -3.517248693027227 -3.5001010977030953 -3.5001010977030953 -3.5001010977030953 -3.5001010977030953 -3.5001010977030953 -3.5001010977030953
-2.6677298145914587 -2.671172792992276 -2.676222065858912 -2.6950977330110666 -2.729885653568907 -2.775793747800016 -2.822926543691977 -2.8698128923259576 -2.9154322962455392 -2.9588259538294928 -2.995639230915479 -3.0219531912942768 -3.0413326508713387 -3.080747047194836 -3.14713027525153 -3.2346589813037783 -3.3368243115776473 -3.446389431240052 -3.5577445735989897 -3.676079769702222 -3.7959631240655893 -3.909759052283307 -4.009929170723602 -4.089358492111196 -4.141655912587211 -4.163241306960741 -4.159064520843753 -4.130351466432067 -4.078812148214561 -4.007262587879168 -3.9194362451148312 -3.819782206191744 -3.717511145549779 -3.6271359226320508 -3.556088286614244 -3.511642498939041 -3.5001010977030953 -3.5001010977030953 -3.5001010977030953 -3.5001010977030953 -3.5001010977030953 -3.5001010977030953 -3.5001010977030953
-2.491645915797482 -2.5000015407576646 -2.5114873202456813 -2.5340639671368654 -2.575465321716077 -2.633277107465445 -2.7021460854499493 -2.7723155547670952 -2.8416026734002604 -2.9085524086314933 -2.9719681064648853 -3.03088862488109 -3.08452477154398 -3.130378088568544 -3.1810246475437376 -3.249529688372622 -3.329630135343993 -3.4144539361687745 -3.496607065693908 -3.5773012095946397 -3.6592822978751736 -3.7358364958086763 -3.80066145224044 -3.8514318801856584 -3.8857846271390546 -3.901747600872234 -3.898480628017137 -3.8762788815478157 -3.8365155261533292 -3.7815354060614874 -3.7145161212688755 -3.6432498619320404 -3.5799537076566073 -3.5312207591085936 -3.5037442456792967 -3.5001010977030953 -3.5001010977030953 -3.5001010977030953 -3.5001010977030953 -3.5001010977030953 -3.5001010977030953 -3.5001010977030953 -3.5001010977030953
-2.304771602112756 -2.316552188147537 -2.335165109679232 -2.363335195683746 -2.412635267666353 -2.4809357460070434 -2.5642569628391527 -2.6575551285780428 -2.7512814448109184 -2.8421906044867953 -2.9286984160930074 -3.0095587345115025 -3.08378657357958 -3.1505672357230625 -3.2091634402948355 -3.26024583768629 -3.3171838700793925 -3.377851878116283 -3.4352408234339906 -3.485119216600563 -3.5362720111036468 -3.586277658889218 -3.630977372346049 -3.666893807610938 -3.6913628599796815 -3.7026318089042296 -3.6999139438337534 -3.683395621452207 -3.6541979062135304 -3.614317971015637 -3.571580372208132 -3.5345359483639185 -3.5087595203353974 -3.5001010977030953 -3.5001010977030953 -3.5001010977030953 -3.5001010977030953 -3.5001010977030953 -3.5001010977030953 -3.5001010977030953 -3.5001010977030953 -3.5001010977030953 -3.5001010977030953
-2.1101485795829378 -2.123486112496412 -2.1484199792724556 -2.1848309851219696 -2.2438165930794005 -2.324605677291274 -2.421941313683388 -2.5306419986020003 -2.646018433950193 -2.7611077730787525 -2.870509479769119 -2.972786222220947 -3.06682203175556 -3.1517016490225584 -3.2266039884334865 -3.290710555541562 -3.3431284465531075 -3.3834188166571932 -3.41829168573802 -3.445245117706625 -3.4709312006455835 -3.4988844878338967 -3.525413921691337 -3.547442250039273 -3.562607895305562 -3.5693413479816507 -3.5669091433770816 -3.5554223403167224 -3.536750446035849 -3.51822382380793 -3.5045254424574392 -3.5001010977030953 -3.5001010977030953 -3.5001010977030953 -3.5001010977030953 -3.5001010977030953 -3.5001010977030953 -3.5001010977030953 -3.5001010977030953 -3.5001010977030953 -3.5001010977030953 -3.5001010977030953 -3.5001010977030953
-1.910674526510359 -1.9231155151602168 -1.9535581953938057 -2.000554470108912 -2.071791169368271 -2.1676895509235177 -2.28118843978372 -2.4059073388312457 -2.53651133154333 -2.6686620673717325 -2.7987872640121516 -2.9217040939089043 -3.034563932227104 -3.1364376220892427 -3.2264900887441295 -3.3038888604554706 -3.3677322563444596 -3.416993911806853 -3.4504819219213108 -3.4668117295600283 -3.4711114268451078 -3.4782827362045623 -3.4877208983252124 -3.4966769076495163 -3.503038448247352 -3.5053901558849976 -3.5033749913407624 -3.5007325307355206 -3.5001010977030953 -3.5001010977030953 -3.5001010977030953 -3.5001010977030953 -3.5001010977030953 -3.5001010977030953 -3.5001010977030953 -3.5001010977030953 -3.5001010977030953 -3.5001010977030953 -3.5001010977030953 -3.5001010977030953 -3.5001010977030953 -3.5001010977030953 -3.5001010977030953
