_RESULTS/CROSS_VALIDATION_POSTPROCESSED_CLR/Berg/TZ/8comp/2/Berg_TZ_z_63_kriged_reverse_8comp_spherical_2.asc
ncols 100
nrows 90
xllcorner 5.6208707817415728
yllcorner 50.959635321741573
cellsize 0.00013419651685393446
nodata_value 1.7014100000000001E+038
[rows 38 to 56 of 90, columns 0 to 41 of 100]
-1.1344590284910057 -1.1574571084460508 -1.1772440534090671 -1.1932749556680382 -1.2049985447109146 -1.2117995768278813 -1.211357579280867 -1.2022664992197756 -1.1844320864610738 -1.1582392930452086 -1.1251717070173695 -1.0893931945386441 -1.052784862049054 -1.0168382475575 -0.9829390955218205 -0.9522831171220948 -0.9235754647738551 -0.8957493100502627 -0.869091199723798 -0.8437580412447053 -0.8197841644606365 -0.7970864698586967 -0.7754808703234769 -0.7553295930712908 -0.7676300315233067 -0.808191884336633 -0.8521534957462913 -0.895486071463623 -0.9365267546072543 -0.97489285504965 -1.0104644789405928 -1.043245652972431 -1.073229883956119 -1.099855591469504 -1.1224489401386495 -1.1408015171654249 -1.154549819914136 -1.1593391176950454 -1.125614632364726 -1.0462993171377521 -0.9062192729855377 -0.7076380563740196
-1.189089512788004 -1.2145062180749244 -1.2363341420253873 -1.2540648732363842 -1.2671501885629892 -1.2749011534147783 -1.2748454188738843 -1.2651401595307363 -1.2453269339717978 -1.2156378830976178 -1.1788190594133219 -1.1388982543156043 -1.097834776706944 -1.0574997571009968 -1.0195139721874207 -0.9852160239952351 -0.9553588694741962 -0.9275759931266369 -0.9014538148619735 -0.8772064864280047 -0.8549934604708447 -0.8350535631380358 -0.8182229125442912 -0.8083061860900413 -0.8179323874206553 -0.8477825493831901 -0.8857366932390336 -0.9247302113696564 -0.9609268329255265 -0.9937450572817723 -1.023184452210227 -1.0494655447122816 -1.0727903992184409 -1.0932157320218665 -1.110583212472273 -1.1241304328372315 -1.1335837142829406 -1.132893093082741 -1.09425576607803 -1.0088772988167152 -0.8615639132622688 -0.6545097455837833
-1.2452455267200429 -1.2729282734208835 -1.2966472047763422 -1.3160078720768833 -1.3305586001994096 -1.339612892811181 -1.340664708408194 -1.3310807029801384 -1.309678150028912 -1.276410965817718 -1.2354724981511047 -1.1906046716152558 -1.1445104933724095 -1.099525357212972 -1.0574836200201299 -1.0198014222172536 -0.9875953955473064 -0.96032988250848 -0.9355286885180076 -0.91343445262216 -0.8944375591170926 -0.8791891512024695 -0.8690776954182478 -0.8669346314409002 -0.8762017821778223 -0.8986245123827412 -0.929273689986697 -0.9622109735165155 -0.9920213061309127 -1.0178517155960376 -1.0399219514774347 -1.0587492653632846 -1.0747674556910025 -1.0881843982619066 -1.0989748414770741 -1.107988444539686 -1.1233017505126766 -1.122906382691877 -1.082576648669608 -0.9950509850267217 -0.8447946458849016 -0.6335903388129246
-1.301891415931273 -1.3315210002971838 -1.3567574039456454 -1.3774298860198524 -1.393343750330769 -1.4039845736752092 -1.4070784788578032 -1.3988339954367934 -1.376554222530906 -1.3395778663864857 -1.2932542977592563 -1.2422956787176718 -1.190530392748969 -1.1407247664198277 -1.0947880687179907 -1.054099093306482 -1.0197316630377993 -0.992415879279467 -0.9695165604454178 -0.9502312630644203 -0.9351104738151798 -0.924941417686242 -0.9208850909395014 -0.9243318692231172 -0.9358563327115482 -0.9547577379288344 -0.9798575409683424 -1.0064790987164636 -1.0289225967746058 -1.0464654392929598 -1.0599859496370205 -1.070501117813924 -1.0786996401927604 -1.0848865819438012 -1.090645534082646 -1.1058640590997344 -1.1295310003997592 -1.129899528309514 -1.0904846553624041 -1.0048462073709512 -0.8563370885129998 -0.6458713694673892
-1.3580172806759099 -1.3890587907166259 -1.4151132071896289 -1.4363617810712719 -1.4530796575232021 -1.46525525219468 -1.4713371753656044 -1.4665190840817288 -1.4449206650591018 -1.4033519458072874 -1.3493684774877917 -1.2909115078166435 -1.2330607773019602 -1.1786008556962082 -1.12920880934717 -1.0860643906103191 -1.0501204371871127 -1.0222335707325112 -1.0015104370281989 -0.9852919363739899 -0.9741063904827623 -0.968704129205013 -0.96991576934162 -0.9783256972858535 -0.9935355946752183 -1.013315044824425 -1.035246524344657 -1.056156742708504 -1.07037066142087 -1.0782334782539784 -1.0820770533189754 -1.083628986404968 -1.0837538865585055 -1.0838667816945649 -1.095439206662577 -1.1194491326120504 -1.1511744730931879 -1.1552129636701955 -1.119592041208847 -1.0395963483427264 -0.8974506750743865 -0.6927710827137568
-1.4127086769320643 -1.4443811929459387 -1.4701378933491698 -1.4906371660591202 -1.5068108140657825 -1.5194806186052632 -1.5285818172117986 -1.530200108201684 -1.5136106678793197 -1.4642728549580668 -1.3988756822044621 -1.3321681201516675 -1.2687675844784012 -1.2105212530411813 -1.1585495317393228 -1.1137360471672269 -1.0768837586804405 -1.0487837342587565 -1.0297464657674864 -1.0165597173572833 -1.0090128114019707 -1.0077902909663803 -1.0135425056342313 -1.0265980657318141 -1.0464087821885573 -1.0706329027586032 -1.0939187650088837 -1.1102150042419523 -1.1145720119640656 -1.110902210898345 -1.1041505442368282 -1.096553766744796 -1.0890233476795885 -1.0929250658352387 -1.1128127113241926 -1.1460726924089362 -1.1866256176436876 -1.197608674961436 -1.169296071603549 -1.0989988543504552 -0.968628453225932 -0.7754829888010581
-1.4652281522368393 -1.4965052333118007 -1.520387642794594 -1.5381558460346136 -1.5514748082373162 -1.5619419965460413 -1.5708585519175597 -1.5777208473782744 -1.5802947273906072 -1.5099861683624871 -1.4331971428350374 -1.3612684007975857 -1.2949606054455924 -1.2349332616503137 -1.1818411169362006 -1.1363624625739075 -1.099218414898238 -1.0711899813943446 -1.0530942680722077 -1.042484704169495 -1.0379683445735284 -1.0401295702458762 -1.049470837900522 -1.0663802900922117 -1.0907343616173557 -1.1212063188887123 -1.152570174505672 -1.1676625034861443 -1.1577559204990417 -1.1405613107646393 -1.1233381417636605 -1.1073672747678764 -1.0995882613141488 -1.1112262620533286 -1.139939202744567 -1.1829960304768592 -1.2337937080206276 -1.255085055514585 -1.2377089874432943 -1.1806223940519112 -1.067600305295181 -0.8919998819561383
-1.5150856038523666 -1.5447071149955849 -1.5646683069084988 -1.5771990454265281 -1.5847494945668474 -1.5892092144886405 -1.5915121003231598 -1.5899522219742122 -1.572377993604763 -1.517101783623574 -1.4464487305826612 -1.3766891314507224 -1.311445283250874 -1.2520827651752433 -1.1994943105666667 -1.1544569747536215 -1.1177389162492921 -1.090143113029335 -1.0725289279783934 -1.0636940862557598 -1.0608890129864466 -1.0647437584779136 -1.0759273374525242 -1.0949437430018716 -1.1217087633311669 -1.1561529650718996 -1.1979629056209116 -1.2200589593642759 -1.1895335022016633 -1.1613619603774878 -1.1365150148581251 -1.116320879332944 -1.115769723422396 -1.1359217407171416 -1.174084936262805 -1.2275077820633795 -1.2901324629675344 -1.325080554098372 -1.322272396206828 -1.2811081268006448 -1.190963213656337 -1.0391465281914485
-1.5620707462687116 -1.5884700663037412 -1.6018994243315767 -1.606443288601437 -1.6055622693459384 -1.601134790064222 -1.593597997258666 -1.5799623565790197 -1.5513828125158389 -1.5029674941275513 -1.4426645032975967 -1.3793887678586771 -1.3181861557261136 -1.2615401339551808 -1.2109000318142225 -1.167319669803308 -1.131707926407207 -1.10493431583891 -1.0878749959840894 -1.0801508268991713 -1.078313599649611 -1.0826117989698016 -1.0935517277519047 -1.1114779463616493 -1.1364130398470236 -1.1673435214168675 -1.1993247088423984 -1.2127505249072654 -1.1953310099595817 -1.169142600334765 -1.1420493226662427 -1.1267821094248 -1.135057298499009 -1.1645517959642206 -1.2127462379612242 -1.2770096483363222 -1.3526848017118236 -1.404487282317257 -1.4197405209138911 -1.3978262685825409 -1.334133053734529 -1.2125347753862001
-1.6062335707258284 -1.6270771235919992 -1.6304197640623423 -1.624386965086527 -1.6138649176037885 -1.6007837831940006 -1.584287046532516 -1.5616846177823458 -1.528535769786627 -1.4827913676824716 -1.4293062468664175 -1.3725952284543401 -1.3165538154714365 -1.2638131062786921 -1.2161269697729424 -1.1747764873624378 -1.1408102987542315 -1.1151697939621565 -1.098748645408598 -1.0916193498895659 -1.0900686469485277 -1.0938534339823818 -1.1032430976414722 -1.1182092938503425 -1.138105340343377 -1.1609155758171783 -1.1816442020215419 -1.1909163542221226 -1.182731718809627 -1.1637037999597313 -1.1419025597591934 -1.1377494869712523 -1.1557984730436655 -1.195177139956541 -1.2537350731852057 -1.329075620957937 -1.4181282789186938 -1.4896765120932338 -1.5261821627294863 -1.5271146095715802 -1.4914299960548298 -1.4062319021045402
-1.6478214349598261 -1.6578770253560307 -1.6463314427543323 -1.6291139545278368 -1.6103059710219194 -1.5899330376370036 -1.5666737031082305 -1.5384250747972974 -1.5029876202402603 -1.4591802727858696 -1.4104005361140037 -1.3592401976331088 -1.3083430401655423 -1.259934996800248 -1.215739214593435 -1.1771075645522657 -1.1451606000294394 -1.1208828811563043 -1.1051740408616197 -1.0983152182346398 -1.0965132538513453 -1.0991109626498767 -1.1061785339556636 -1.1174051907012639 -1.131827577562176 -1.1474274571369227 -1.1609070779528363 -1.1677339517481955 -1.1633170091613774 -1.1496339144291003 -1.1374812936424092 -1.1461085306854937 -1.1760377830268727 -1.2262213908333426 -1.2951931203138694 -1.381479219789195 -1.4828750654115563 -1.5765416320017958 -1.637009467476211 -1.6639008590712487 -1.6573869662390006 -1.6128745506696158
-1.687197837311297 -1.6678665154106724 -1.6423984188992917 -1.6180002160594902 -1.593916775684363 -1.5689939365685137 -1.54177695906168 -1.5106670646313067 -1.4743110401531547 -1.43250024004419 -1.3875782842865423 -1.3411877586662764 -1.2951011820690908 -1.2510503444221235 -1.2105513583709344 -1.1748951236119738 -1.1451964218987196 -1.1224434824769303 -1.1075251855330712 -1.1007713911629493 -1.0983599300425375 -1.0994225428860502 -1.103919264359523 -1.111449502331292 -1.1211059804680912 -1.1313771529149776 -1.1403363211889777 -1.1444617317347046 -1.1410771445388181 -1.1308337018860015 -1.1296624334237875 -1.1499258845470086 -1.1912722576516896 -1.2528268478558848 -1.3333110903026708 -1.4311364493019787 -1.5444499256612727 -1.6604325625630665 -1.7470158897528698 -1.80264860929789 -1.828444307496274 -1.8236138501440107
-1.631643821734623 -1.632085651822348 -1.6123535654066066 -1.5890353690345402 -1.564459473218133 -1.5384334565530584 -1.5101168582306597 -1.4785196810081074 -1.4428445049643974 -1.40293822045204 -1.3615993573865972 -1.3195862402671596 -1.278024379513132 -1.238228672262464 -1.2014645126530996 -1.1688933824160908 -1.1415684590413682 -1.1204491504777299 -1.1064078659708123 -1.099712433558318 -1.0964955631881885 -1.095924341847228 -1.0979464155709044 -1.1022189419107022 -1.1080608943064905 -1.1144896455907487 -1.1203176689962322 -1.121892007797712 -1.1179093493006809 -1.1104567183812764 -1.1189191464864707 -1.1491115940411416 -1.200483304657591 -1.2721804706749227 -1.3630563206613768 -1.4717075225286507 -1.5964983134349056 -1.732371518747561 -1.8469828945096936 -1.9340073184195865 -1.9940515568829869 -2.0268349811190123
-1.5588951019315016 -1.569574212838511 -1.5616163577414641 -1.5447856702192146 -1.5236073999585085 -1.4994692384365118 -1.4724938532538898 -1.4423680564884847 -1.4087687114101348 -1.3716227250296649 -1.3330499712072044 -1.2952584129131206 -1.2580700120903812 -1.222435003459001 -1.189384487439688 -1.159930146380043 -1.1350422323839624 -1.115639890407091 -1.1025797092087675 -1.0959377229613898 -1.0918264062522318 -1.0896708817954848 -1.0894756198381015 -1.0910293216061902 -1.093908914279991 -1.0975520192391566 -1.1006729113952012 -1.0998866385272024 -1.0948673070173052 -1.0895990419896524 -1.105231965796846 -1.143419810100451 -1.2030671646559603 -1.2832726226986035 -1.3829504409935498 -1.5008308426040124 -1.6354665670748711 -1.7853077077564667 -1.9291729882038162 -2.0480535171641616 -2.1428872847900027 -2.214134865372682
-1.48714488299241 -1.5010924525045604 -1.5007320059541518 -1.490677927312857 -1.474497263893297 -1.4540634318442782 -1.4301405688730984 -1.4029507859567585 -1.3725500396134305 -1.3390605018889428 -1.3034668570899 -1.2689752720911598 -1.2360638620906004 -1.2045494946513375 -1.1751960952744476 -1.148871236142152 -1.1264585150560247 -1.1088381936230438 -1.0968630795837915 -1.0902298059799203 -1.0851893876645906 -1.0815613515167655 -1.0794450522977002 -1.078782666481383 -1.0793834067032633 -1.0809912538484832 -1.0812968811090582 -1.0782883975450908 -1.0720089194948639 -1.0684933985723295 -1.0884423555197056 -1.1325330683879338 -1.198499244716718 -1.285290828674967 -1.3918357391934189 -1.5169466164256553 -1.6594212514354498 -1.8188121959549066 -1.9877875369551081 -2.1375908686156295 -2.2661132379311795 -2.374692623740028
-1.4171150316313534 -1.4321763699997947 -1.4362947531404395 -1.431638329912444 -1.4204875131415367 -1.4044759726008824 -1.3845641676902511 -1.3612663064827233 -1.3348835506480294 -1.3056767924434043 -1.2740207700800423 -1.2425999667816747 -1.212974822340694 -1.1854278336846875 -1.1597844227428236 -1.1366010656888086 -1.1166837247201549 -1.1008884330244166 -1.0900863855386287 -1.08330025726721 -1.0773088607581722 -1.0723260637135348 -1.0685617937909613 -1.0661064557219269 -1.0649602689418303 -1.0645554032666833 -1.0620509443683186 -1.0569333658932896 -1.0492856224435458 -1.0466411155748248 -1.0688489525789024 -1.1161883502937238 -1.1864041985386147 -1.2776719150899736 -1.3888975644827117 -1.5191562794507107 -1.6680403828198598 -1.8345080166132184 -2.0173511290679222 -2.195920947026817 -2.355345362766561 -2.497707180356516
-1.3494680877373895 -1.3647708755139893 -1.3716203051355145 -1.3710250514691802 -1.3643492080166455 -1.3528092716152629 -1.3372988437434645 -1.3184209854322873 -1.2965919579371443 -1.2721433552815231 -1.245396672164321 -1.2174380215852803 -1.1909824268568483 -1.1664183878025471 -1.1440331384062628 -1.1240017924068593 -1.1065810261837294 -1.0926209846079837 -1.0830413507208816 -1.0757577609700333 -1.068778970735773 -1.062536010042334 -1.0573512721638383 -1.053445802423264 -1.0509435608914262 -1.047855938860391 -1.0427750608951263 -1.0356546263723359 -1.0266021910115852 -1.0236671307935996 -1.0462840605724142 -1.0944259188187788 -1.1666345648866356 -1.2601854687444678 -1.3743213705695243 -1.508253747734815 -1.6609593043347066 -1.831375035586007 -2.018399899282223 -2.217460244936502 -2.4036343423196227 -2.5741492949485405
-1.2848177831939516 -1.2999355958783103 -1.3085132248477265 -1.310980714075518 -1.3081267380830324 -1.3007964146433488 -1.2897224473762567 -1.275479410239398 -1.2585055476681544 -1.2391452159146468 -1.2176876477770713 -1.1944058841764624 -1.1713166235831973 -1.1498293432791726 -1.1300496301305722 -1.112265798635646 -1.0969956133664571 -1.084824473101449 -1.0761687513158522 -1.0680870810108662 -1.0600561989467225 -1.0526161746283325 -1.046194331686194 -1.0411185699332255 -1.0366539040794467 -1.030757107694014 -1.0232967279482583 -1.0142850408328774 -1.0038429910368454 -0.9994053266113767 -1.0206531995426296 -1.067683917865913 -1.1397047755817593 -1.234269739374557 -1.349602706501022 -1.4846340070690556 -1.6382648463552782 -1.80935666141553 -1.9967216261230312 -2.1991099453234733 -2.406352031880308 -2.5984121468192916
-1.2237394334431086 -1.2384245998977492 -1.2481071935052408 -1.2529150625286674 -1.253286013568484 -1.2497873492161538 -1.2429855570322248 -1.233379782624483 -1.2213808731133942 -1.2073112261890038 -1.1914085968658414 -1.1738305878371749 -1.1549025830749937 -1.1367363159655182 -1.119733257821861 -1.1040138558137738 -1.0900707271702295 -1.078752995724606 -1.0698625004631248 -1.060631022745513 -1.0514529179362024 -1.0428557576343258 -1.0353524619483507 -1.0288986082712515 -1.0215750379549997 -1.0130912108063639 -1.0034376882901936 -0.9926609118887696 -0.9808909691795898 -0.9740821766889405 -0.9927044542671174 -1.0376423843293712 -1.1078614378750935 -1.201397278656564 -1.3155534987392563 -1.4491115454625834 -1.6008350848389785 -1.7694221327758801 -1.9534742039701105 -2.151448982169205 -2.361578400332518 -2.5690458659422273
